#!ascii label  , from subject ab_data vox2ras=TkReg
854
33538  -0.757  -46.570  15.621 0.0000000000
33554  -0.417  -46.440  15.012 0.0000000000
33565  -0.670  -46.306  14.389 0.0000000000
33573  -1.087  -46.385  13.974 0.0000000000
33574  -1.828  -46.539  13.726 0.0000000000
33575  -2.822  -46.609  13.703 0.0000000000
33576  -3.769  -46.512  13.608 0.0000000000
34503  -0.101  -44.512  16.548 0.0000000000
34504  -0.559  -45.195  16.167 0.0000000000
34515  0.103  -44.857  16.070 0.0000000000
34516  -0.246  -45.564  15.517 0.0000000000
34523  0.169  -45.023  15.411 0.0000000000
34524  -0.211  -45.422  14.778 0.0000000000
34525  -0.817  -45.090  14.313 0.0000000000
34526  -1.732  -45.071  14.235 0.0000000000
34527  -2.766  -45.127  14.278 0.0000000000
34528  -3.783  -45.199  14.328 0.0000000000
34529  -4.605  -45.227  14.207 0.0000000000
34531  -0.753  -45.795  14.244 0.0000000000
34532  -1.314  -45.788  14.004 0.0000000000
34533  -2.219  -45.821  13.884 0.0000000000
34534  -3.240  -45.860  13.954 0.0000000000
34535  -4.199  -45.846  13.918 0.0000000000
35469  -4.347  -43.729  22.222 0.0000000000
35470  -4.529  -43.832  22.306 0.0000000000
35492  -4.406  -43.768  21.904 0.0000000000
35493  -4.689  -43.927  22.120 0.0000000000
35512  -4.480  -43.853  21.470 0.0000000000
35513  -4.668  -43.898  21.710 0.0000000000
35560  0.095  -43.731  17.292 0.0000000000
35561  -0.037  -43.615  17.590 0.0000000000
35574  0.155  -44.103  16.665 0.0000000000
35575  -0.260  -43.963  17.220 0.0000000000
35576  -1.221  -44.184  16.642 0.0000000000
35590  0.166  -44.258  15.672 0.0000000000
35591  -0.096  -43.838  15.326 0.0000000000
35597  0.119  -44.759  15.096 0.0000000000
35598  -0.328  -44.277  14.859 0.0000000000
35599  -1.325  -44.224  14.503 0.0000000000
35600  -2.383  -44.278  14.499 0.0000000000
35601  -3.446  -44.382  14.518 0.0000000000
35602  -4.436  -44.505  14.452 0.0000000000
36479  -1.403  -43.455  24.603 0.0000000000
36480  -2.011  -43.542  24.997 0.0000000000
36481  -2.459  -43.379  25.113 0.0000000000
36499  -1.447  -43.478  24.074 0.0000000000
36500  -2.183  -43.687  24.276 0.0000000000
36501  -3.229  -43.516  24.586 0.0000000000
36502  -4.767  -43.459  24.133 0.0000000000
36515  -1.590  -43.318  23.854 0.0000000000
36516  -2.090  -43.455  23.812 0.0000000000
36517  -3.269  -43.495  23.505 0.0000000000
36518  -4.259  -43.768  23.531 0.0000000000
36519  -5.295  -43.713  23.522 0.0000000000
36538  -3.886  -43.494  22.718 0.0000000000
36539  -4.209  -43.732  22.525 0.0000000000
36540  -4.778  -43.890  22.676 0.0000000000
36541  -5.686  -43.719  22.650 0.0000000000
36554  -4.076  -43.405  22.050 0.0000000000
36555  -4.241  -43.664  21.762 0.0000000000
36556  -5.060  -43.962  21.984 0.0000000000
36557  -5.836  -43.738  21.624 0.0000000000
36571  -3.962  -43.461  21.196 0.0000000000
36572  -4.152  -43.751  21.119 0.0000000000
36573  -4.856  -43.905  21.058 0.0000000000
36586  -2.669  -43.130  19.495 0.0000000000
36587  -3.355  -43.301  20.059 0.0000000000
36588  -4.022  -43.752  20.072 0.0000000000
36589  -5.100  -43.683  19.766 0.0000000000
36605  -0.549  -43.002  18.420 0.0000000000
36606  -0.948  -43.034  18.639 0.0000000000
36607  -2.012  -43.159  19.112 0.0000000000
36608  -3.052  -43.351  19.159 0.0000000000
36609  -4.158  -43.527  18.889 0.0000000000
36625  0.081  -43.393  17.584 0.0000000000
36626  -0.365  -43.249  17.997 0.0000000000
36627  -1.060  -43.250  18.308 0.0000000000
36628  -1.986  -43.299  18.299 0.0000000000
36629  -3.138  -43.421  18.008 0.0000000000
36640  0.236  -43.480  17.049 0.0000000000
36641  -0.565  -43.430  17.818 0.0000000000
36642  -1.078  -43.539  17.606 0.0000000000
36643  -2.127  -43.548  17.198 0.0000000000
36654  0.176  -43.434  16.366 0.0000000000
36655  -0.054  -43.425  15.708 0.0000000000
36662  -0.443  -43.397  15.251 0.0000000000
36663  -1.066  -43.316  14.773 0.0000000000
36664  -2.103  -43.326  14.627 0.0000000000
36665  -3.195  -43.456  14.490 0.0000000000
36666  -4.203  -43.671  14.515 0.0000000000
37584  -0.383  -42.532  25.266 0.0000000000
37585  -0.890  -42.926  25.268 0.0000000000
37586  -1.940  -42.939  25.465 0.0000000000
37587  -2.664  -43.161  25.199 0.0000000000
37596  -0.150  -42.539  24.978 0.0000000000
37597  -0.720  -42.890  24.402 0.0000000000
37598  -2.478  -42.621  25.346 0.0000000000
37599  -3.173  -42.761  25.079 0.0000000000
37600  -4.339  -42.764  24.560 0.0000000000
37607  -1.212  -42.903  23.900 0.0000000000
37608  -1.820  -42.971  23.696 0.0000000000
37609  -2.634  -42.973  23.448 0.0000000000
37627  -3.676  -42.871  22.592 0.0000000000
37628  -3.960  -42.248  22.200 0.0000000000
37640  -3.883  -43.068  21.529 0.0000000000
37641  -4.060  -42.422  21.725 0.0000000000
37650  -3.627  -43.126  20.635 0.0000000000
37651  -3.964  -42.559  20.916 0.0000000000
37660  -2.250  -43.013  19.350 0.0000000000
37661  -2.930  -42.983  19.831 0.0000000000
37662  -3.574  -42.708  20.301 0.0000000000
37669  -0.399  -43.015  18.296 0.0000000000
37670  -0.719  -42.931  18.578 0.0000000000
37671  -1.484  -42.903  19.007 0.0000000000
37672  -2.257  -42.775  19.324 0.0000000000
37678  0.194  -43.105  17.348 0.0000000000
37679  -0.037  -42.981  17.882 0.0000000000
37680  -0.474  -42.793  18.212 0.0000000000
37681  -0.919  -42.754  18.592 0.0000000000
37685  0.222  -43.033  16.773 0.0000000000
37686  -0.044  -42.676  17.245 0.0000000000
37687  -0.232  -42.714  17.774 0.0000000000
37690  0.129  -43.037  16.451 0.0000000000
37691  -0.160  -42.713  16.236 0.0000000000
37692  -0.646  -42.212  15.872 0.0000000000
37695  -0.346  -42.991  15.600 0.0000000000
37696  -0.838  -42.504  15.313 0.0000000000
37697  -1.892  -42.398  14.666 0.0000000000
37698  -3.190  -42.327  14.197 0.0000000000
37699  -4.139  -42.891  14.248 0.0000000000
37702  -3.599  -41.986  13.449 0.0000000000
38666  -0.253  -42.122  25.489 0.0000000000
38667  -1.118  -42.084  25.805 0.0000000000
38668  -1.932  -42.007  25.549 0.0000000000
38679  0.208  -41.844  24.821 0.0000000000
38680  -0.038  -42.262  24.386 0.0000000000
38681  -2.617  -41.923  25.253 0.0000000000
38682  -3.419  -41.863  24.834 0.0000000000
38691  0.055  -41.602  24.126 0.0000000000
38692  -0.573  -42.039  23.847 0.0000000000
38693  -1.501  -42.159  23.675 0.0000000000
38694  -2.180  -42.415  23.535 0.0000000000
38709  -2.078  -41.824  23.471 0.0000000000
38710  -2.893  -41.968  23.235 0.0000000000
38711  -3.694  -41.829  22.516 0.0000000000
38720  -4.148  -41.728  21.927 0.0000000000
38726  -4.342  -41.770  21.159 0.0000000000
38733  -3.376  -42.612  19.868 0.0000000000
38734  -4.143  -42.037  20.024 0.0000000000
38743  -1.990  -42.698  19.087 0.0000000000
38744  -2.907  -42.512  19.146 0.0000000000
38745  -3.964  -41.594  18.733 0.0000000000
38761  -0.828  -42.578  18.272 0.0000000000
38762  -1.592  -42.450  18.429 0.0000000000
38763  -2.815  -41.878  17.986 0.0000000000
38764  -3.887  -41.329  17.532 0.0000000000
38777  -0.299  -42.485  17.240 0.0000000000
38778  -0.630  -42.397  17.568 0.0000000000
38779  -1.690  -41.882  17.253 0.0000000000
38780  -2.795  -41.480  16.812 0.0000000000
38781  -3.863  -41.139  16.430 0.0000000000
38785  -0.337  -42.416  16.946 0.0000000000
38786  -0.821  -42.054  16.496 0.0000000000
38787  -1.789  -41.690  16.136 0.0000000000
38788  -2.804  -41.375  15.634 0.0000000000
38789  -3.987  -41.058  15.277 0.0000000000
38793  -1.095  -41.943  15.721 0.0000000000
38794  -1.793  -41.775  15.201 0.0000000000
38795  -3.088  -41.530  14.455 0.0000000000
38796  -3.719  -41.042  14.511 0.0000000000
38799  -3.439  -41.536  13.174 0.0000000000
39834  0.013  -41.376  25.303 0.0000000000
39835  -0.501  -41.190  25.918 0.0000000000
39836  -1.574  -41.059  26.101 0.0000000000
39837  -2.092  -40.397  26.296 0.0000000000
39860  -0.031  -40.891  24.500 0.0000000000
39861  -0.182  -40.922  25.306 0.0000000000
39862  -2.185  -41.444  25.644 0.0000000000
39863  -2.659  -40.805  25.525 0.0000000000
39879  -0.366  -40.794  23.381 0.0000000000
39880  -1.144  -41.345  23.367 0.0000000000
39881  -1.672  -41.593  23.425 0.0000000000
39894  -0.609  -40.132  22.680 0.0000000000
39895  -1.148  -40.493  22.751 0.0000000000
39896  -2.077  -41.116  23.111 0.0000000000
39897  -3.179  -40.980  22.583 0.0000000000
39898  -3.876  -41.176  22.184 0.0000000000
39905  -3.674  -40.630  22.038 0.0000000000
39906  -4.240  -40.863  21.590 0.0000000000
39909  -4.554  -40.857  20.680 0.0000000000
39912  -4.607  -40.749  19.539 0.0000000000
39917  -4.762  -40.676  18.196 0.0000000000
39918  -4.940  -40.272  17.532 0.0000000000
39932  -4.578  -40.712  17.175 0.0000000000
39933  -4.945  -40.247  17.063 0.0000000000
39951  -4.740  -40.452  16.345 0.0000000000
39952  -5.032  -40.140  16.798 0.0000000000
39966  -4.731  -40.398  15.412 0.0000000000
39972  -3.613  -41.020  14.194 0.0000000000
39973  -4.310  -40.600  14.427 0.0000000000
39977  -3.582  -40.949  13.675 0.0000000000
39978  -4.262  -40.318  13.411 0.0000000000
39981  -3.460  -40.829  12.721 0.0000000000
39982  -4.119  -40.150  12.466 0.0000000000
40977  -2.074  -39.275  27.174 0.0000000000
40978  -2.298  -39.453  27.050 0.0000000000
40992  -1.066  -40.663  26.047 0.0000000000
40993  -1.754  -39.852  26.464 0.0000000000
40994  -2.586  -39.724  26.366 0.0000000000
40995  -3.282  -39.523  25.693 0.0000000000
41017  -0.358  -40.329  24.285 0.0000000000
41018  -0.769  -40.384  25.131 0.0000000000
41019  -1.751  -39.519  25.063 0.0000000000
41020  -2.951  -40.026  25.681 0.0000000000
41043  -0.305  -40.117  23.598 0.0000000000
41044  -0.485  -39.908  24.022 0.0000000000
41045  -1.026  -39.665  24.279 0.0000000000
41065  -0.421  -39.829  22.811 0.0000000000
41066  -1.151  -39.501  22.145 0.0000000000
41067  -2.347  -40.183  22.269 0.0000000000
41068  -3.229  -40.388  22.139 0.0000000000
41084  -1.392  -38.863  21.165 0.0000000000
41085  -2.193  -39.329  21.441 0.0000000000
41086  -3.546  -39.919  21.570 0.0000000000
41087  -4.338  -40.248  21.120 0.0000000000
41096  -1.473  -38.604  20.737 0.0000000000
41097  -1.947  -38.766  20.780 0.0000000000
41098  -3.054  -39.055  20.822 0.0000000000
41099  -4.256  -39.666  20.370 0.0000000000
41103  -4.754  -39.672  19.034 0.0000000000
41108  -5.004  -39.645  17.807 0.0000000000
41109  -5.069  -40.018  17.391 0.0000000000
41115  -5.066  -39.394  16.952 0.0000000000
41116  -5.098  -39.894  17.119 0.0000000000
41126  -5.079  -39.669  16.040 0.0000000000
41127  -5.111  -39.925  16.650 0.0000000000
41144  -5.020  -39.880  15.059 0.0000000000
41160  -4.922  -39.585  14.209 0.0000000000
41169  -4.700  -39.341  13.196 0.0000000000
41174  -4.485  -39.236  12.249 0.0000000000
42101  -1.982  -38.262  27.702 0.0000000000
42102  -2.211  -38.256  27.959 0.0000000000
42106  -2.092  -38.637  27.103 0.0000000000
42107  -2.553  -38.726  27.442 0.0000000000
42108  -3.248  -38.534  27.330 0.0000000000
42118  -2.279  -38.809  26.047 0.0000000000
42119  -2.771  -39.281  26.981 0.0000000000
42120  -3.573  -38.672  26.393 0.0000000000
42134  -2.498  -38.525  24.739 0.0000000000
42135  -2.941  -38.020  24.210 0.0000000000
42154  -0.435  -39.771  23.474 0.0000000000
42155  -0.725  -39.510  23.472 0.0000000000
42156  -1.634  -39.053  23.762 0.0000000000
42157  -2.574  -38.349  23.637 0.0000000000
42178  -0.434  -39.622  23.117 0.0000000000
42179  -0.892  -39.088  22.617 0.0000000000
42180  -1.912  -38.551  22.753 0.0000000000
42181  -2.745  -38.065  22.844 0.0000000000
42199  -1.198  -38.693  21.608 0.0000000000
42216  -1.376  -38.348  20.783 0.0000000000
42217  -1.586  -38.437  20.363 0.0000000000
42218  -2.440  -38.579  20.212 0.0000000000
42219  -3.449  -38.809  20.113 0.0000000000
42234  -1.320  -38.062  20.068 0.0000000000
42235  -1.782  -38.135  19.715 0.0000000000
42236  -2.986  -38.274  19.467 0.0000000000
42237  -4.106  -38.820  19.445 0.0000000000
42243  -3.781  -38.297  18.781 0.0000000000
42244  -4.519  -38.819  18.484 0.0000000000
42251  -4.101  -38.295  18.088 0.0000000000
42252  -4.649  -38.657  17.480 0.0000000000
42254  -4.846  -38.768  16.525 0.0000000000
42264  -4.902  -38.784  15.361 0.0000000000
42280  -4.597  -38.280  14.132 0.0000000000
42295  -4.456  -38.284  12.954 0.0000000000
43156  -1.249  -37.108  28.125 0.0000000000
43157  -1.701  -37.264  28.424 0.0000000000
43158  -2.132  -37.219  28.658 0.0000000000
43162  -1.239  -37.114  27.841 0.0000000000
43163  -1.722  -37.764  28.082 0.0000000000
43164  -2.707  -37.783  28.259 0.0000000000
43165  -3.933  -37.268  28.055 0.0000000000
43170  -1.266  -37.007  27.636 0.0000000000
43171  -1.659  -37.421  27.503 0.0000000000
43172  -3.067  -38.360  27.718 0.0000000000
43173  -3.713  -37.984  27.436 0.0000000000
43184  -2.295  -37.560  26.522 0.0000000000
43185  -2.731  -37.180  25.689 0.0000000000
43199  -2.647  -37.946  25.601 0.0000000000
43200  -2.987  -37.475  24.812 0.0000000000
43215  -3.262  -37.526  23.651 0.0000000000
43230  -1.417  -38.451  22.003 0.0000000000
43231  -2.237  -38.038  22.033 0.0000000000
43232  -3.123  -37.329  22.376 0.0000000000
43246  -1.499  -37.998  21.344 0.0000000000
43247  -2.469  -37.313  21.320 0.0000000000
43248  -3.124  -36.920  21.738 0.0000000000
43264  -1.614  -37.532  20.413 0.0000000000
43265  -2.267  -37.075  20.743 0.0000000000
43289  -0.772  -36.719  18.597 0.0000000000
43290  -1.163  -37.437  19.168 0.0000000000
43291  -2.130  -37.796  18.911 0.0000000000
43292  -3.050  -37.952  18.738 0.0000000000
43314  -0.613  -36.960  17.889 0.0000000000
43315  -1.547  -37.467  18.022 0.0000000000
43316  -2.733  -37.675  18.094 0.0000000000
43317  -3.508  -38.001  18.230 0.0000000000
43339  -0.882  -36.545  17.289 0.0000000000
43340  -1.372  -36.758  16.981 0.0000000000
43341  -2.434  -37.343  17.106 0.0000000000
43342  -3.737  -37.914  17.326 0.0000000000
43343  -4.430  -38.331  16.924 0.0000000000
43361  -1.531  -36.517  16.250 0.0000000000
43362  -2.085  -36.837  15.936 0.0000000000
43363  -3.307  -37.471  16.185 0.0000000000
43364  -4.295  -38.104  16.284 0.0000000000
43375  -2.052  -36.878  14.702 0.0000000000
43376  -2.989  -37.306  15.098 0.0000000000
43377  -4.074  -37.797  15.262 0.0000000000
43388  -2.863  -37.245  14.107 0.0000000000
43389  -3.714  -37.580  14.437 0.0000000000
43405  -3.782  -37.592  13.572 0.0000000000
44231  -0.327  -36.356  28.166 0.0000000000
44232  -0.804  -36.596  28.281 0.0000000000
44233  -1.617  -36.694  28.615 0.0000000000
44234  -2.493  -36.809  28.722 0.0000000000
44235  -3.163  -36.475  28.522 0.0000000000
44243  0.229  -36.165  27.855 0.0000000000
44244  -0.107  -36.358  28.000 0.0000000000
44245  -0.675  -36.707  27.895 0.0000000000
44246  -3.345  -37.029  28.552 0.0000000000
44253  0.265  -36.141  27.674 0.0000000000
44254  -0.020  -36.318  27.618 0.0000000000
44255  -0.811  -36.622  27.384 0.0000000000
44256  -1.534  -36.639  26.735 0.0000000000
44270  -2.286  -36.430  25.960 0.0000000000
44271  -2.841  -36.649  25.251 0.0000000000
44285  -2.595  -35.972  25.210 0.0000000000
44286  -3.181  -36.354  24.427 0.0000000000
44299  -3.473  -36.434  23.219 0.0000000000
44310  -3.451  -36.396  22.164 0.0000000000
44320  -2.569  -36.860  20.911 0.0000000000
44321  -2.989  -36.465  21.264 0.0000000000
44332  -1.510  -36.896  19.779 0.0000000000
44333  -2.330  -36.478  20.406 0.0000000000
44334  -2.817  -36.137  20.885 0.0000000000
44344  -0.861  -36.326  18.654 0.0000000000
44345  -1.250  -36.326  19.119 0.0000000000
44346  -1.765  -36.400  19.743 0.0000000000
44359  -0.669  -36.022  18.216 0.0000000000
44360  -0.952  -36.081  18.664 0.0000000000
44377  -0.708  -36.033  17.220 0.0000000000
44378  -0.993  -36.365  16.937 0.0000000000
44401  -0.836  -35.651  16.673 0.0000000000
44402  -1.194  -36.086  16.179 0.0000000000
44403  -1.558  -36.441  15.892 0.0000000000
44429  -1.502  -36.431  15.261 0.0000000000
45296  0.184  -35.998  28.152 0.0000000000
45297  -0.091  -36.103  28.225 0.0000000000
45298  -0.796  -35.983  28.513 0.0000000000
45299  -1.717  -36.079  28.645 0.0000000000
45300  -2.545  -36.015  28.545 0.0000000000
45309  0.347  -35.987  27.973 0.0000000000
45310  0.111  -36.164  28.073 0.0000000000
45311  -1.073  -35.499  28.460 0.0000000000
45312  -1.761  -35.416  28.313 0.0000000000
45325  0.384  -35.917  27.655 0.0000000000
45326  0.306  -35.916  27.040 0.0000000000
45327  -0.597  -36.051  26.509 0.0000000000
45328  -1.429  -35.986  26.155 0.0000000000
45348  0.036  -35.374  26.231 0.0000000000
45349  -0.777  -35.558  25.771 0.0000000000
45350  -1.795  -35.614  25.513 0.0000000000
45363  -0.324  -35.054  25.530 0.0000000000
45364  -1.033  -35.136  25.024 0.0000000000
45365  -2.299  -35.222  24.543 0.0000000000
45366  -3.123  -35.602  23.758 0.0000000000
45378  -2.666  -34.914  23.555 0.0000000000
45379  -3.283  -35.433  22.810 0.0000000000
45386  -3.306  -35.639  21.813 0.0000000000
45392  -2.766  -35.176  20.957 0.0000000000
45393  -3.007  -35.734  21.178 0.0000000000
45396  -2.496  -35.448  20.305 0.0000000000
45397  -2.746  -35.805  20.725 0.0000000000
45400  -1.638  -35.276  19.176 0.0000000000
45401  -2.020  -35.817  19.686 0.0000000000
45404  -0.794  -34.975  18.275 0.0000000000
45405  -1.118  -35.564  18.669 0.0000000000
45408  -0.529  -35.170  17.650 0.0000000000
45417  -0.612  -35.158  16.929 0.0000000000
45418  -1.089  -35.257  16.339 0.0000000000
46311  0.210  -35.774  28.141 0.0000000000
46312  -0.031  -35.595  28.256 0.0000000000
46313  -0.435  -35.329  28.338 0.0000000000
46317  0.375  -35.587  28.001 0.0000000000
46318  0.234  -34.964  28.008 0.0000000000
46319  -0.761  -34.787  28.115 0.0000000000
46326  0.450  -35.416  27.569 0.0000000000
46327  0.370  -34.816  27.057 0.0000000000
46343  -0.102  -34.509  26.085 0.0000000000
46353  -0.538  -34.403  25.042 0.0000000000
46354  -1.275  -34.584  24.387 0.0000000000
46355  -1.976  -34.565  23.922 0.0000000000
46363  -0.850  -34.059  24.275 0.0000000000
46364  -1.372  -34.085  23.686 0.0000000000
46365  -2.132  -34.338  23.269 0.0000000000
46366  -2.740  -34.669  22.871 0.0000000000
46368  -1.618  -33.926  23.021 0.0000000000
46369  -2.220  -34.161  22.454 0.0000000000
46370  -2.935  -34.863  22.165 0.0000000000
46372  -2.529  -34.449  21.501 0.0000000000
46373  -2.965  -35.155  21.525 0.0000000000
46376  -2.416  -34.565  20.584 0.0000000000
46378  -1.693  -34.493  19.319 0.0000000000
46379  -2.132  -34.804  19.760 0.0000000000
46381  -0.939  -34.221  18.433 0.0000000000
46382  -1.305  -34.581  18.790 0.0000000000
46384  -0.656  -34.229  17.935 0.0000000000
46385  -0.748  -33.953  17.422 0.0000000000
46392  -0.596  -34.550  17.316 0.0000000000
47342  -0.116  -34.223  27.487 0.0000000000
47343  -1.025  -34.066  27.480 0.0000000000
47348  -0.131  -33.848  26.753 0.0000000000
47349  -0.547  -33.428  27.025 0.0000000000
47360  -0.452  -33.563  25.828 0.0000000000
47361  -0.833  -33.077  25.434 0.0000000000
47371  -0.823  -33.535  24.805 0.0000000000
47372  -1.135  -32.924  24.959 0.0000000000
47385  -1.041  -33.419  23.835 0.0000000000
47386  -1.130  -33.626  23.202 0.0000000000
47390  -0.555  -33.159  23.018 0.0000000000
47391  -1.281  -33.548  22.453 0.0000000000
47392  -1.918  -33.765  21.781 0.0000000000
47394  -0.503  -32.964  22.198 0.0000000000
47395  -1.266  -33.134  21.454 0.0000000000
47396  -2.055  -33.774  20.977 0.0000000000
47399  -1.584  -33.244  20.426 0.0000000000
47400  -2.015  -33.972  20.093 0.0000000000
47403  -1.000  -33.105  19.160 0.0000000000
47404  -1.419  -33.633  19.374 0.0000000000
47405  -1.834  -34.210  19.631 0.0000000000
47407  -0.928  -33.412  18.610 0.0000000000
47408  -1.151  -33.949  18.764 0.0000000000
47414  -0.770  -33.363  17.887 0.0000000000
48409  -0.633  -32.821  26.462 0.0000000000
48422  -0.614  -32.741  25.919 0.0000000000
48423  -1.049  -32.463  25.464 0.0000000000
48430  -1.112  -32.963  24.343 0.0000000000
48431  -1.337  -32.282  24.626 0.0000000000
48444  -0.965  -32.365  23.627 0.0000000000
48445  -1.360  -31.880  24.099 0.0000000000
48459  -0.055  -31.524  22.329 0.0000000000
48460  -0.220  -32.121  22.584 0.0000000000
48466  0.023  -31.660  22.048 0.0000000000
48467  -0.396  -32.171  21.489 0.0000000000
48468  -1.097  -32.603  20.759 0.0000000000
48473  -0.707  -32.077  20.389 0.0000000000
48474  -1.184  -32.758  19.926 0.0000000000
48480  -0.884  -32.443  19.321 0.0000000000
48481  -1.082  -32.966  19.419 0.0000000000
48491  -0.933  -32.553  18.419 0.0000000000
48500  -0.989  -32.801  17.782 0.0000000000
49585  -0.945  -31.526  26.610 0.0000000000
49603  -0.724  -31.884  26.083 0.0000000000
49604  -1.274  -31.676  25.377 0.0000000000
49611  -1.469  -31.422  24.545 0.0000000000
49616  -0.542  -31.364  23.179 0.0000000000
49617  -1.217  -31.377  23.796 0.0000000000
49627  0.104  -31.078  22.147 0.0000000000
49628  -0.114  -31.184  22.586 0.0000000000
49638  0.022  -31.163  21.592 0.0000000000
49639  -0.321  -31.328  20.839 0.0000000000
49647  -0.632  -31.374  19.981 0.0000000000
49659  -0.895  -31.626  19.021 0.0000000000
49678  -1.028  -32.036  18.454 0.0000000000
50790  -0.656  -30.542  27.177 0.0000000000
50801  -0.838  -30.728  26.402 0.0000000000
50802  -1.118  -30.185  25.930 0.0000000000
50819  -0.982  -31.241  25.857 0.0000000000
50820  -1.362  -30.644  25.330 0.0000000000
50825  -1.372  -30.604  24.201 0.0000000000
50829  0.398  -30.064  22.564 0.0000000000
50830  -0.134  -30.406  22.976 0.0000000000
50831  -0.896  -30.560  23.539 0.0000000000
50836  0.476  -30.342  21.939 0.0000000000
50837  0.196  -30.613  22.439 0.0000000000
50846  0.061  -30.425  20.979 0.0000000000
50847  -0.314  -30.902  20.499 0.0000000000
50864  -0.191  -30.079  20.664 0.0000000000
50865  -0.613  -30.526  20.243 0.0000000000
50882  -0.758  -31.060  19.640 0.0000000000
50883  -1.116  -30.914  19.521 0.0000000000
52002  -0.466  -29.118  30.426 0.0000000000
52013  0.175  -29.005  29.978 0.0000000000
52014  -0.065  -29.185  29.900 0.0000000000
52027  0.191  -29.039  29.568 0.0000000000
52028  -0.155  -29.352  29.180 0.0000000000
52045  0.147  -29.125  28.949 0.0000000000
52046  -0.265  -29.669  28.090 0.0000000000
52066  -0.462  -29.789  27.120 0.0000000000
52067  -1.013  -29.688  26.350 0.0000000000
52084  -1.304  -29.622  25.526 0.0000000000
52096  -0.908  -29.079  24.033 0.0000000000
52097  -1.280  -29.597  24.459 0.0000000000
52110  0.189  -29.471  22.947 0.0000000000
52111  -0.638  -29.557  23.555 0.0000000000
52112  -1.137  -30.062  23.874 0.0000000000
52122  0.493  -29.419  22.345 0.0000000000
52138  0.383  -29.417  21.536 0.0000000000
52139  -0.200  -29.105  21.168 0.0000000000
52140  -1.234  -29.383  21.161 0.0000000000
52164  0.021  -29.704  20.902 0.0000000000
52165  -0.501  -29.782  20.745 0.0000000000
52166  -1.131  -30.017  20.554 0.0000000000
53188  -0.029  -28.496  34.255 0.0000000000
53189  -0.158  -28.706  34.063 0.0000000000
53206  -0.015  -28.578  33.936 0.0000000000
53207  -0.514  -28.640  33.480 0.0000000000
53225  -0.527  -28.446  33.183 0.0000000000
53226  -0.746  -28.668  32.595 0.0000000000
53243  -0.700  -28.514  32.143 0.0000000000
53244  -0.828  -28.791  31.756 0.0000000000
53262  -0.000  -28.602  30.515 0.0000000000
53263  -0.359  -28.693  31.083 0.0000000000
53280  0.251  -28.651  30.001 0.0000000000
53281  0.039  -28.953  30.371 0.0000000000
53300  0.326  -28.614  29.291 0.0000000000
53316  0.187  -28.705  28.529 0.0000000000
53317  -0.224  -28.777  27.648 0.0000000000
53335  -0.784  -28.812  26.763 0.0000000000
53336  -1.268  -28.811  25.918 0.0000000000
53355  -1.332  -28.789  25.068 0.0000000000
53370  -0.549  -28.619  23.854 0.0000000000
53371  -0.977  -28.632  24.433 0.0000000000
53383  0.341  -28.511  22.867 0.0000000000
53384  -0.109  -28.850  23.320 0.0000000000
53393  0.432  -28.685  22.162 0.0000000000
53394  -0.702  -27.704  22.208 0.0000000000
53395  -1.506  -27.965  22.366 0.0000000000
53414  0.158  -28.479  21.732 0.0000000000
53415  -0.624  -28.403  21.817 0.0000000000
54369  0.504  -27.155  36.103 0.0000000000
54370  0.035  -27.566  36.093 0.0000000000
54371  -0.969  -27.618  36.106 0.0000000000
54398  0.452  -27.116  35.458 0.0000000000
54399  0.170  -27.783  34.805 0.0000000000
54400  -0.429  -28.235  34.690 0.0000000000
54417  -0.005  -27.979  33.650 0.0000000000
54418  -0.509  -28.642  33.959 0.0000000000
54439  -0.591  -27.963  32.620 0.0000000000
54440  -1.119  -27.477  32.275 0.0000000000
54466  -0.584  -28.326  31.693 0.0000000000
54467  -0.848  -27.802  31.690 0.0000000000
54495  -0.123  -28.421  30.703 0.0000000000
54496  -0.289  -28.103  30.967 0.0000000000
54497  -1.104  -27.516  30.774 0.0000000000
54498  -1.729  -27.168  30.286 0.0000000000
54518  0.102  -28.221  30.373 0.0000000000
54519  -0.232  -27.699  30.126 0.0000000000
54520  -1.192  -27.286  29.656 0.0000000000
54521  -1.926  -27.042  29.832 0.0000000000
54539  0.299  -28.018  29.674 0.0000000000
54540  -0.272  -27.444  29.040 0.0000000000
54541  -0.943  -27.211  29.021 0.0000000000
54556  0.294  -28.062  28.933 0.0000000000
54557  -0.054  -27.763  28.104 0.0000000000
54571  -0.551  -27.645  26.898 0.0000000000
54572  -0.991  -28.070  26.173 0.0000000000
54586  -0.593  -27.355  25.713 0.0000000000
54587  -1.126  -28.064  25.354 0.0000000000
54599  0.245  -26.985  24.120 0.0000000000
54600  -0.420  -27.624  24.479 0.0000000000
54601  -1.081  -28.228  24.807 0.0000000000
54610  0.256  -27.341  23.451 0.0000000000
54611  -0.047  -28.170  23.570 0.0000000000
54623  0.246  -27.646  22.361 0.0000000000
54624  -0.338  -27.233  22.308 0.0000000000
54625  -1.150  -27.180  22.457 0.0000000000
54642  -0.004  -28.001  21.882 0.0000000000
54643  -0.208  -27.778  22.076 0.0000000000
55609  0.890  -26.494  36.842 0.0000000000
55636  0.654  -26.520  35.855 0.0000000000
55637  0.408  -26.713  35.062 0.0000000000
55655  -0.160  -26.919  34.224 0.0000000000
55656  -0.749  -26.547  33.611 0.0000000000
55668  -0.591  -27.375  33.464 0.0000000000
55669  -1.227  -26.892  32.897 0.0000000000
55685  -1.627  -26.875  31.765 0.0000000000
55686  -2.198  -26.349  31.105 0.0000000000
55703  -1.865  -26.968  30.867 0.0000000000
55704  -2.303  -26.556  30.277 0.0000000000
55710  -1.350  -27.070  29.049 0.0000000000
55711  -2.100  -26.661  29.190 0.0000000000
55714  -0.460  -27.217  28.227 0.0000000000
55715  -1.132  -26.862  28.422 0.0000000000
55716  -2.137  -26.128  28.177 0.0000000000
55719  -0.662  -26.686  27.299 0.0000000000
55720  -1.499  -26.138  27.510 0.0000000000
55721  -2.124  -25.639  27.577 0.0000000000
55728  0.227  -26.021  25.565 0.0000000000
55729  -0.210  -26.446  26.149 0.0000000000
55742  0.412  -26.030  24.881 0.0000000000
55743  -0.048  -26.661  25.230 0.0000000000
55757  0.419  -26.264  23.987 0.0000000000
55758  0.189  -26.692  24.537 0.0000000000
55768  0.186  -26.352  22.982 0.0000000000
55769  -0.316  -25.946  22.871 0.0000000000
55783  -0.017  -26.887  22.499 0.0000000000
55784  -0.642  -26.445  22.627 0.0000000000
55785  -1.704  -26.569  22.780 0.0000000000
56892  0.809  -25.589  36.339 0.0000000000
56915  0.542  -25.694  35.413 0.0000000000
56916  0.056  -25.769  34.689 0.0000000000
56935  -0.525  -25.747  34.002 0.0000000000
56936  -1.122  -25.757  33.339 0.0000000000
56950  -1.622  -25.689  32.499 0.0000000000
56962  -2.082  -25.585  31.630 0.0000000000
56963  -2.444  -25.536  30.779 0.0000000000
56975  -2.662  -25.541  29.804 0.0000000000
56986  -2.664  -25.481  28.739 0.0000000000
56989  -2.542  -25.402  27.982 0.0000000000
56992  -1.088  -25.897  26.958 0.0000000000
56993  -1.663  -25.280  26.943 0.0000000000
56994  -2.384  -25.058  27.497 0.0000000000
57008  0.049  -25.745  25.913 0.0000000000
57009  -0.592  -25.384  26.272 0.0000000000
57010  -1.271  -24.908  26.473 0.0000000000
57029  0.144  -25.251  25.352 0.0000000000
57030  -0.278  -24.861  25.642 0.0000000000
57050  0.460  -25.272  24.406 0.0000000000
57068  0.280  -25.298  23.625 0.0000000000
57069  -0.357  -25.320  23.155 0.0000000000
57070  -1.351  -25.197  23.110 0.0000000000
57089  -0.788  -25.735  22.852 0.0000000000
57090  -1.507  -25.915  22.891 0.0000000000
57091  -2.097  -26.132  23.037 0.0000000000
58166  0.922  -24.644  36.780 0.0000000000
58185  0.668  -24.527  35.701 0.0000000000
58186  0.418  -24.933  34.910 0.0000000000
58205  0.535  -24.104  34.781 0.0000000000
58206  0.092  -24.588  34.058 0.0000000000
58207  -0.622  -24.992  33.527 0.0000000000
58225  -0.291  -24.253  33.163 0.0000000000
58226  -1.049  -24.775  32.885 0.0000000000
58240  -0.614  -24.035  32.468 0.0000000000
58241  -1.429  -24.412  31.897 0.0000000000
58242  -2.123  -24.759  31.212 0.0000000000
58253  -1.784  -24.072  31.091 0.0000000000
58254  -2.347  -24.427  30.425 0.0000000000
58266  -2.673  -24.329  29.320 0.0000000000
58278  -2.763  -24.508  28.111 0.0000000000
58288  -1.674  -24.602  26.605 0.0000000000
58289  -2.241  -24.338  27.136 0.0000000000
58308  -0.609  -24.621  25.730 0.0000000000
58309  -1.204  -24.372  26.055 0.0000000000
58310  -1.837  -24.042  26.518 0.0000000000
58326  0.202  -24.637  24.652 0.0000000000
58327  -0.324  -24.252  25.076 0.0000000000
58328  -0.778  -24.218  25.566 0.0000000000
58341  0.227  -24.346  23.983 0.0000000000
58342  0.006  -24.195  24.438 0.0000000000
58354  -0.130  -24.448  23.523 0.0000000000
58355  -0.972  -24.369  23.304 0.0000000000
58356  -2.108  -24.416  23.429 0.0000000000
59537  0.730  -23.627  36.277 0.0000000000
59538  -0.058  -22.883  36.422 0.0000000000
59539  -0.968  -23.424  35.853 0.0000000000
59540  -2.025  -23.821  35.414 0.0000000000
59556  0.649  -23.255  35.245 0.0000000000
59557  -1.751  -23.240  35.141 0.0000000000
59576  0.666  -23.255  34.067 0.0000000000
59577  0.321  -23.767  33.355 0.0000000000
59598  0.678  -23.071  33.007 0.0000000000
59599  0.081  -23.588  32.632 0.0000000000
59614  0.456  -22.980  32.202 0.0000000000
59615  -0.318  -23.392  31.690 0.0000000000
59616  -1.178  -23.640  31.247 0.0000000000
59628  -0.704  -23.146  30.942 0.0000000000
59629  -1.529  -23.369  30.510 0.0000000000
59630  -2.247  -23.649  29.952 0.0000000000
59640  -1.843  -23.077  29.869 0.0000000000
59641  -2.293  -23.276  29.402 0.0000000000
59657  -2.574  -23.514  28.694 0.0000000000
59672  -2.501  -23.395  27.748 0.0000000000
59684  -1.655  -23.423  26.098 0.0000000000
59685  -2.127  -23.410  26.855 0.0000000000
59688  -0.643  -23.348  24.781 0.0000000000
59689  -0.997  -23.587  25.423 0.0000000000
59693  -0.106  -23.880  23.834 0.0000000000
59694  -0.310  -23.575  24.161 0.0000000000
59703  -0.064  -24.079  23.704 0.0000000000
59704  -0.593  -23.578  23.650 0.0000000000
59705  -1.686  -23.431  23.451 0.0000000000
60762  0.608  -23.279  36.537 0.0000000000
60763  0.444  -22.860  36.344 0.0000000000
60778  0.758  -22.484  35.797 0.0000000000
60779  0.345  -22.168  35.892 0.0000000000
60780  -0.361  -22.501  35.775 0.0000000000
60794  1.305  -21.262  34.225 0.0000000000
60795  1.195  -21.988  34.634 0.0000000000
60796  -0.189  -21.846  35.295 0.0000000000
60797  -1.034  -22.617  35.043 0.0000000000
60798  -2.061  -22.941  34.538 0.0000000000
60814  1.373  -21.403  33.673 0.0000000000
60815  1.138  -22.266  33.405 0.0000000000
60816  -0.603  -22.017  34.572 0.0000000000
60817  -1.349  -22.423  34.026 0.0000000000
60838  1.321  -21.528  32.428 0.0000000000
60839  0.900  -22.431  32.471 0.0000000000
60840  -1.966  -22.365  33.248 0.0000000000
60856  1.204  -21.570  31.562 0.0000000000
60857  0.630  -22.251  31.338 0.0000000000
60858  -0.167  -22.841  31.037 0.0000000000
60873  0.372  -21.936  30.552 0.0000000000
60874  -0.474  -22.390  30.315 0.0000000000
60875  -1.375  -22.792  30.029 0.0000000000
60888  -0.747  -21.956  29.667 0.0000000000
60889  -1.584  -22.369  29.370 0.0000000000
60890  -2.300  -22.925  29.034 0.0000000000
60910  -1.884  -22.021  28.303 0.0000000000
60911  -2.291  -22.755  28.520 0.0000000000
60924  -2.015  -22.095  27.406 0.0000000000
60925  -2.239  -22.600  27.847 0.0000000000
60931  -1.882  -22.468  26.531 0.0000000000
60932  -2.202  -22.791  27.268 0.0000000000
60934  -0.915  -22.832  25.013 0.0000000000
60935  -1.380  -22.547  25.545 0.0000000000
60938  -0.783  -22.491  24.376 0.0000000000
60939  -1.029  -22.211  24.909 0.0000000000
60944  -0.845  -22.504  23.824 0.0000000000
60945  -1.372  -22.455  23.559 0.0000000000
62020  1.016  -21.669  35.318 0.0000000000
62021  0.781  -21.855  35.668 0.0000000000
62036  1.348  -20.860  33.915 0.0000000000
62037  1.126  -21.046  34.514 0.0000000000
62038  0.620  -21.544  35.296 0.0000000000
62053  1.414  -20.778  33.147 0.0000000000
62054  0.836  -20.669  33.792 0.0000000000
62055  0.149  -21.404  34.300 0.0000000000
62056  -0.641  -21.925  34.014 0.0000000000
62069  1.467  -20.584  32.358 0.0000000000
62070  0.805  -20.514  33.389 0.0000000000
62071  0.407  -20.891  33.145 0.0000000000
62072  -0.875  -21.738  33.148 0.0000000000
62087  1.432  -20.874  31.417 0.0000000000
62088  1.132  -21.526  31.154 0.0000000000
62089  0.287  -20.652  32.584 0.0000000000
62090  -0.305  -20.939  32.371 0.0000000000
62091  -1.491  -21.214  32.040 0.0000000000
62105  1.348  -20.647  30.753 0.0000000000
62106  0.919  -21.248  30.422 0.0000000000
62107  0.228  -21.753  30.199 0.0000000000
62118  0.678  -20.915  29.726 0.0000000000
62119  -0.017  -21.409  29.509 0.0000000000
62120  -0.880  -21.723  29.360 0.0000000000
62139  -0.291  -21.001  28.855 0.0000000000
62140  -1.053  -21.296  28.742 0.0000000000
62156  -1.583  -21.338  27.708 0.0000000000
62164  -1.691  -21.532  26.820 0.0000000000
62167  -1.034  -21.109  25.292 0.0000000000
62168  -1.466  -21.532  25.946 0.0000000000
62171  -0.833  -21.416  24.557 0.0000000000
62172  -1.178  -21.752  25.228 0.0000000000
62177  -0.799  -21.475  23.854 0.0000000000
62178  -1.158  -21.483  23.539 0.0000000000
63315  1.325  -20.650  33.877 0.0000000000
63316  1.222  -20.727  34.102 0.0000000000
63333  1.243  -20.521  33.468 0.0000000000
63334  1.165  -20.589  33.852 0.0000000000
63346  1.313  -20.125  32.710 0.0000000000
63347  0.962  -20.170  33.059 0.0000000000
63348  0.558  -20.472  32.740 0.0000000000
63358  1.538  -19.930  31.908 0.0000000000
63359  0.894  -19.687  32.480 0.0000000000
63360  0.398  -20.249  32.157 0.0000000000
63361  -0.790  -20.451  31.577 0.0000000000
63362  -2.109  -20.413  31.546 0.0000000000
63375  1.409  -19.920  30.852 0.0000000000
63376  1.237  -20.486  30.414 0.0000000000
63390  1.161  -19.456  30.338 0.0000000000
63391  0.976  -20.096  29.689 0.0000000000
63392  0.536  -20.763  29.408 0.0000000000
63410  0.588  -19.847  28.817 0.0000000000
63411  0.260  -20.507  28.810 0.0000000000
63412  -0.458  -20.688  28.417 0.0000000000
63427  0.376  -19.776  28.217 0.0000000000
63428  -0.112  -20.172  27.763 0.0000000000
63429  -0.973  -20.641  27.810 0.0000000000
63441  -0.592  -20.320  26.967 0.0000000000
63442  -1.305  -20.828  26.955 0.0000000000
63446  -0.945  -20.523  25.994 0.0000000000
63447  -1.393  -21.084  26.428 0.0000000000
63451  -0.536  -20.443  24.857 0.0000000000
63461  -0.481  -20.492  23.980 0.0000000000
63462  -0.900  -20.530  23.455 0.0000000000
63463  -1.797  -20.522  23.652 0.0000000000
64743  1.124  -19.751  32.621 0.0000000000
64744  1.086  -19.562  32.483 0.0000000000
64752  1.257  -19.530  32.274 0.0000000000
64753  0.844  -19.354  31.938 0.0000000000
64754  -0.062  -19.713  31.171 0.0000000000
64755  -1.443  -19.514  31.042 0.0000000000
64756  -2.669  -19.587  31.240 0.0000000000
64766  1.242  -19.283  31.493 0.0000000000
64767  0.556  -18.968  30.726 0.0000000000
64768  -0.602  -19.013  30.580 0.0000000000
64769  -1.280  -18.949  30.656 0.0000000000
64782  1.149  -19.179  30.723 0.0000000000
64783  0.835  -18.883  29.933 0.0000000000
64800  0.473  -18.958  28.600 0.0000000000
64815  0.353  -19.272  27.150 0.0000000000
64816  -0.012  -19.976  27.024 0.0000000000
64830  0.344  -19.031  25.820 0.0000000000
64831  -0.166  -19.789  26.360 0.0000000000
64840  0.358  -18.954  24.816 0.0000000000
64841  -0.101  -19.724  25.325 0.0000000000
64853  0.218  -18.860  24.337 0.0000000000
64854  -0.061  -19.423  24.275 0.0000000000
64870  -0.663  -19.513  23.594 0.0000000000
64871  -1.593  -19.544  23.567 0.0000000000
66103  -1.716  -18.783  30.857 0.0000000000
66104  -2.477  -18.541  31.278 0.0000000000
66114  0.346  -18.335  29.940 0.0000000000
66115  -0.229  -18.341  30.149 0.0000000000
66116  -1.396  -18.367  30.282 0.0000000000
66117  -2.012  -18.390  30.829 0.0000000000
66130  0.298  -18.042  29.142 0.0000000000
66131  -0.110  -17.880  29.567 0.0000000000
66132  -0.759  -18.032  29.685 0.0000000000
66147  0.245  -17.851  28.205 0.0000000000
66160  0.289  -18.036  27.352 0.0000000000
66169  0.405  -18.112  26.234 0.0000000000
66172  0.469  -18.115  25.165 0.0000000000
66180  0.268  -18.233  24.261 0.0000000000
66181  0.105  -18.753  24.096 0.0000000000
66193  0.058  -17.874  23.862 0.0000000000
66194  -0.289  -18.393  23.683 0.0000000000
66195  -1.430  -18.516  23.538 0.0000000000
66196  -2.468  -18.579  23.899 0.0000000000
67404  -1.895  -17.788  30.108 0.0000000000
67420  -0.150  -17.599  28.978 0.0000000000
67421  -0.733  -17.647  29.124 0.0000000000
67422  -1.485  -17.659  29.536 0.0000000000
67441  -0.014  -17.426  28.380 0.0000000000
67442  -0.606  -17.324  28.515 0.0000000000
67474  0.485  -17.156  25.490 0.0000000000
67487  0.285  -17.165  24.471 0.0000000000
67488  -0.007  -16.649  24.023 0.0000000000
67507  0.154  -17.625  24.048 0.0000000000
67508  -0.258  -17.203  23.763 0.0000000000
67509  -1.282  -17.428  23.518 0.0000000000
67510  -2.375  -17.586  23.748 0.0000000000
68725  -1.140  -16.334  23.426 0.0000000000
68726  -2.245  -16.478  23.600 0.0000000000
