#!ascii label  , from subject ab_data vox2ras=TkReg
609
119782  -36.823  29.778  -11.956 0.0000000000
119783  -37.072  29.725  -11.960 0.0000000000
119798  -36.518  29.754  -12.499 0.0000000000
119799  -37.305  29.777  -12.523 0.0000000000
120576  -37.329  30.686  -9.945 0.0000000000
120577  -37.557  30.616  -9.946 0.0000000000
120578  -37.965  30.578  -9.928 0.0000000000
120588  -37.212  30.554  -10.325 0.0000000000
120589  -37.604  30.333  -10.595 0.0000000000
120590  -38.096  30.554  -10.573 0.0000000000
120604  -35.053  30.889  -11.868 0.0000000000
120605  -35.590  30.687  -11.783 0.0000000000
120606  -36.742  30.164  -11.466 0.0000000000
120607  -37.712  29.931  -11.530 0.0000000000
120608  -38.126  30.567  -11.511 0.0000000000
120623  -34.771  30.544  -12.252 0.0000000000
120624  -35.956  30.165  -12.230 0.0000000000
120625  -36.469  29.981  -12.061 0.0000000000
120626  -37.878  30.285  -12.406 0.0000000000
120627  -38.106  30.674  -12.072 0.0000000000
121410  -37.483  31.380  -8.995 0.0000000000
121411  -37.992  31.411  -8.775 0.0000000000
121412  -38.387  31.726  -8.758 0.0000000000
121421  -36.526  31.423  -10.046 0.0000000000
121422  -37.120  31.067  -9.681 0.0000000000
121423  -37.780  30.968  -9.428 0.0000000000
121424  -38.331  31.340  -9.481 0.0000000000
121434  -35.241  31.938  -11.033 0.0000000000
121435  -35.806  31.718  -10.579 0.0000000000
121436  -36.643  30.910  -10.624 0.0000000000
121437  -38.154  31.564  -10.821 0.0000000000
121438  -38.263  31.377  -10.571 0.0000000000
121447  -33.416  31.698  -11.902 0.0000000000
121448  -34.832  31.520  -11.594 0.0000000000
121449  -36.096  30.963  -11.235 0.0000000000
121450  -36.558  30.652  -11.105 0.0000000000
121451  -38.024  31.432  -11.266 0.0000000000
121452  -38.190  30.971  -11.716 0.0000000000
121457  -33.996  31.010  -12.117 0.0000000000
121458  -34.507  30.994  -11.952 0.0000000000
121462  -38.081  30.919  -12.119 0.0000000000
122224  -36.753  32.606  -7.621 0.0000000000
122225  -37.799  32.525  -7.781 0.0000000000
122226  -38.598  32.714  -8.044 0.0000000000
122227  -38.761  33.187  -8.160 0.0000000000
122228  -38.987  33.589  -8.244 0.0000000000
122234  -36.487  32.294  -8.303 0.0000000000
122235  -37.392  31.871  -8.266 0.0000000000
122236  -38.244  31.984  -8.266 0.0000000000
122237  -38.856  32.338  -8.633 0.0000000000
122238  -39.302  33.206  -8.583 0.0000000000
122239  -39.822  33.246  -8.915 0.0000000000
122249  -36.296  32.057  -9.370 0.0000000000
122250  -36.957  31.652  -8.853 0.0000000000
122251  -38.903  32.383  -9.421 0.0000000000
122252  -39.420  32.879  -8.911 0.0000000000
122253  -39.638  32.917  -9.071 0.0000000000
122260  -34.194  32.742  -10.984 0.0000000000
122261  -34.938  32.429  -10.729 0.0000000000
122262  -35.579  32.460  -9.950 0.0000000000
122263  -37.485  32.558  -10.840 0.0000000000
122264  -38.057  32.084  -10.600 0.0000000000
122265  -38.653  32.331  -10.025 0.0000000000
122273  -33.747  32.442  -11.423 0.0000000000
122274  -34.436  32.323  -11.238 0.0000000000
122276  -36.936  32.434  -11.462 0.0000000000
122277  -37.572  31.848  -11.413 0.0000000000
122283  -37.259  31.795  -11.911 0.0000000000
123055  -34.365  33.900  -6.655 0.0000000000
123056  -35.086  33.781  -6.647 0.0000000000
123057  -35.501  33.916  -6.824 0.0000000000
123063  -34.163  33.623  -7.165 0.0000000000
123064  -34.934  33.320  -6.997 0.0000000000
123065  -35.953  33.471  -7.171 0.0000000000
123066  -37.269  33.304  -7.538 0.0000000000
123067  -38.324  33.332  -7.822 0.0000000000
123068  -38.913  33.603  -7.828 0.0000000000
123069  -39.454  34.250  -8.037 0.0000000000
123070  -39.807  34.116  -8.362 0.0000000000
123077  -34.118  33.627  -7.553 0.0000000000
123078  -34.722  33.333  -7.754 0.0000000000
123079  -35.754  32.983  -7.667 0.0000000000
123080  -39.359  33.663  -8.467 0.0000000000
123081  -39.692  33.729  -8.610 0.0000000000
123089  -35.024  33.365  -8.802 0.0000000000
123090  -35.667  32.809  -8.462 0.0000000000
123091  -39.222  33.158  -9.668 0.0000000000
123092  -39.649  33.202  -9.137 0.0000000000
123093  -39.737  33.429  -8.986 0.0000000000
123100  -33.310  33.668  -10.666 0.0000000000
123101  -34.229  33.358  -10.407 0.0000000000
123102  -35.039  33.124  -9.785 0.0000000000
123103  -35.563  32.791  -9.249 0.0000000000
123104  -36.986  33.467  -10.628 0.0000000000
123105  -37.978  33.178  -10.324 0.0000000000
123106  -38.599  32.892  -10.085 0.0000000000
123114  -33.684  33.088  -10.992 0.0000000000
123862  -33.168  34.925  -6.648 0.0000000000
123863  -33.984  34.675  -6.540 0.0000000000
123864  -34.700  34.447  -6.571 0.0000000000
123865  -35.273  34.377  -6.714 0.0000000000
123871  -33.008  34.599  -7.217 0.0000000000
123872  -33.646  34.193  -6.872 0.0000000000
123873  -35.907  34.328  -7.130 0.0000000000
123874  -36.816  34.152  -7.535 0.0000000000
123875  -38.033  34.281  -7.873 0.0000000000
123876  -38.991  34.096  -7.926 0.0000000000
123877  -39.712  34.312  -7.972 0.0000000000
123878  -39.943  34.289  -8.179 0.0000000000
123884  -33.012  34.581  -7.675 0.0000000000
123885  -33.588  34.112  -7.764 0.0000000000
123886  -34.120  33.629  -7.805 0.0000000000
123887  -38.577  34.937  -7.912 0.0000000000
123888  -39.083  34.714  -7.866 0.0000000000
123889  -39.506  34.535  -7.853 0.0000000000
123890  -40.042  34.170  -8.475 0.0000000000
123897  -33.178  34.825  -9.510 0.0000000000
123898  -33.819  34.368  -8.915 0.0000000000
123899  -34.257  33.734  -8.376 0.0000000000
123900  -39.345  33.780  -9.685 0.0000000000
123901  -39.833  33.964  -9.375 0.0000000000
123902  -40.030  33.746  -8.868 0.0000000000
123912  -33.785  34.264  -9.981 0.0000000000
123913  -34.437  33.804  -9.385 0.0000000000
123916  -37.847  34.322  -10.214 0.0000000000
123917  -38.889  33.869  -9.943 0.0000000000
123918  -39.453  34.050  -9.663 0.0000000000
124721  -31.860  36.224  -5.970 0.0000000000
124722  -32.221  36.360  -6.026 0.0000000000
124729  -31.780  35.653  -6.434 0.0000000000
124730  -32.565  35.811  -6.306 0.0000000000
124731  -33.575  35.571  -6.556 0.0000000000
124732  -34.619  35.427  -6.702 0.0000000000
124733  -35.027  34.845  -6.659 0.0000000000
124739  -31.809  35.431  -7.257 0.0000000000
124740  -32.383  35.101  -6.840 0.0000000000
124741  -35.169  35.810  -7.140 0.0000000000
124742  -35.521  35.187  -7.111 0.0000000000
124743  -36.622  35.137  -7.727 0.0000000000
124744  -37.332  34.702  -7.816 0.0000000000
124745  -40.052  34.655  -7.922 0.0000000000
124746  -40.081  34.446  -8.028 0.0000000000
124753  -31.908  35.473  -7.782 0.0000000000
124754  -32.455  35.077  -7.877 0.0000000000
124755  -33.010  34.587  -7.941 0.0000000000
124756  -37.212  35.765  -8.038 0.0000000000
124757  -37.955  35.340  -8.035 0.0000000000
124758  -39.145  35.416  -7.906 0.0000000000
124759  -39.916  35.043  -7.788 0.0000000000
124760  -40.198  34.779  -8.214 0.0000000000
124767  -32.626  35.378  -9.060 0.0000000000
124768  -33.095  34.710  -8.510 0.0000000000
124769  -40.079  35.058  -9.313 0.0000000000
124770  -40.268  34.493  -8.825 0.0000000000
124783  -38.736  35.071  -10.109 0.0000000000
124784  -39.493  34.616  -9.689 0.0000000000
125544  -30.631  36.909  -5.821 0.0000000000
125545  -31.388  36.859  -5.792 0.0000000000
125546  -32.014  36.865  -5.890 0.0000000000
125551  -30.685  36.692  -6.684 0.0000000000
125552  -31.254  36.314  -6.182 0.0000000000
125553  -32.556  36.765  -6.217 0.0000000000
125554  -33.243  36.506  -6.499 0.0000000000
125555  -34.043  36.397  -6.803 0.0000000000
125561  -30.788  36.601  -7.681 0.0000000000
125562  -31.279  36.044  -6.988 0.0000000000
125563  -34.862  36.529  -7.467 0.0000000000
125564  -35.613  36.023  -7.586 0.0000000000
125565  -36.038  35.627  -7.661 0.0000000000
125572  -30.823  36.589  -8.667 0.0000000000
125573  -31.485  35.938  -8.009 0.0000000000
125574  -31.941  35.528  -8.071 0.0000000000
125575  -35.064  37.036  -8.129 0.0000000000
125576  -35.582  36.717  -8.161 0.0000000000
125577  -36.542  36.238  -8.127 0.0000000000
125578  -37.784  36.330  -8.257 0.0000000000
125579  -38.937  36.259  -8.120 0.0000000000
125580  -39.927  36.149  -7.858 0.0000000000
125581  -40.364  35.889  -8.207 0.0000000000
125590  -31.393  36.236  -9.105 0.0000000000
125591  -32.003  35.722  -8.639 0.0000000000
125592  -40.256  36.129  -9.379 0.0000000000
125593  -40.457  35.512  -8.781 0.0000000000
125608  -38.720  36.310  -10.717 0.0000000000
125609  -39.606  35.688  -9.896 0.0000000000
126326  -29.077  38.170  -4.948 0.0000000000
126327  -29.322  38.101  -4.970 0.0000000000
126333  -28.675  38.238  -5.340 0.0000000000
126334  -28.972  38.106  -5.223 0.0000000000
126335  -29.855  37.619  -5.304 0.0000000000
126336  -30.911  37.561  -5.468 0.0000000000
126337  -31.668  37.568  -5.728 0.0000000000
126343  -28.666  38.185  -5.618 0.0000000000
126344  -29.077  37.811  -6.076 0.0000000000
126345  -29.944  37.247  -6.340 0.0000000000
126346  -32.351  37.673  -6.103 0.0000000000
126347  -33.092  37.516  -6.531 0.0000000000
126348  -33.652  37.098  -6.811 0.0000000000
126354  -29.437  37.786  -7.128 0.0000000000
126355  -30.169  37.263  -7.406 0.0000000000
126356  -33.646  37.803  -7.113 0.0000000000
126357  -34.136  37.211  -7.319 0.0000000000
126367  -30.274  37.197  -8.451 0.0000000000
126368  -33.984  37.878  -7.727 0.0000000000
126369  -34.588  37.528  -8.115 0.0000000000
126370  -35.400  37.507  -8.504 0.0000000000
126371  -36.297  37.293  -8.600 0.0000000000
126372  -37.410  37.208  -8.543 0.0000000000
126373  -38.629  37.188  -8.379 0.0000000000
126374  -39.733  37.097  -8.188 0.0000000000
126375  -40.374  36.971  -8.331 0.0000000000
126383  -40.361  36.751  -9.422 0.0000000000
126384  -40.610  36.787  -8.916 0.0000000000
126393  -38.984  37.393  -10.803 0.0000000000
126394  -39.885  36.919  -10.018 0.0000000000
126395  -40.382  37.121  -9.429 0.0000000000
127087  -27.797  39.059  -4.524 0.0000000000
127088  -28.150  38.875  -4.590 0.0000000000
127089  -28.946  38.443  -4.744 0.0000000000
127090  -29.766  38.430  -4.829 0.0000000000
127099  -27.613  38.906  -4.823 0.0000000000
127100  -28.333  38.435  -5.250 0.0000000000
127101  -28.748  38.271  -5.045 0.0000000000
127102  -30.537  38.361  -5.136 0.0000000000
127103  -31.350  38.405  -5.571 0.0000000000
127104  -31.917  38.196  -5.897 0.0000000000
127112  -27.073  39.074  -5.918 0.0000000000
127113  -28.208  38.452  -6.344 0.0000000000
127114  -28.803  38.235  -6.973 0.0000000000
127115  -31.807  38.759  -5.987 0.0000000000
127116  -32.283  38.594  -6.307 0.0000000000
127117  -32.751  38.208  -6.472 0.0000000000
127127  -32.654  38.714  -6.735 0.0000000000
127128  -33.121  38.448  -6.997 0.0000000000
127137  -33.583  38.481  -7.673 0.0000000000
127138  -34.181  38.472  -8.230 0.0000000000
127139  -35.074  38.472  -8.702 0.0000000000
127140  -35.992  38.168  -8.902 0.0000000000
127141  -36.990  38.100  -8.844 0.0000000000
127142  -38.234  38.168  -8.656 0.0000000000
127143  -39.440  38.004  -8.417 0.0000000000
127144  -40.309  37.930  -8.473 0.0000000000
127153  -37.536  38.895  -9.000 0.0000000000
127154  -38.453  38.979  -8.817 0.0000000000
127155  -40.639  37.909  -8.790 0.0000000000
127165  -38.921  37.866  -10.792 0.0000000000
127166  -39.423  38.025  -10.477 0.0000000000
127167  -40.438  37.985  -9.494 0.0000000000
127181  -38.498  38.156  -11.246 0.0000000000
127182  -39.220  38.825  -10.846 0.0000000000
127808  -25.887  39.924  -3.534 0.0000000000
127809  -26.768  40.019  -3.692 0.0000000000
127810  -27.250  40.182  -3.840 0.0000000000
127823  -25.548  39.547  -4.313 0.0000000000
127824  -26.497  39.547  -4.200 0.0000000000
127825  -27.583  39.561  -4.261 0.0000000000
127826  -28.705  39.434  -4.434 0.0000000000
127827  -29.545  39.243  -4.652 0.0000000000
127828  -30.271  39.210  -4.897 0.0000000000
127837  -26.136  39.350  -4.992 0.0000000000
127838  -26.918  39.228  -4.895 0.0000000000
127839  -30.914  39.226  -5.380 0.0000000000
127840  -31.482  39.308  -5.876 0.0000000000
127846  -26.541  39.247  -5.442 0.0000000000
127847  -31.956  39.337  -6.345 0.0000000000
127848  -32.384  39.272  -6.799 0.0000000000
127853  -32.726  39.114  -7.170 0.0000000000
127854  -33.123  39.167  -7.623 0.0000000000
127860  -39.142  38.700  -8.617 0.0000000000
127861  -40.160  38.818  -8.577 0.0000000000
127862  -40.790  38.719  -8.847 0.0000000000
127872  -39.296  39.455  -8.755 0.0000000000
127873  -40.389  39.544  -8.663 0.0000000000
127874  -40.962  38.840  -9.005 0.0000000000
127889  -39.929  38.987  -10.210 0.0000000000
127890  -40.653  39.302  -9.449 0.0000000000
127908  -38.666  39.315  -11.331 0.0000000000
127909  -39.437  39.615  -10.782 0.0000000000
128579  -26.239  40.666  -3.322 0.0000000000
128580  -26.991  40.698  -3.615 0.0000000000
128591  -27.620  40.611  -3.982 0.0000000000
128592  -28.405  40.413  -4.310 0.0000000000
128593  -29.441  40.355  -4.717 0.0000000000
128594  -29.966  39.777  -4.863 0.0000000000
128601  -29.869  40.939  -5.143 0.0000000000
128602  -30.484  40.341  -5.454 0.0000000000
128603  -31.148  39.802  -5.738 0.0000000000
128605  -30.842  40.848  -6.199 0.0000000000
128606  -31.524  40.311  -6.487 0.0000000000
128607  -32.124  39.765  -6.774 0.0000000000
128621  -40.959  39.321  -8.787 0.0000000000
128622  -41.080  39.173  -8.938 0.0000000000
128635  -40.987  40.017  -8.744 0.0000000000
128636  -41.255  39.748  -9.078 0.0000000000
128652  -40.223  40.138  -10.258 0.0000000000
128653  -40.869  40.052  -9.509 0.0000000000
128668  -38.947  40.211  -11.171 0.0000000000
128669  -39.522  40.205  -10.757 0.0000000000
129371  -28.811  41.152  -4.598 0.0000000000
129379  -30.029  41.484  -5.515 0.0000000000
129399  -41.611  41.685  -8.769 0.0000000000
129400  -41.997  41.905  -8.796 0.0000000000
129417  -41.422  41.003  -9.087 0.0000000000
129418  -42.188  41.739  -9.177 0.0000000000
129419  -42.401  41.988  -9.532 0.0000000000
129436  -40.103  41.328  -10.449 0.0000000000
129437  -41.065  41.019  -9.742 0.0000000000
129438  -42.101  41.572  -9.709 0.0000000000
129439  -42.362  41.769  -9.650 0.0000000000
129455  -38.607  41.107  -11.360 0.0000000000
129456  -39.441  40.875  -10.794 0.0000000000
130219  -42.129  42.632  -8.810 0.0000000000
130238  -42.159  42.146  -8.878 0.0000000000
130239  -42.378  42.429  -9.232 0.0000000000
130254  -39.943  41.861  -10.578 0.0000000000
130255  -40.443  41.937  -10.484 0.0000000000
130256  -41.551  42.340  -10.540 0.0000000000
130257  -42.474  42.378  -9.930 0.0000000000
130274  -38.240  41.847  -11.667 0.0000000000
130275  -39.414  42.184  -11.109 0.0000000000
130276  -40.502  42.663  -10.996 0.0000000000
130277  -41.060  42.954  -11.171 0.0000000000
130294  -38.578  42.546  -11.922 0.0000000000
130295  -39.135  42.701  -11.759 0.0000000000
131077  -42.359  43.301  -8.862 0.0000000000
131088  -42.615  43.379  -9.380 0.0000000000
131103  -42.098  43.094  -10.693 0.0000000000
131104  -42.470  43.588  -10.137 0.0000000000
131123  -39.941  42.917  -11.440 0.0000000000
131124  -40.510  43.241  -11.606 0.0000000000
131125  -41.349  43.516  -11.485 0.0000000000
131144  -39.393  43.277  -12.238 0.0000000000
131145  -40.617  43.794  -12.315 0.0000000000
131146  -41.117  44.143  -12.297 0.0000000000
131163  -39.291  44.032  -13.359 0.0000000000
131880  -42.930  44.367  -8.632 0.0000000000
131881  -43.413  44.954  -8.825 0.0000000000
131889  -42.940  44.466  -9.413 0.0000000000
131890  -43.420  45.216  -9.109 0.0000000000
131910  -41.982  43.988  -11.003 0.0000000000
131911  -42.450  44.541  -10.262 0.0000000000
131933  -41.049  44.708  -12.393 0.0000000000
131934  -41.281  44.466  -11.999 0.0000000000
131954  -40.062  44.029  -13.022 0.0000000000
131955  -40.731  44.575  -12.765 0.0000000000
131956  -41.074  44.402  -12.404 0.0000000000
131978  -39.695  44.750  -13.804 0.0000000000
131979  -40.296  45.007  -13.510 0.0000000000
131994  -39.301  45.435  -14.568 0.0000000000
132715  -43.186  45.442  -7.812 0.0000000000
132716  -44.001  46.147  -7.796 0.0000000000
132717  -44.172  46.471  -7.916 0.0000000000
132721  -43.441  45.072  -8.441 0.0000000000
132722  -43.779  45.782  -8.518 0.0000000000
132723  -44.141  46.231  -8.107 0.0000000000
132732  -40.199  45.626  -10.312 0.0000000000
132733  -41.228  45.544  -10.276 0.0000000000
132734  -42.164  45.516  -10.052 0.0000000000
132735  -42.953  45.334  -9.623 0.0000000000
132736  -43.503  45.608  -9.139 0.0000000000
132752  -38.908  45.728  -11.103 0.0000000000
132753  -39.713  45.481  -11.137 0.0000000000
132754  -40.725  45.326  -11.223 0.0000000000
132755  -41.646  44.889  -11.036 0.0000000000
132756  -42.374  45.065  -10.269 0.0000000000
132777  -39.203  45.659  -11.897 0.0000000000
132778  -40.105  45.369  -12.057 0.0000000000
132779  -40.994  45.050  -12.266 0.0000000000
132780  -41.302  44.826  -11.785 0.0000000000
132800  -39.555  45.636  -12.634 0.0000000000
132801  -40.137  45.404  -12.947 0.0000000000
132802  -40.423  45.107  -13.215 0.0000000000
132819  -39.470  45.772  -13.332 0.0000000000
132820  -39.695  45.450  -13.878 0.0000000000
132821  -40.142  45.174  -13.543 0.0000000000
132833  -39.310  46.008  -15.024 0.0000000000
133464  -43.839  47.366  -6.625 0.0000000000
133465  -44.083  47.606  -6.984 0.0000000000
133471  -43.438  46.538  -7.189 0.0000000000
133472  -44.022  47.034  -7.515 0.0000000000
133478  -37.963  46.770  -9.007 0.0000000000
133479  -39.041  46.574  -8.846 0.0000000000
133480  -40.114  46.529  -8.831 0.0000000000
133481  -41.173  46.638  -8.900 0.0000000000
133482  -42.198  46.824  -8.957 0.0000000000
133483  -43.109  46.936  -8.934 0.0000000000
133484  -43.756  46.811  -8.572 0.0000000000
133485  -44.109  46.647  -8.130 0.0000000000
133493  -37.751  46.681  -10.052 0.0000000000
133494  -38.653  46.383  -9.739 0.0000000000
133495  -39.645  46.129  -9.570 0.0000000000
133496  -40.689  46.047  -9.538 0.0000000000
133497  -41.727  46.116  -9.528 0.0000000000
133498  -42.672  46.179  -9.442 0.0000000000
133499  -43.436  46.138  -9.146 0.0000000000
133516  -37.669  46.677  -11.102 0.0000000000
133517  -38.383  46.214  -10.649 0.0000000000
133518  -39.229  45.875  -10.382 0.0000000000
133534  -37.760  46.803  -12.286 0.0000000000
133535  -38.379  46.147  -11.636 0.0000000000
133552  -37.950  47.008  -13.567 0.0000000000
133553  -38.716  46.144  -12.816 0.0000000000
133566  -38.993  46.461  -14.188 0.0000000000
133567  -39.373  46.081  -14.597 0.0000000000
134214  -44.464  48.105  -5.550 0.0000000000
134218  -38.366  47.952  -7.098 0.0000000000
134219  -38.668  47.888  -7.091 0.0000000000
134221  -44.164  47.731  -5.986 0.0000000000
134222  -44.326  47.987  -6.433 0.0000000000
134225  -37.619  47.841  -7.713 0.0000000000
134226  -38.113  47.781  -7.421 0.0000000000
134227  -39.144  47.571  -7.474 0.0000000000
134228  -40.089  47.521  -7.684 0.0000000000
134229  -41.019  47.675  -7.790 0.0000000000
134230  -41.882  47.895  -7.908 0.0000000000
134231  -44.132  47.886  -7.143 0.0000000000
134240  -36.950  47.987  -8.622 0.0000000000
134241  -37.364  47.666  -8.295 0.0000000000
134242  -38.482  47.128  -8.121 0.0000000000
134243  -39.573  47.024  -8.154 0.0000000000
134244  -40.599  47.117  -8.276 0.0000000000
134245  -41.601  47.333  -8.394 0.0000000000
134246  -42.606  47.619  -8.357 0.0000000000
134247  -43.389  47.565  -8.336 0.0000000000
134248  -43.892  47.609  -7.841 0.0000000000
134260  -36.864  47.941  -9.101 0.0000000000
134261  -37.223  47.268  -9.468 0.0000000000
134278  -36.900  47.867  -10.059 0.0000000000
134279  -37.214  47.248  -10.493 0.0000000000
134291  -37.072  47.838  -10.823 0.0000000000
134864  -40.345  48.695  -3.107 0.0000000000
134865  -40.956  48.356  -2.531 0.0000000000
134872  -39.966  48.787  -3.841 0.0000000000
134873  -41.121  48.407  -3.664 0.0000000000
134874  -42.539  48.219  -3.235 0.0000000000
134875  -43.704  48.595  -3.778 0.0000000000
134876  -44.357  48.509  -3.972 0.0000000000
134880  -38.865  48.859  -5.268 0.0000000000
134881  -39.818  48.576  -4.919 0.0000000000
134882  -40.973  48.462  -4.722 0.0000000000
134883  -42.190  48.570  -4.505 0.0000000000
134884  -43.271  48.847  -4.410 0.0000000000
134885  -44.084  49.140  -4.625 0.0000000000
134886  -44.508  48.657  -4.914 0.0000000000
134890  -38.005  48.891  -6.343 0.0000000000
134891  -38.741  48.575  -6.128 0.0000000000
134892  -39.692  48.457  -5.917 0.0000000000
134893  -40.819  48.491  -5.756 0.0000000000
134894  -42.037  48.676  -5.593 0.0000000000
134895  -43.165  49.195  -5.304 0.0000000000
134896  -43.642  49.237  -4.899 0.0000000000
134897  -44.433  48.637  -5.901 0.0000000000
134901  -37.759  48.581  -6.959 0.0000000000
134902  -38.355  48.218  -6.845 0.0000000000
134903  -39.424  48.074  -6.807 0.0000000000
134904  -40.594  48.341  -6.640 0.0000000000
134905  -41.779  48.592  -6.600 0.0000000000
134906  -43.072  49.195  -6.464 0.0000000000
134907  -43.905  49.071  -6.743 0.0000000000
134908  -44.231  48.566  -6.647 0.0000000000
134916  -37.031  48.726  -7.777 0.0000000000
134917  -37.497  48.199  -7.542 0.0000000000
134918  -37.903  48.169  -7.159 0.0000000000
134919  -39.770  47.786  -7.289 0.0000000000
134920  -40.399  47.946  -7.247 0.0000000000
134921  -41.403  48.201  -7.324 0.0000000000
134922  -42.625  48.419  -7.566 0.0000000000
134923  -43.511  48.677  -7.296 0.0000000000
134924  -43.961  48.398  -7.246 0.0000000000
134935  -36.846  48.463  -8.568 0.0000000000
134936  -37.113  48.229  -8.012 0.0000000000
134937  -43.066  48.006  -8.086 0.0000000000
134938  -43.422  48.131  -7.823 0.0000000000
134939  -43.738  48.232  -7.566 0.0000000000
134952  -36.969  48.758  -9.725 0.0000000000
134953  -37.466  49.281  -10.050 0.0000000000
135546  -39.844  49.779  -2.396 0.0000000000
135547  -40.196  49.279  -1.927 0.0000000000
135556  -39.837  49.431  -2.932 0.0000000000
135557  -40.225  48.872  -2.596 0.0000000000
135564  -39.524  49.530  -3.597 0.0000000000
135570  -37.858  49.856  -5.390 0.0000000000
135571  -38.199  49.669  -5.140 0.0000000000
135572  -39.057  49.558  -4.276 0.0000000000
135573  -44.096  49.287  -4.996 0.0000000000
135574  -44.271  49.189  -5.093 0.0000000000
135580  -37.399  49.885  -6.219 0.0000000000
135581  -37.634  49.721  -5.871 0.0000000000
135582  -38.257  49.137  -5.727 0.0000000000
135583  -43.565  49.348  -5.462 0.0000000000
135584  -43.894  49.362  -5.303 0.0000000000
135585  -44.299  49.171  -5.588 0.0000000000
135589  -37.333  49.771  -6.556 0.0000000000
135590  -37.522  49.206  -6.704 0.0000000000
135591  -43.554  49.370  -5.739 0.0000000000
135592  -43.886  49.381  -6.059 0.0000000000
135593  -44.241  49.095  -6.233 0.0000000000
135603  -37.132  49.442  -7.324 0.0000000000
135604  -37.367  48.825  -7.248 0.0000000000
135614  -36.849  49.364  -8.217 0.0000000000
135615  -36.975  49.740  -8.751 0.0000000000
135627  -36.798  49.223  -8.972 0.0000000000
135628  -37.366  49.681  -9.502 0.0000000000
135644  -38.072  49.701  -10.394 0.0000000000
136218  -39.957  50.183  -2.137 0.0000000000
136219  -40.404  50.479  -1.450 0.0000000000
136229  -39.803  50.319  -2.723 0.0000000000
136230  -40.246  51.049  -2.491 0.0000000000
136241  -39.541  50.523  -3.493 0.0000000000
136242  -39.965  50.908  -3.045 0.0000000000
136253  -37.854  50.213  -5.262 0.0000000000
136254  -38.417  50.655  -4.646 0.0000000000
136255  -39.055  50.547  -4.083 0.0000000000
136267  -37.341  50.182  -6.313 0.0000000000
136268  -37.644  50.763  -5.790 0.0000000000
136269  -37.972  50.784  -5.231 0.0000000000
136284  -37.184  50.174  -7.029 0.0000000000
136285  -37.403  50.838  -6.672 0.0000000000
136295  -36.999  50.045  -7.850 0.0000000000
136296  -37.352  50.757  -7.600 0.0000000000
136307  -36.967  49.913  -8.366 0.0000000000
136308  -37.438  50.432  -8.660 0.0000000000
136318  -38.521  50.459  -9.832 0.0000000000
136319  -39.313  50.900  -10.175 0.0000000000
136890  -40.727  51.306  -0.957 0.0000000000
136901  -40.647  51.664  -1.857 0.0000000000
136910  -40.696  51.978  -2.677 0.0000000000
136920  -39.738  51.245  -3.672 0.0000000000
136921  -40.268  51.701  -3.463 0.0000000000
136934  -38.621  51.488  -4.666 0.0000000000
136935  -39.375  51.495  -4.157 0.0000000000
136936  -40.184  52.398  -4.166 0.0000000000
136951  -37.776  51.289  -5.764 0.0000000000
136952  -38.117  51.540  -5.361 0.0000000000
136969  -37.684  51.543  -6.200 0.0000000000
136970  -38.056  52.249  -6.015 0.0000000000
136985  -37.621  51.553  -7.224 0.0000000000
136997  -37.860  51.436  -8.232 0.0000000000
136998  -38.505  51.744  -8.794 0.0000000000
137005  -38.263  51.110  -9.008 0.0000000000
137006  -39.138  51.514  -9.566 0.0000000000
137007  -40.019  51.855  -10.044 0.0000000000
137595  -40.973  52.281  -1.241 0.0000000000
137603  -41.114  52.613  -2.316 0.0000000000
137604  -41.381  53.292  -1.892 0.0000000000
137612  -41.079  52.722  -3.176 0.0000000000
137613  -41.551  53.415  -2.946 0.0000000000
137626  -40.888  53.144  -4.007 0.0000000000
137627  -41.370  53.387  -3.524 0.0000000000
137642  -38.859  52.156  -4.837 0.0000000000
137643  -39.690  52.695  -4.691 0.0000000000
137644  -40.359  53.030  -4.454 0.0000000000
137660  -39.157  52.679  -5.094 0.0000000000
137673  -37.980  52.276  -6.821 0.0000000000
137688  -38.147  52.195  -7.817 0.0000000000
137689  -38.571  52.938  -7.346 0.0000000000
137701  -38.356  52.014  -8.401 0.0000000000
137702  -39.065  52.662  -8.791 0.0000000000
137703  -39.859  53.335  -9.283 0.0000000000
137709  -39.703  52.207  -9.631 0.0000000000
138309  -40.997  54.093  -1.401 0.0000000000
138310  -41.411  53.908  -1.664 0.0000000000
138320  -40.833  54.696  -2.488 0.0000000000
138321  -41.756  54.076  -2.684 0.0000000000
138336  -39.573  54.628  -3.468 0.0000000000
138337  -41.049  53.755  -4.291 0.0000000000
138338  -41.508  54.113  -3.943 0.0000000000
138354  -39.426  53.164  -5.326 0.0000000000
138355  -40.377  53.922  -4.927 0.0000000000
138356  -41.055  54.908  -4.870 0.0000000000
138404  -39.000  53.574  -7.803 0.0000000000
138405  -39.578  53.829  -8.573 0.0000000000
138411  -40.320  53.888  -9.469 0.0000000000
139019  -41.337  54.531  -2.440 0.0000000000
139020  -41.584  54.367  -2.522 0.0000000000
139030  -40.351  55.056  -3.195 0.0000000000
139031  -41.110  55.129  -3.228 0.0000000000
139032  -41.562  54.697  -3.179 0.0000000000
139047  -39.187  54.733  -4.395 0.0000000000
139048  -39.927  55.349  -4.112 0.0000000000
139049  -40.631  55.442  -4.025 0.0000000000
139050  -41.160  55.308  -4.356 0.0000000000
139063  -39.619  55.521  -4.854 0.0000000000
139064  -40.845  55.434  -5.095 0.0000000000
139082  -38.219  55.333  -7.029 0.0000000000
139099  -38.179  55.966  -7.847 0.0000000000
139100  -39.782  54.568  -8.828 0.0000000000
139715  -39.959  55.707  -4.630 0.0000000000
139716  -40.250  55.665  -4.536 0.0000000000
139717  -40.557  55.691  -4.738 0.0000000000
139726  -40.482  55.873  -5.445 0.0000000000
139733  -39.501  55.946  -6.081 0.0000000000
139737  -38.970  56.091  -7.395 0.0000000000
139738  -39.860  55.909  -6.715 0.0000000000
139751  -38.444  56.108  -8.603 0.0000000000
139752  -39.294  55.789  -8.085 0.0000000000
139753  -39.621  54.957  -7.406 0.0000000000
139767  -39.271  55.730  -9.365 0.0000000000
139768  -39.665  55.195  -9.001 0.0000000000
148873  -38.665  52.694  -5.571 0.0000000000
148874  -38.447  52.819  -6.405 0.0000000000
148875  -39.230  53.727  -6.453 0.0000000000
148876  -39.936  54.580  -6.119 0.0000000000
148877  -38.922  55.144  -5.559 0.0000000000
148879  -39.338  54.170  -7.676 0.0000000000
148880  -40.381  55.241  -5.769 0.0000000000
148881  -39.547  55.746  -5.387 0.0000000000
148882  -39.485  54.462  -8.151 0.0000000000
148883  -40.009  55.979  -5.073 0.0000000000
