#!ascii label  , from subject ab_data vox2ras=TkReg
2011
39272  -7.119  -39.678  64.586 0.0000000000
39273  -7.229  -39.744  64.477 0.0000000000
39274  -7.180  -39.791  64.300 0.0000000000
39275  -7.627  -40.088  64.029 0.0000000000
39276  -8.429  -40.152  63.665 0.0000000000
39278  -7.166  -40.361  63.018 0.0000000000
39279  -8.054  -40.598  63.319 0.0000000000
40426  -7.058  -39.451  64.625 0.0000000000
40427  -7.742  -39.466  64.562 0.0000000000
40428  -8.636  -39.273  64.261 0.0000000000
40429  -6.857  -39.540  64.119 0.0000000000
40430  -8.311  -39.795  64.106 0.0000000000
40431  -9.241  -39.537  63.602 0.0000000000
40432  -10.060  -39.178  62.972 0.0000000000
40433  -6.970  -39.637  63.346 0.0000000000
40434  -7.115  -39.485  62.855 0.0000000000
40437  -6.922  -40.016  62.605 0.0000000000
40438  -7.432  -39.506  62.097 0.0000000000
40445  -7.621  -39.472  60.985 0.0000000000
41601  -6.424  -37.887  65.316 0.0000000000
41602  -6.775  -38.004  65.412 0.0000000000
41603  -7.175  -37.892  65.444 0.0000000000
41604  -6.237  -37.991  65.174 0.0000000000
41605  -6.668  -38.419  64.863 0.0000000000
41606  -7.404  -38.484  65.120 0.0000000000
41607  -8.527  -38.576  64.638 0.0000000000
41608  -6.877  -38.807  63.778 0.0000000000
41609  -7.449  -38.337  63.294 0.0000000000
41610  -9.365  -38.599  64.029 0.0000000000
41611  -10.094  -38.520  63.353 0.0000000000
41612  -7.042  -39.232  63.236 0.0000000000
41613  -7.581  -38.777  62.750 0.0000000000
41614  -10.826  -38.402  62.535 0.0000000000
41615  -11.528  -37.948  62.337 0.0000000000
41616  -8.377  -38.629  61.449 0.0000000000
41617  -8.924  -37.983  61.083 0.0000000000
41619  -11.663  -38.443  61.947 0.0000000000
41623  -15.620  -38.278  61.423 0.0000000000
41624  -16.022  -38.147  61.299 0.0000000000
41625  -8.424  -38.860  60.247 0.0000000000
41626  -9.013  -38.169  60.493 0.0000000000
41632  -8.436  -38.974  59.222 0.0000000000
41633  -9.102  -38.353  59.478 0.0000000000
41638  -8.397  -39.125  58.407 0.0000000000
41639  -8.983  -38.584  58.450 0.0000000000
41646  -8.612  -38.940  57.591 0.0000000000
41647  -9.278  -38.250  57.474 0.0000000000
42712  -6.648  -37.416  65.511 0.0000000000
42713  -7.152  -37.390  65.565 0.0000000000
42714  -7.741  -37.505  65.391 0.0000000000
42715  -6.377  -37.565  65.280 0.0000000000
42716  -6.231  -37.782  65.052 0.0000000000
42717  -8.516  -37.623  64.969 0.0000000000
42718  -9.500  -37.568  64.275 0.0000000000
42719  -10.351  -37.122  63.683 0.0000000000
42720  -6.697  -37.940  64.449 0.0000000000
42721  -7.344  -37.876  63.660 0.0000000000
42722  -10.040  -37.837  63.690 0.0000000000
42723  -10.925  -37.391  63.074 0.0000000000
42724  -11.783  -37.094  62.717 0.0000000000
42725  -8.066  -37.792  62.859 0.0000000000
42726  -8.627  -37.498  62.182 0.0000000000
42727  -11.445  -37.613  62.583 0.0000000000
42728  -12.219  -37.442  62.400 0.0000000000
42729  -13.313  -37.371  62.385 0.0000000000
42730  -14.140  -37.477  62.260 0.0000000000
42731  -14.653  -37.530  62.094 0.0000000000
42732  -8.380  -38.092  62.184 0.0000000000
42733  -8.830  -37.659  61.572 0.0000000000
42734  -12.711  -37.940  62.053 0.0000000000
42735  -13.537  -38.005  61.980 0.0000000000
42736  -14.387  -38.015  61.933 0.0000000000
42737  -15.028  -37.995  61.982 0.0000000000
42738  -15.772  -37.851  61.530 0.0000000000
42739  -16.244  -38.044  61.191 0.0000000000
42740  -9.175  -37.471  60.809 0.0000000000
42741  -16.050  -37.621  61.118 0.0000000000
42742  -16.765  -38.014  60.642 0.0000000000
42744  -9.403  -37.516  59.859 0.0000000000
42745  -15.330  -36.952  60.075 0.0000000000
42746  -15.973  -37.305  60.282 0.0000000000
42747  -16.955  -37.696  59.738 0.0000000000
42749  -9.581  -37.661  58.588 0.0000000000
42750  -15.363  -37.072  59.427 0.0000000000
42751  -16.156  -37.355  59.120 0.0000000000
42752  -17.002  -37.569  58.743 0.0000000000
42754  -9.756  -37.378  57.290 0.0000000000
42755  -15.363  -37.156  58.419 0.0000000000
42756  -16.203  -37.365  58.065 0.0000000000
42760  -15.407  -37.231  57.356 0.0000000000
42761  -16.287  -37.425  57.045 0.0000000000
42765  -15.573  -37.308  56.292 0.0000000000
42771  -15.867  -37.361  55.505 0.0000000000
43828  -6.682  -36.603  65.354 0.0000000000
43829  -7.223  -36.582  65.638 0.0000000000
43830  -7.879  -36.681  65.532 0.0000000000
43831  -6.256  -37.007  65.112 0.0000000000
43832  -6.582  -37.171  64.706 0.0000000000
43833  -8.531  -36.726  65.200 0.0000000000
43834  -9.335  -36.633  64.607 0.0000000000
43835  -10.218  -36.512  63.966 0.0000000000
43836  -7.203  -37.171  64.018 0.0000000000
43837  -7.943  -37.109  63.341 0.0000000000
43838  -11.083  -36.462  63.403 0.0000000000
43839  -12.025  -36.504  62.950 0.0000000000
43840  -12.565  -36.219  62.818 0.0000000000
43841  -8.668  -36.857  62.374 0.0000000000
43842  -8.866  -37.186  61.891 0.0000000000
43843  -12.277  -36.876  62.722 0.0000000000
43844  -12.884  -36.643  62.646 0.0000000000
43845  -14.019  -36.859  62.379 0.0000000000
43846  -14.493  -37.232  62.237 0.0000000000
43847  0.386  -35.751  61.066 0.0000000000
43848  0.072  -35.760  61.094 0.0000000000
43849  -8.868  -36.459  61.813 0.0000000000
43850  -9.052  -36.833  61.433 0.0000000000
43851  -14.508  -36.726  61.942 0.0000000000
43852  -14.900  -37.228  62.000 0.0000000000
43853  -15.337  -37.585  61.722 0.0000000000
43854  1.222  -35.935  59.903 0.0000000000
43855  0.710  -36.007  60.466 0.0000000000
43856  0.064  -35.933  60.750 0.0000000000
43857  -0.297  -35.823  60.791 0.0000000000
43858  -9.295  -36.744  60.415 0.0000000000
43859  -14.454  -36.503  61.363 0.0000000000
43860  -15.088  -36.903  61.509 0.0000000000
43861  -15.477  -37.400  61.513 0.0000000000
43862  1.244  -35.901  59.544 0.0000000000
43863  0.727  -36.049  59.561 0.0000000000
43864  -0.053  -36.166  60.030 0.0000000000
43865  -0.408  -35.928  60.479 0.0000000000
43866  -9.511  -36.675  59.341 0.0000000000
43867  -14.274  -36.424  60.467 0.0000000000
43868  -15.131  -36.783  60.696 0.0000000000
43869  -15.673  -37.036  60.905 0.0000000000
43870  0.339  -36.000  59.102 0.0000000000
43871  0.056  -36.086  59.391 0.0000000000
43872  -9.713  -36.539  58.167 0.0000000000
43873  -14.032  -36.460  59.462 0.0000000000
43874  -14.785  -36.754  59.832 0.0000000000
43875  -9.797  -36.390  56.969 0.0000000000
43876  -13.887  -36.512  58.391 0.0000000000
43877  -14.632  -36.845  58.868 0.0000000000
43879  -13.832  -36.566  57.274 0.0000000000
43880  -14.592  -36.900  57.799 0.0000000000
43882  -13.833  -36.605  56.102 0.0000000000
43883  -14.654  -36.994  56.656 0.0000000000
43885  -13.761  -36.470  54.913 0.0000000000
43886  -14.976  -37.093  55.273 0.0000000000
44884  -6.625  -35.307  65.435 0.0000000000
44885  -7.224  -35.531  65.750 0.0000000000
44886  -8.218  -35.617  65.529 0.0000000000
44887  -8.953  -35.109  65.092 0.0000000000
44888  -6.444  -35.985  64.974 0.0000000000
44889  -6.468  -36.650  64.819 0.0000000000
44890  -8.448  -36.172  65.342 0.0000000000
44891  -9.128  -35.704  64.864 0.0000000000
44892  -10.065  -35.743  64.188 0.0000000000
44893  -6.638  -35.671  64.497 0.0000000000
44894  -7.089  -36.187  64.110 0.0000000000
44895  -7.617  -36.690  63.646 0.0000000000
44896  -10.931  -35.758  63.604 0.0000000000
44897  -11.933  -35.799  63.133 0.0000000000
44898  -12.402  -36.047  62.952 0.0000000000
44899  0.204  -35.076  62.111 0.0000000000
44900  -0.570  -35.107  62.119 0.0000000000
44901  -1.109  -35.070  62.053 0.0000000000
44902  -7.841  -35.551  62.849 0.0000000000
44903  -8.086  -36.347  63.086 0.0000000000
44904  -12.251  -35.621  62.713 0.0000000000
44905  -12.811  -35.891  62.571 0.0000000000
44906  -13.373  -36.404  62.388 0.0000000000
44907  1.013  -35.295  61.222 0.0000000000
44908  0.561  -35.420  61.486 0.0000000000
44909  -0.140  -35.574  61.471 0.0000000000
44910  -1.130  -35.355  61.565 0.0000000000
44911  -1.977  -35.102  61.474 0.0000000000
44912  -2.505  -34.798  61.452 0.0000000000
44913  -8.105  -35.221  61.642 0.0000000000
44914  -8.699  -35.972  61.944 0.0000000000
44915  -8.924  -36.332  61.535 0.0000000000
44916  -13.261  -35.751  61.789 0.0000000000
44917  -13.765  -36.286  62.013 0.0000000000
44918  1.318  -35.575  60.475 0.0000000000
44919  0.852  -35.704  61.010 0.0000000000
44920  -0.178  -35.773  61.011 0.0000000000
44921  -0.854  -35.726  60.793 0.0000000000
44922  -1.873  -35.404  60.871 0.0000000000
44923  -2.629  -34.966  60.970 0.0000000000
44924  -8.137  -35.084  60.551 0.0000000000
44925  -8.678  -35.612  60.815 0.0000000000
44926  -9.032  -36.198  61.031 0.0000000000
44927  -13.060  -35.612  60.952 0.0000000000
44928  -13.731  -36.078  61.170 0.0000000000
44929  2.061  -34.991  58.465 0.0000000000
44930  1.657  -35.549  59.310 0.0000000000
44931  1.163  -35.903  59.293 0.0000000000
44932  -0.497  -35.985  59.431 0.0000000000
44933  -1.026  -35.917  59.865 0.0000000000
44934  -1.915  -35.626  60.080 0.0000000000
44935  -2.712  -35.234  60.221 0.0000000000
44936  -8.163  -35.019  59.980 0.0000000000
44937  -8.612  -35.336  59.712 0.0000000000
44938  -9.145  -36.013  60.043 0.0000000000
44939  -12.840  -35.544  59.861 0.0000000000
44940  -13.511  -36.046  60.181 0.0000000000
44941  2.017  -34.947  58.000 0.0000000000
44942  1.642  -35.210  57.932 0.0000000000
44943  0.776  -35.798  58.624 0.0000000000
44944  -0.278  -35.842  58.789 0.0000000000
44945  -1.199  -35.731  58.973 0.0000000000
44946  -2.131  -35.496  59.129 0.0000000000
44947  -2.731  -35.299  59.514 0.0000000000
44948  -8.879  -35.217  58.607 0.0000000000
44949  -9.280  -35.841  58.943 0.0000000000
44950  -12.657  -35.562  58.730 0.0000000000
44951  -13.307  -36.065  59.096 0.0000000000
44952  1.305  -34.843  56.926 0.0000000000
44953  0.700  -35.207  57.348 0.0000000000
44954  -0.245  -35.399  57.858 0.0000000000
44955  -1.201  -35.331  58.197 0.0000000000
44956  -1.915  -35.335  58.454 0.0000000000
44957  -9.010  -35.087  58.051 0.0000000000
44958  -9.373  -35.529  57.782 0.0000000000
44959  -12.603  -35.507  57.621 0.0000000000
44960  -13.194  -36.075  57.980 0.0000000000
44961  1.107  -34.665  56.434 0.0000000000
44962  0.887  -34.839  56.671 0.0000000000
44963  -9.611  -35.488  56.556 0.0000000000
44964  -12.601  -35.368  56.577 0.0000000000
44965  -13.158  -36.036  56.870 0.0000000000
44967  -12.553  -35.147  55.576 0.0000000000
44968  -13.083  -35.948  55.777 0.0000000000
45911  -6.572  -33.694  65.840 0.0000000000
45912  -6.945  -33.584  65.882 0.0000000000
45913  -5.760  -34.083  65.310 0.0000000000
45914  -6.323  -34.378  65.562 0.0000000000
45915  -7.083  -34.263  65.819 0.0000000000
45916  -7.974  -34.574  65.650 0.0000000000
45917  -8.756  -34.604  65.178 0.0000000000
45918  -5.695  -34.313  64.679 0.0000000000
45919  -6.101  -34.914  65.158 0.0000000000
45920  -9.568  -34.649  64.441 0.0000000000
45921  -9.902  -35.193  64.309 0.0000000000
45922  -0.878  -33.717  62.940 0.0000000000
45923  -1.840  -33.585  62.966 0.0000000000
45924  -2.467  -33.417  63.033 0.0000000000
45925  -5.809  -34.184  63.808 0.0000000000
45926  -6.386  -35.005  64.381 0.0000000000
45927  -6.785  -35.519  64.191 0.0000000000
45928  -9.995  -34.369  63.701 0.0000000000
45929  -10.624  -34.830  63.461 0.0000000000
45930  -11.343  -35.396  63.205 0.0000000000
45931  0.227  -34.330  62.286 0.0000000000
45932  -0.297  -34.412  62.484 0.0000000000
45933  -1.338  -34.508  62.440 0.0000000000
45934  -2.673  -33.848  62.555 0.0000000000
45935  -3.933  -33.737  62.378 0.0000000000
45936  -4.964  -33.777  62.470 0.0000000000
45937  -5.826  -33.985  62.758 0.0000000000
45938  -6.565  -34.465  63.222 0.0000000000
45939  -7.089  -35.176  63.608 0.0000000000
45940  -11.067  -34.588  62.050 0.0000000000
45941  -11.782  -35.231  62.591 0.0000000000
45942  -12.368  -35.532  62.479 0.0000000000
45943  1.031  -35.043  61.353 0.0000000000
45944  0.709  -34.831  61.718 0.0000000000
45945  -1.539  -35.017  61.920 0.0000000000
45946  -2.216  -34.692  61.922 0.0000000000
45947  -3.310  -34.404  61.443 0.0000000000
45948  -4.641  -34.009  61.481 0.0000000000
45949  -5.707  -34.020  61.677 0.0000000000
45950  -6.627  -34.277  62.023 0.0000000000
45951  -7.367  -34.790  62.451 0.0000000000
45952  -11.134  -34.389  60.973 0.0000000000
45953  -11.776  -34.839  61.428 0.0000000000
45954  -12.540  -35.373  61.840 0.0000000000
45955  1.313  -34.863  60.864 0.0000000000
45956  0.995  -34.853  61.353 0.0000000000
45957  -3.523  -34.779  60.357 0.0000000000
45958  -4.504  -34.410  60.507 0.0000000000
45959  -5.585  -34.216  60.633 0.0000000000
45960  -6.608  -34.314  60.862 0.0000000000
45961  -7.454  -34.677  61.239 0.0000000000
45962  -11.119  -34.246  60.405 0.0000000000
45963  -11.556  -34.513  60.220 0.0000000000
45964  -12.347  -35.112  60.661 0.0000000000
45965  2.298  -34.381  59.135 0.0000000000
45966  1.781  -34.940  60.019 0.0000000000
45967  -3.521  -34.924  59.487 0.0000000000
45968  -4.474  -34.585  59.555 0.0000000000
45969  -5.504  -34.387  59.652 0.0000000000
45970  -6.551  -34.397  59.787 0.0000000000
45971  -7.621  -34.727  60.007 0.0000000000
45972  -8.196  -34.970  59.707 0.0000000000
45973  -11.571  -34.475  59.001 0.0000000000
45974  -12.132  -35.061  59.486 0.0000000000
45975  2.235  -34.394  57.899 0.0000000000
45976  1.958  -34.899  57.750 0.0000000000
45977  -2.620  -35.072  58.321 0.0000000000
45978  -3.293  -34.927  58.668 0.0000000000
45979  -4.378  -34.562  58.685 0.0000000000
45980  -5.406  -34.348  58.752 0.0000000000
45981  -6.455  -34.313  58.806 0.0000000000
45982  -7.499  -34.496  58.924 0.0000000000
45983  -8.264  -34.874  59.162 0.0000000000
45984  -11.571  -34.422  57.893 0.0000000000
45985  -12.017  -35.056  58.341 0.0000000000
45986  2.039  -34.049  56.771 0.0000000000
45987  1.817  -34.710  57.201 0.0000000000
45988  0.382  -34.796  56.653 0.0000000000
45989  -0.302  -34.853  56.990 0.0000000000
45990  -1.260  -34.853  57.339 0.0000000000
45991  -2.302  -34.867  57.645 0.0000000000
45992  -3.366  -34.647  57.710 0.0000000000
45993  -4.266  -34.420  57.872 0.0000000000
45994  -5.307  -34.099  57.891 0.0000000000
45995  -6.293  -34.000  58.054 0.0000000000
45996  -7.453  -34.072  57.813 0.0000000000
45997  -8.508  -34.706  58.045 0.0000000000
45998  -9.049  -35.027  57.762 0.0000000000
45999  -11.676  -34.402  57.011 0.0000000000
46000  -12.084  -34.912  57.296 0.0000000000
46001  1.884  -33.915  56.177 0.0000000000
46002  1.434  -34.260  56.061 0.0000000000
46003  0.606  -34.528  56.070 0.0000000000
46004  -0.327  -34.495  56.184 0.0000000000
46005  -1.278  -34.463  56.467 0.0000000000
46006  -2.258  -34.478  56.699 0.0000000000
46007  -3.343  -34.322  56.754 0.0000000000
46008  -4.273  -34.148  57.057 0.0000000000
46009  -4.946  -33.989  57.313 0.0000000000
46010  -7.880  -33.889  57.106 0.0000000000
46011  -8.473  -34.180  56.877 0.0000000000
46012  -9.100  -34.889  57.179 0.0000000000
46013  -11.590  -34.093  56.294 0.0000000000
46014  -12.094  -34.694  56.355 0.0000000000
46015  0.954  -33.784  54.920 0.0000000000
46016  0.578  -34.128  55.272 0.0000000000
46017  -0.294  -34.130  55.338 0.0000000000
46018  -1.285  -34.129  55.634 0.0000000000
46019  -2.244  -34.132  55.884 0.0000000000
46020  -2.980  -34.116  56.127 0.0000000000
46021  -8.835  -34.048  56.181 0.0000000000
46022  -9.311  -34.527  56.061 0.0000000000
46025  0.617  -33.547  54.397 0.0000000000
46026  0.366  -33.750  54.585 0.0000000000
46027  -0.026  -33.891  54.798 0.0000000000
46912  -5.754  -32.681  66.154 0.0000000000
46913  -6.162  -33.067  66.125 0.0000000000
46914  -6.776  -33.114  66.021 0.0000000000
46915  -4.993  -32.640  65.466 0.0000000000
46916  -5.439  -33.086  65.643 0.0000000000
46917  -6.028  -33.713  65.726 0.0000000000
46918  -7.222  -33.286  65.789 0.0000000000
46919  -7.882  -33.533  65.479 0.0000000000
46920  -8.488  -33.945  65.213 0.0000000000
46921  -4.099  -32.449  64.524 0.0000000000
46922  -4.644  -32.799  64.868 0.0000000000
46923  -5.191  -33.616  64.816 0.0000000000
46924  -8.402  -33.373  64.637 0.0000000000
46925  -8.997  -33.914  64.547 0.0000000000
46926  -0.831  -33.075  63.184 0.0000000000
46927  -1.563  -32.955  63.322 0.0000000000
46928  -2.534  -32.949  63.408 0.0000000000
46929  -3.675  -32.768  63.913 0.0000000000
46930  -4.532  -33.272  64.034 0.0000000000
46931  -5.185  -33.764  64.045 0.0000000000
46932  -8.742  -33.362  63.671 0.0000000000
46933  -9.510  -33.877  63.568 0.0000000000
46934  -10.087  -34.147  63.151 0.0000000000
46935  0.162  -34.025  62.424 0.0000000000
46936  -0.172  -33.602  62.655 0.0000000000
46937  -2.987  -33.248  63.205 0.0000000000
46938  -3.707  -33.342  63.214 0.0000000000
46939  -4.584  -33.544  63.268 0.0000000000
46940  -5.257  -33.805  63.304 0.0000000000
46941  -8.970  -33.370  62.605 0.0000000000
46942  -9.658  -33.758  62.426 0.0000000000
46943  -10.346  -34.139  62.295 0.0000000000
46944  0.369  -34.097  62.164 0.0000000000
46945  -0.078  -33.458  62.351 0.0000000000
46946  -9.169  -33.344  61.713 0.0000000000
46947  -9.788  -33.601  61.098 0.0000000000
46948  -10.605  -34.137  61.359 0.0000000000
46949  1.264  -34.487  60.637 0.0000000000
46950  0.863  -34.445  61.285 0.0000000000
46951  0.338  -33.867  61.589 0.0000000000
46952  -9.856  -33.276  59.706 0.0000000000
46953  -10.660  -33.923  60.290 0.0000000000
46954  -11.108  -34.188  60.116 0.0000000000
46955  2.619  -33.092  59.269 0.0000000000
46956  1.821  -34.039  59.941 0.0000000000
46957  1.067  -34.075  60.501 0.0000000000
46958  0.666  -34.052  60.991 0.0000000000
46959  -9.863  -32.928  58.650 0.0000000000
46960  -10.492  -33.524  59.087 0.0000000000
46961  -11.096  -34.057  59.536 0.0000000000
46962  2.775  -33.264  58.471 0.0000000000
46963  -9.879  -32.688  58.090 0.0000000000
46964  -10.377  -33.101  57.887 0.0000000000
46965  -11.060  -33.876  58.448 0.0000000000
46966  2.569  -33.301  57.333 0.0000000000
46967  -5.639  -33.796  57.170 0.0000000000
46968  -6.296  -33.785  57.393 0.0000000000
46969  -6.857  -33.832  57.565 0.0000000000
46970  -10.622  -32.992  56.741 0.0000000000
46971  -11.147  -33.778  57.209 0.0000000000
46972  2.143  -33.325  56.164 0.0000000000
46973  1.788  -33.787  55.912 0.0000000000
46974  -3.673  -33.908  55.953 0.0000000000
46975  -4.383  -33.805  56.182 0.0000000000
46976  -5.322  -33.657  56.542 0.0000000000
46977  -6.363  -33.546  56.691 0.0000000000
46978  -7.337  -33.678  56.933 0.0000000000
46979  -8.064  -33.780  56.732 0.0000000000
46982  1.982  -32.920  55.579 0.0000000000
46983  1.575  -33.365  55.234 0.0000000000
46984  -0.642  -33.766  54.654 0.0000000000
46985  -1.335  -33.780  54.857 0.0000000000
46986  -2.275  -33.795  55.064 0.0000000000
46987  -3.286  -33.747  55.328 0.0000000000
46988  -4.306  -33.551  55.368 0.0000000000
46989  -5.355  -33.218  55.434 0.0000000000
46990  -6.324  -33.208  55.923 0.0000000000
46991  -7.249  -33.294  56.133 0.0000000000
46992  -8.345  -33.577  55.944 0.0000000000
46993  -9.004  -33.986  55.835 0.0000000000
46997  0.776  -33.191  54.010 0.0000000000
46998  0.225  -33.501  53.868 0.0000000000
46999  -0.424  -33.626  54.089 0.0000000000
47000  -1.342  -33.593  54.118 0.0000000000
47001  -2.253  -33.550  54.251 0.0000000000
47002  -3.180  -33.497  54.430 0.0000000000
47003  -4.245  -33.284  54.474 0.0000000000
47004  -4.819  -33.215  54.923 0.0000000000
47005  -8.759  -33.255  54.693 0.0000000000
47006  -9.280  -33.916  55.127 0.0000000000
47009  0.576  -32.963  53.223 0.0000000000
47010  0.241  -33.183  52.965 0.0000000000
47011  -0.481  -33.446  53.202 0.0000000000
47012  -1.294  -33.469  53.376 0.0000000000
47013  -2.151  -33.386  53.525 0.0000000000
47014  -3.158  -33.227  53.556 0.0000000000
47015  -3.733  -33.244  53.987 0.0000000000
47016  -8.931  -33.040  54.109 0.0000000000
47019  0.041  -33.103  51.964 0.0000000000
47020  -0.512  -33.274  52.374 0.0000000000
47021  -1.252  -33.337  52.627 0.0000000000
47022  -2.131  -33.239  52.784 0.0000000000
47023  -2.667  -33.212  53.111 0.0000000000
47029  -0.117  -32.951  51.475 0.0000000000
47030  -0.548  -33.064  51.667 0.0000000000
47031  -1.231  -33.155  51.919 0.0000000000
47032  -1.838  -33.164  52.184 0.0000000000
47093  -6.122  -33.577  45.877 0.0000000000
47094  -6.433  -33.578  45.822 0.0000000000
47095  -7.124  -33.558  45.812 0.0000000000
47112  -6.165  -33.494  45.650 0.0000000000
47113  -6.582  -33.426  45.479 0.0000000000
47114  -7.298  -33.265  45.503 0.0000000000
47939  -4.996  -31.766  66.112 0.0000000000
47940  -5.373  -32.192  66.118 0.0000000000
47941  -6.075  -32.250  66.371 0.0000000000
47942  -6.530  -32.593  66.119 0.0000000000
47943  -4.061  -31.576  65.288 0.0000000000
47944  -4.633  -32.039  65.526 0.0000000000
47945  -5.141  -32.510  65.716 0.0000000000
47946  -6.511  -32.107  66.073 0.0000000000
47947  -6.953  -32.470  65.709 0.0000000000
47948  -7.471  -32.890  65.390 0.0000000000
47949  -1.825  -31.409  64.035 0.0000000000
47950  -2.332  -31.599  64.172 0.0000000000
47951  -3.542  -31.941  64.564 0.0000000000
47952  -4.287  -32.304  64.865 0.0000000000
47953  -7.228  -32.391  64.843 0.0000000000
47954  -7.789  -32.889  64.717 0.0000000000
47955  -0.679  -32.593  63.083 0.0000000000
47956  -1.498  -32.061  63.555 0.0000000000
47957  -2.387  -32.298  63.773 0.0000000000
47958  -3.048  -32.457  63.859 0.0000000000
47959  -7.327  -32.480  63.839 0.0000000000
47960  -8.009  -32.943  63.740 0.0000000000
47961  -0.393  -32.825  62.816 0.0000000000
47962  -7.456  -32.521  62.746 0.0000000000
47963  -8.213  -32.952  62.655 0.0000000000
47964  -0.417  -32.726  62.500 0.0000000000
47965  -0.610  -32.489  62.017 0.0000000000
47966  -7.631  -32.493  61.643 0.0000000000
47967  -8.445  -32.898  61.502 0.0000000000
47968  -9.011  -33.007  60.940 0.0000000000
47969  -0.254  -33.249  61.749 0.0000000000
47970  -0.949  -32.758  61.089 0.0000000000
47971  -1.667  -32.420  60.465 0.0000000000
47972  -7.890  -32.317  60.815 0.0000000000
47973  -8.414  -32.450  60.294 0.0000000000
47974  -9.176  -32.861  60.079 0.0000000000
47975  2.702  -32.139  59.232 0.0000000000
47976  2.244  -32.652  59.469 0.0000000000
47977  1.232  -33.231  59.518 0.0000000000
47978  0.047  -33.582  60.341 0.0000000000
47979  -1.155  -32.913  59.859 0.0000000000
47980  -1.999  -32.355  59.668 0.0000000000
47981  -8.719  -32.225  59.381 0.0000000000
47982  -9.297  -32.612  59.084 0.0000000000
47983  3.178  -31.621  58.714 0.0000000000
47984  3.064  -32.097  58.819 0.0000000000
47985  0.301  -32.995  59.147 0.0000000000
47986  -0.555  -32.833  58.908 0.0000000000
47987  -1.524  -32.607  58.882 0.0000000000
47988  -2.300  -32.286  58.788 0.0000000000
47989  -8.960  -32.030  58.708 0.0000000000
47990  -9.441  -32.201  58.131 0.0000000000
47991  -9.886  -32.500  57.717 0.0000000000
47995  3.220  -31.613  58.479 0.0000000000
47996  3.158  -32.191  57.892 0.0000000000
47997  -1.125  -32.417  58.176 0.0000000000
47998  -1.872  -32.293  58.154 0.0000000000
47999  -2.396  -32.129  58.226 0.0000000000
48000  -9.709  -32.010  57.384 0.0000000000
48001  -10.125  -32.456  57.159 0.0000000000
48005  2.689  -32.346  56.803 0.0000000000
48015  2.207  -32.228  55.881 0.0000000000
48016  1.731  -32.404  55.138 0.0000000000
48017  -5.893  -32.771  54.898 0.0000000000
48018  -6.431  -32.794  55.184 0.0000000000
48019  -7.218  -32.919  55.489 0.0000000000
48020  -7.753  -33.165  55.673 0.0000000000
48031  1.221  -32.475  54.231 0.0000000000
48032  -4.811  -32.894  53.991 0.0000000000
48033  -5.387  -32.819  54.438 0.0000000000
48034  -6.444  -32.564  54.460 0.0000000000
48035  -7.340  -32.625  54.699 0.0000000000
48036  -8.033  -32.957  55.113 0.0000000000
48045  0.740  -32.476  53.009 0.0000000000
48046  0.513  -32.878  52.871 0.0000000000
48047  -3.699  -32.924  53.085 0.0000000000
48048  -4.287  -32.890  53.507 0.0000000000
48049  -5.333  -32.557  53.559 0.0000000000
48050  -6.275  -32.352  53.721 0.0000000000
48051  -7.304  -32.302  53.811 0.0000000000
48052  -8.376  -32.668  54.036 0.0000000000
48053  -8.987  -32.924  53.796 0.0000000000
48059  0.787  -32.279  51.766 0.0000000000
48060  0.453  -32.800  52.288 0.0000000000
48061  -2.452  -32.989  52.125 0.0000000000
48062  -3.162  -32.915  52.599 0.0000000000
48063  -4.151  -32.612  52.665 0.0000000000
48064  -5.115  -32.284  52.734 0.0000000000
48065  -6.101  -32.078  52.966 0.0000000000
48066  -7.049  -31.998  53.049 0.0000000000
48067  -8.143  -32.017  52.796 0.0000000000
48068  -9.026  -32.703  53.154 0.0000000000
48077  0.961  -32.230  50.717 0.0000000000
48078  0.287  -32.668  51.196 0.0000000000
48079  -0.439  -32.796  51.069 0.0000000000
48080  -1.169  -32.824  51.244 0.0000000000
48081  -2.013  -32.848  51.527 0.0000000000
48082  -2.991  -32.574  51.567 0.0000000000
48083  -3.924  -32.368  51.895 0.0000000000
48084  -4.646  -32.174  52.146 0.0000000000
48085  -8.425  -31.781  51.945 0.0000000000
48094  1.111  -32.166  49.687 0.0000000000
48095  0.523  -32.476  50.004 0.0000000000
48096  -0.227  -32.688  50.271 0.0000000000
48097  -0.992  -32.622  50.506 0.0000000000
48098  -1.774  -32.499  50.697 0.0000000000
48099  -2.445  -32.416  51.005 0.0000000000
48110  1.157  -32.133  48.740 0.0000000000
48111  0.690  -32.434  48.991 0.0000000000
48112  -0.056  -32.661  49.282 0.0000000000
48113  -0.919  -32.509  49.618 0.0000000000
48114  -1.449  -32.384  50.106 0.0000000000
48127  1.122  -32.085  47.997 0.0000000000
48128  0.775  -32.374  48.127 0.0000000000
48129  0.111  -32.593  48.329 0.0000000000
48130  -0.836  -32.531  48.576 0.0000000000
48131  -1.432  -32.384  48.344 0.0000000000
48145  1.008  -32.002  47.661 0.0000000000
48146  0.717  -32.166  47.497 0.0000000000
48147  0.188  -32.461  47.505 0.0000000000
48148  -0.456  -32.564  47.715 0.0000000000
48149  -1.444  -32.465  47.581 0.0000000000
48150  -2.374  -32.399  46.982 0.0000000000
48151  -4.741  -32.689  46.526 0.0000000000
48152  -5.291  -32.746  46.621 0.0000000000
48153  -6.492  -32.755  46.923 0.0000000000
48154  -7.474  -32.834  46.841 0.0000000000
48170  0.523  -32.075  47.148 0.0000000000
48171  0.197  -32.240  46.865 0.0000000000
48172  -0.564  -32.515  46.786 0.0000000000
48173  -1.704  -32.557  46.394 0.0000000000
48174  -3.087  -32.609  46.274 0.0000000000
48175  -4.393  -32.909  46.120 0.0000000000
48176  -5.761  -33.409  45.948 0.0000000000
48177  -6.821  -33.410  46.283 0.0000000000
48194  -0.319  -32.284  46.273 0.0000000000
48195  -0.978  -32.407  45.733 0.0000000000
48196  -2.110  -32.556  45.476 0.0000000000
48197  -3.326  -32.745  45.314 0.0000000000
48198  -4.607  -32.878  45.108 0.0000000000
48199  -5.815  -33.084  45.303 0.0000000000
48200  -6.606  -32.918  45.212 0.0000000000
48216  -1.504  -32.270  44.968 0.0000000000
48217  -2.420  -32.341  44.747 0.0000000000
48218  -3.493  -32.400  44.718 0.0000000000
48219  -4.136  -32.400  44.760 0.0000000000
49036  -4.749  -31.301  66.134 0.0000000000
49037  -5.220  -31.448  66.321 0.0000000000
49038  -5.675  -31.579  66.372 0.0000000000
49039  -3.633  -31.158  65.298 0.0000000000
49040  -4.225  -31.239  65.751 0.0000000000
49041  -6.187  -31.482  66.102 0.0000000000
49042  -6.584  -31.823  65.721 0.0000000000
49043  -1.617  -31.132  64.003 0.0000000000
49044  -2.155  -30.991  64.391 0.0000000000
49045  -2.912  -31.068  64.740 0.0000000000
49046  -6.263  -31.302  65.300 0.0000000000
49047  -6.724  -31.844  65.035 0.0000000000
49048  -0.673  -32.341  63.020 0.0000000000
49049  -1.175  -31.637  63.284 0.0000000000
49050  -6.171  -31.338  64.277 0.0000000000
49051  -6.686  -31.966  64.008 0.0000000000
49052  -0.696  -32.136  62.846 0.0000000000
49053  -1.059  -31.467  62.791 0.0000000000
49054  -6.106  -31.365  63.099 0.0000000000
49055  -6.776  -31.978  62.882 0.0000000000
49059  -0.731  -32.121  62.516 0.0000000000
49060  -1.238  -31.746  61.962 0.0000000000
49061  -1.976  -31.482  61.451 0.0000000000
49062  -6.283  -31.348  61.951 0.0000000000
49063  -6.946  -31.961  61.771 0.0000000000
49068  -1.671  -32.079  61.136 0.0000000000
49069  -2.408  -31.740  60.595 0.0000000000
49070  -3.108  -31.410  60.130 0.0000000000
49071  -6.710  -31.255  61.089 0.0000000000
49072  -7.352  -31.612  60.657 0.0000000000
49073  -7.875  -31.850  60.188 0.0000000000
49078  3.040  -30.754  59.000 0.0000000000
49079  2.888  -31.262  59.074 0.0000000000
49080  2.391  -31.497  59.370 0.0000000000
49081  1.614  -31.788  59.283 0.0000000000
49082  -2.776  -31.916  59.503 0.0000000000
49083  -3.492  -31.359  59.349 0.0000000000
49084  -7.755  -31.240  59.916 0.0000000000
49085  -8.186  -31.543  59.475 0.0000000000
49092  3.165  -31.059  58.714 0.0000000000
49093  3.095  -31.534  58.836 0.0000000000
49094  0.621  -32.038  58.788 0.0000000000
49095  0.024  -32.460  58.626 0.0000000000
49096  -2.954  -31.858  58.456 0.0000000000
49097  -3.690  -31.253  58.336 0.0000000000
49098  -8.631  -31.620  58.873 0.0000000000
49099  -8.995  -31.379  58.284 0.0000000000
49106  3.302  -31.007  58.023 0.0000000000
49107  3.017  -31.357  57.197 0.0000000000
49108  0.462  -31.282  58.289 0.0000000000
49109  -0.299  -31.694  57.894 0.0000000000
49110  -1.395  -31.922  57.531 0.0000000000
49111  -2.358  -31.885  57.610 0.0000000000
49112  -3.185  -31.493  57.529 0.0000000000
49113  -9.599  -31.284  57.542 0.0000000000
49123  2.587  -31.419  56.396 0.0000000000
49124  -0.486  -31.056  57.072 0.0000000000
49125  -0.959  -31.334  56.913 0.0000000000
49126  -1.824  -31.494  56.809 0.0000000000
49127  -2.634  -31.430  56.888 0.0000000000
49143  2.272  -31.302  55.801 0.0000000000
49144  1.942  -31.496  55.283 0.0000000000
49166  1.527  -31.543  54.469 0.0000000000
49188  1.135  -31.580  53.380 0.0000000000
49208  0.984  -31.604  52.164 0.0000000000
49209  1.103  -31.407  51.823 0.0000000000
49210  -5.259  -31.869  52.006 0.0000000000
49211  -5.972  -31.823  52.220 0.0000000000
49212  -6.832  -31.743  52.388 0.0000000000
49213  -7.457  -31.777  52.514 0.0000000000
49232  1.113  -31.715  51.330 0.0000000000
49233  1.150  -31.457  51.576 0.0000000000
49234  -2.974  -32.110  50.854 0.0000000000
49235  -3.701  -31.931  51.069 0.0000000000
49236  -4.719  -31.722  51.367 0.0000000000
49237  -5.804  -31.568  51.421 0.0000000000
49238  -6.618  -31.558  51.713 0.0000000000
49239  -7.628  -31.547  51.773 0.0000000000
49240  -8.490  -31.639  51.338 0.0000000000
49257  1.247  -31.602  50.433 0.0000000000
49258  -1.840  -32.247  50.158 0.0000000000
49259  -2.387  -32.054  50.279 0.0000000000
49260  -3.296  -31.698  50.205 0.0000000000
49261  -4.300  -31.486  50.283 0.0000000000
49262  -5.421  -31.368  50.426 0.0000000000
49263  -6.696  -31.350  50.709 0.0000000000
49264  -7.942  -31.370  50.576 0.0000000000
49282  1.239  -31.605  49.436 0.0000000000
49283  -1.231  -32.389  49.109 0.0000000000
49284  -1.740  -32.171  49.487 0.0000000000
49285  -2.680  -31.714  49.338 0.0000000000
49286  -3.721  -31.409  49.247 0.0000000000
49287  -4.842  -31.292  49.269 0.0000000000
49288  -6.018  -31.331  49.427 0.0000000000
49289  -7.193  -31.378  49.516 0.0000000000
49302  1.150  -31.693  48.510 0.0000000000
49303  0.954  -31.544  48.034 0.0000000000
49304  -1.447  -32.307  48.791 0.0000000000
49305  -2.019  -32.066  48.484 0.0000000000
49306  -3.025  -31.609  48.296 0.0000000000
49307  -4.124  -31.407  48.107 0.0000000000
49308  -5.324  -31.456  48.203 0.0000000000
49309  -6.470  -31.555  48.430 0.0000000000
49310  -7.516  -31.668  48.463 0.0000000000
49321  1.079  -31.864  47.871 0.0000000000
49322  0.722  -31.797  47.441 0.0000000000
49323  0.263  -31.714  46.954 0.0000000000
49324  -0.254  -31.575  46.648 0.0000000000
49325  -2.421  -32.050  47.665 0.0000000000
49326  -3.312  -31.987  47.209 0.0000000000
49327  -4.522  -32.210  46.976 0.0000000000
49328  -5.825  -32.114  47.445 0.0000000000
49329  -6.781  -32.005  47.716 0.0000000000
49330  -7.509  -32.241  47.565 0.0000000000
49343  0.393  -31.991  46.920 0.0000000000
49344  -0.018  -31.994  46.417 0.0000000000
49345  -0.608  -31.635  46.022 0.0000000000
49346  -3.707  -32.381  46.699 0.0000000000
49347  -3.922  -32.583  46.458 0.0000000000
49360  -0.529  -32.091  45.890 0.0000000000
49361  -0.959  -31.752  45.205 0.0000000000
49362  -5.192  -32.697  45.024 0.0000000000
49363  -5.663  -32.303  45.008 0.0000000000
49364  -6.715  -32.047  45.232 0.0000000000
49379  -1.751  -31.545  44.527 0.0000000000
49380  -2.794  -31.740  44.349 0.0000000000
49381  -3.787  -31.882  44.527 0.0000000000
49382  -4.776  -32.208  44.784 0.0000000000
49383  -5.209  -32.125  44.842 0.0000000000
50236  -3.884  -30.254  65.846 0.0000000000
50237  -4.336  -30.601  66.096 0.0000000000
50238  -5.038  -30.651  66.354 0.0000000000
50239  -5.395  -31.171  66.372 0.0000000000
50240  -2.671  -29.925  64.884 0.0000000000
50241  -3.270  -30.305  65.323 0.0000000000
50242  -3.873  -30.715  65.738 0.0000000000
50243  -5.415  -30.190  65.982 0.0000000000
50244  -5.619  -30.958  66.234 0.0000000000
50245  -1.661  -30.521  63.865 0.0000000000
50246  -2.130  -30.270  64.399 0.0000000000
50247  -2.610  -30.493  64.734 0.0000000000
50248  -5.379  -30.036  65.103 0.0000000000
50249  -5.824  -30.746  65.643 0.0000000000
50250  -1.473  -30.686  63.320 0.0000000000
50251  -5.206  -29.998  63.987 0.0000000000
50252  -5.745  -30.690  64.659 0.0000000000
50259  -1.729  -30.645  62.536 0.0000000000
50260  -2.265  -30.098  62.299 0.0000000000
50261  -5.287  -29.899  62.932 0.0000000000
50262  -5.613  -30.670  63.491 0.0000000000
50270  -1.868  -31.123  61.900 0.0000000000
50271  -2.631  -30.636  61.515 0.0000000000
50272  -3.246  -30.057  61.058 0.0000000000
50273  -5.507  -29.717  62.380 0.0000000000
50274  -5.731  -30.360  62.188 0.0000000000
50282  -2.978  -31.139  60.687 0.0000000000
50283  -3.525  -30.603  60.388 0.0000000000
50284  -6.393  -30.503  61.180 0.0000000000
50285  -7.197  -30.506  60.428 0.0000000000
50286  -7.693  -29.918  60.179 0.0000000000
50295  3.178  -30.293  58.955 0.0000000000
50296  2.933  -30.377  59.200 0.0000000000
50297  2.526  -30.505  59.369 0.0000000000
50298  1.868  -30.600  59.356 0.0000000000
50299  -4.123  -30.447  59.091 0.0000000000
50300  -4.544  -29.870  58.810 0.0000000000
50301  -7.548  -30.915  60.066 0.0000000000
50302  -8.172  -30.385  59.582 0.0000000000
50303  -8.914  -29.917  59.152 0.0000000000
50312  3.311  -30.229  58.500 0.0000000000
50313  0.981  -30.624  58.789 0.0000000000
50314  -4.136  -30.761  58.098 0.0000000000
50315  -4.565  -30.186  58.199 0.0000000000
50316  -8.536  -30.983  58.754 0.0000000000
50317  -9.454  -30.380  58.321 0.0000000000
50328  3.349  -30.054  57.962 0.0000000000
50329  3.109  -30.344  57.343 0.0000000000
50330  0.405  -30.604  57.902 0.0000000000
50331  -0.080  -30.563  57.171 0.0000000000
50332  -3.783  -31.072  57.547 0.0000000000
50333  -4.293  -30.608  57.326 0.0000000000
50334  -9.789  -30.789  57.505 0.0000000000
50347  2.809  -30.667  56.683 0.0000000000
50348  -0.631  -30.507  56.485 0.0000000000
50349  -1.391  -30.882  56.196 0.0000000000
50350  -2.296  -31.056  56.126 0.0000000000
50351  -3.437  -30.973  56.531 0.0000000000
50369  2.472  -30.525  55.927 0.0000000000
50370  2.158  -30.818  55.442 0.0000000000
50371  -1.074  -30.197  55.855 0.0000000000
50393  2.200  -30.283  55.321 0.0000000000
50394  1.882  -30.599  54.846 0.0000000000
50408  1.445  -30.578  53.817 0.0000000000
50418  1.108  -30.685  52.555 0.0000000000
50419  1.065  -31.174  51.908 0.0000000000
50430  1.155  -30.865  51.401 0.0000000000
50431  1.149  -31.224  51.669 0.0000000000
50445  1.211  -30.667  50.214 0.0000000000
50446  0.951  -30.291  49.774 0.0000000000
50463  1.063  -31.039  49.257 0.0000000000
50464  0.590  -30.496  49.132 0.0000000000
50465  -0.119  -30.354  48.829 0.0000000000
50481  0.883  -31.218  48.576 0.0000000000
50482  0.378  -31.103  48.068 0.0000000000
50483  -0.851  -30.612  48.209 0.0000000000
50484  -1.798  -30.285  47.758 0.0000000000
50485  -2.242  -29.872  47.533 0.0000000000
50500  0.384  -31.485  47.380 0.0000000000
50501  -0.130  -31.266  47.302 0.0000000000
50502  -1.111  -30.996  46.859 0.0000000000
50503  -1.959  -30.192  46.977 0.0000000000
50520  -1.224  -30.848  45.690 0.0000000000
50521  -1.571  -30.379  46.313 0.0000000000
50543  -1.432  -30.780  44.904 0.0000000000
50544  -5.202  -30.867  44.991 0.0000000000
50545  -5.971  -31.216  45.146 0.0000000000
50568  -1.800  -30.564  44.528 0.0000000000
50569  -2.350  -30.768  44.320 0.0000000000
50570  -3.300  -30.924  44.404 0.0000000000
50571  -4.395  -31.121  44.735 0.0000000000
50572  -5.200  -31.696  44.866 0.0000000000
51498  -4.112  -30.100  66.013 0.0000000000
51499  -4.440  -29.987  66.100 0.0000000000
51500  -4.922  -29.825  66.120 0.0000000000
51501  -3.012  -29.350  65.197 0.0000000000
51502  -3.794  -29.549  65.635 0.0000000000
51503  -4.386  -29.334  65.519 0.0000000000
51504  -4.981  -29.545  65.472 0.0000000000
51505  -2.052  -29.633  64.184 0.0000000000
51506  -2.481  -29.377  64.676 0.0000000000
51507  -4.558  -28.995  65.009 0.0000000000
51508  -4.874  -29.214  64.457 0.0000000000
51514  -1.834  -29.852  63.756 0.0000000000
51515  -1.999  -29.543  63.543 0.0000000000
51516  -5.099  -29.163  63.349 0.0000000000
51525  -1.816  -30.071  63.291 0.0000000000
51526  -2.187  -29.609  62.907 0.0000000000
51527  -5.423  -29.213  62.563 0.0000000000
51534  -2.628  -29.558  62.138 0.0000000000
51535  -3.104  -29.532  61.529 0.0000000000
51536  -5.754  -29.322  62.007 0.0000000000
51537  -6.347  -29.470  61.306 0.0000000000
51538  -7.036  -29.361  60.858 0.0000000000
51539  -8.631  -28.709  61.110 0.0000000000
51540  -9.203  -28.772  61.205 0.0000000000
51546  -3.660  -29.436  60.794 0.0000000000
51547  -4.148  -29.098  60.173 0.0000000000
51548  -6.801  -29.891  60.758 0.0000000000
51549  -7.381  -29.658  60.508 0.0000000000
51550  -8.261  -29.222  60.494 0.0000000000
51551  -9.473  -29.182  60.493 0.0000000000
51557  3.046  -29.750  59.190 0.0000000000
51558  2.713  -29.651  59.403 0.0000000000
51559  2.168  -29.603  59.516 0.0000000000
51560  1.524  -29.547  59.166 0.0000000000
51561  -4.065  -29.830  60.008 0.0000000000
51562  -4.509  -29.402  59.409 0.0000000000
51563  -8.816  -29.572  59.743 0.0000000000
51564  -9.646  -29.576  59.410 0.0000000000
51571  3.266  -29.521  58.896 0.0000000000
51572  0.988  -29.421  58.785 0.0000000000
51573  -4.903  -29.381  58.504 0.0000000000
51575  -9.956  -29.721  58.785 0.0000000000
51585  3.411  -29.354  58.342 0.0000000000
51586  3.250  -29.242  57.561 0.0000000000
51587  0.701  -29.618  58.177 0.0000000000
51588  0.324  -29.632  57.410 0.0000000000
51589  -5.036  -29.760  57.303 0.0000000000
51598  2.788  -29.639  56.560 0.0000000000
51599  -0.135  -29.610  56.680 0.0000000000
51612  2.269  -29.552  55.450 0.0000000000
51613  1.869  -29.078  55.013 0.0000000000
51614  -0.652  -29.538  56.064 0.0000000000
51632  2.100  -30.000  55.013 0.0000000000
51633  1.771  -29.550  54.444 0.0000000000
51645  1.428  -29.514  53.152 0.0000000000
51658  1.313  -29.562  52.011 0.0000000000
51667  1.250  -29.592  51.043 0.0000000000
51676  0.985  -29.534  50.376 0.0000000000
51677  0.593  -29.628  49.918 0.0000000000
51686  0.043  -29.667  49.548 0.0000000000
51687  -0.977  -29.734  49.192 0.0000000000
51688  -2.048  -29.228  49.065 0.0000000000
51689  -2.569  -28.821  48.795 0.0000000000
51698  -1.171  -30.169  48.693 0.0000000000
51699  -1.622  -29.992  48.572 0.0000000000
51700  -2.509  -29.422  48.176 0.0000000000
51710  -2.464  -29.432  47.155 0.0000000000
51718  -1.581  -30.085  45.837 0.0000000000
51719  -1.943  -29.612  46.301 0.0000000000
51731  -1.544  -29.860  45.293 0.0000000000
51732  -1.671  -29.617  45.746 0.0000000000
51733  -4.813  -30.056  45.009 0.0000000000
51734  -5.641  -30.182  45.231 0.0000000000
51735  -6.475  -30.216  45.380 0.0000000000
51749  -1.707  -29.791  44.756 0.0000000000
51750  -2.069  -29.771  44.395 0.0000000000
51751  -2.853  -29.839  44.325 0.0000000000
51752  -3.871  -29.937  44.614 0.0000000000
52761  -2.854  -28.615  64.876 0.0000000000
52762  -3.410  -28.655  65.146 0.0000000000
52763  -3.908  -28.606  65.222 0.0000000000
52764  -2.043  -29.249  63.988 0.0000000000
52765  -2.394  -28.731  64.321 0.0000000000
52766  -4.261  -28.444  64.953 0.0000000000
52775  -2.020  -29.372  63.787 0.0000000000
52776  -2.266  -28.821  63.603 0.0000000000
52786  -2.780  -28.565  62.604 0.0000000000
52790  -7.696  -28.163  61.659 0.0000000000
52801  -2.960  -29.018  61.967 0.0000000000
52802  -3.384  -28.471  61.624 0.0000000000
52803  -5.723  -28.808  62.256 0.0000000000
52804  -6.317  -28.407  61.924 0.0000000000
52805  -7.226  -28.693  61.204 0.0000000000
52806  -8.127  -28.529  61.221 0.0000000000
52816  2.269  -27.929  59.872 0.0000000000
52817  1.880  -27.834  59.863 0.0000000000
52820  -7.537  -29.168  60.772 0.0000000000
52821  -7.792  -28.900  60.905 0.0000000000
52834  3.002  -28.823  59.341 0.0000000000
52835  2.485  -28.766  59.647 0.0000000000
52836  1.790  -28.461  59.589 0.0000000000
52837  1.141  -28.597  59.074 0.0000000000
52853  3.402  -28.540  58.835 0.0000000000
52854  0.822  -28.694  58.433 0.0000000000
52871  3.553  -28.455  58.149 0.0000000000
52872  3.376  -28.294  57.562 0.0000000000
52873  0.528  -28.707  57.801 0.0000000000
52874  0.162  -28.615  57.043 0.0000000000
52889  2.966  -28.511  56.943 0.0000000000
52890  -0.315  -28.683  56.340 0.0000000000
52912  2.570  -28.603  56.092 0.0000000000
52913  2.045  -28.533  55.366 0.0000000000
52939  1.722  -28.493  54.598 0.0000000000
52958  1.597  -28.483  53.624 0.0000000000
52978  1.566  -28.336  52.493 0.0000000000
52996  1.442  -28.502  51.560 0.0000000000
53010  1.182  -28.488  50.873 0.0000000000
53011  0.593  -28.474  50.366 0.0000000000
53012  0.228  -27.870  50.251 0.0000000000
53019  0.263  -29.091  50.013 0.0000000000
53020  -0.283  -28.502  49.944 0.0000000000
53021  -1.519  -28.459  49.616 0.0000000000
53022  -2.444  -28.319  49.237 0.0000000000
53026  -3.012  -28.196  48.499 0.0000000000
53027  -3.288  -27.532  48.239 0.0000000000
53030  -2.944  -28.613  47.518 0.0000000000
53031  -3.266  -27.775  47.757 0.0000000000
53033  -2.444  -28.540  46.558 0.0000000000
53034  -3.018  -27.938  47.093 0.0000000000
53037  -1.477  -28.827  44.924 0.0000000000
53038  -1.744  -28.864  45.644 0.0000000000
53039  -5.351  -29.389  45.159 0.0000000000
53040  -6.108  -29.360  45.317 0.0000000000
53045  -1.763  -28.786  44.471 0.0000000000
53046  -2.416  -28.775  44.218 0.0000000000
53047  -3.441  -28.818  44.371 0.0000000000
53048  -4.602  -28.889  44.843 0.0000000000
53049  -5.673  -28.584  45.060 0.0000000000
53993  -3.306  -28.013  64.784 0.0000000000
53994  -3.720  -28.017  64.858 0.0000000000
53996  -2.896  -27.939  64.536 0.0000000000
54005  -2.658  -27.829  64.012 0.0000000000
54016  -2.719  -27.957  63.375 0.0000000000
54029  -7.137  -28.084  61.750 0.0000000000
54038  2.999  -26.779  59.954 0.0000000000
54039  2.642  -27.161  60.006 0.0000000000
54040  1.918  -27.239  60.000 0.0000000000
54041  1.420  -27.143  59.745 0.0000000000
54058  3.270  -27.390  59.511 0.0000000000
54059  2.781  -28.041  59.752 0.0000000000
54060  1.635  -27.680  59.763 0.0000000000
54061  1.227  -27.707  59.432 0.0000000000
54078  3.651  -27.613  58.624 0.0000000000
54079  0.772  -27.668  58.656 0.0000000000
54080  0.573  -27.127  58.345 0.0000000000
54092  3.624  -27.643  57.883 0.0000000000
54093  3.259  -27.637  57.241 0.0000000000
54094  0.616  -28.151  58.153 0.0000000000
54095  0.354  -27.549  57.765 0.0000000000
54108  2.791  -27.671  56.541 0.0000000000
54109  -0.227  -27.558  56.622 0.0000000000
54128  2.285  -27.681  55.813 0.0000000000
54129  1.751  -27.647  55.067 0.0000000000
54145  1.616  -27.565  54.103 0.0000000000
54158  1.640  -27.465  53.117 0.0000000000
54173  1.691  -27.315  52.357 0.0000000000
54190  1.616  -27.647  51.865 0.0000000000
54206  1.405  -27.517  51.304 0.0000000000
54207  1.007  -27.430  50.783 0.0000000000
54208  0.519  -27.290  50.421 0.0000000000
54223  -0.082  -27.281  50.120 0.0000000000
54224  -0.993  -27.385  49.881 0.0000000000
54225  -2.128  -27.353  49.622 0.0000000000
54226  -2.788  -26.919  49.241 0.0000000000
54235  -2.805  -27.604  49.135 0.0000000000
54236  -3.187  -27.090  48.655 0.0000000000
54244  -3.465  -27.014  47.956 0.0000000000
54247  -2.700  -27.436  46.560 0.0000000000
54248  -3.262  -27.176  47.229 0.0000000000
54251  -1.352  -27.793  45.183 0.0000000000
54252  -1.913  -27.690  45.890 0.0000000000
54255  -1.482  -27.750  44.555 0.0000000000
54256  -1.876  -27.765  43.965 0.0000000000
54257  -2.979  -27.663  43.912 0.0000000000
54258  -4.161  -27.882  44.322 0.0000000000
54259  -5.215  -27.838  44.621 0.0000000000
54267  -2.264  -27.229  43.731 0.0000000000
54268  -2.670  -27.007  43.697 0.0000000000
55236  3.221  -26.332  59.916 0.0000000000
55237  2.825  -26.244  60.179 0.0000000000
55238  2.217  -26.305  60.163 0.0000000000
55239  1.569  -26.373  59.910 0.0000000000
55255  3.538  -26.383  59.527 0.0000000000
55256  0.963  -26.557  59.203 0.0000000000
55257  0.655  -25.925  58.850 0.0000000000
55268  3.730  -26.717  58.978 0.0000000000
55269  0.688  -26.933  58.638 0.0000000000
55270  0.463  -26.401  58.337 0.0000000000
55279  3.755  -26.855  58.215 0.0000000000
55280  3.533  -26.975  57.575 0.0000000000
55281  -0.096  -26.257  57.266 0.0000000000
55282  -0.403  -25.709  56.882 0.0000000000
55296  3.088  -26.788  56.964 0.0000000000
55297  -0.401  -26.798  56.628 0.0000000000
55313  2.494  -26.810  56.257 0.0000000000
55314  1.982  -26.782  55.575 0.0000000000
55328  1.572  -26.657  54.714 0.0000000000
55342  1.492  -26.582  53.666 0.0000000000
55355  1.634  -26.519  52.709 0.0000000000
55369  1.637  -26.645  51.832 0.0000000000
55386  1.250  -26.505  51.156 0.0000000000
55387  0.803  -26.417  50.671 0.0000000000
55388  0.250  -26.358  50.274 0.0000000000
55409  -0.526  -26.360  49.975 0.0000000000
55410  -1.491  -26.361  49.786 0.0000000000
55411  -2.394  -26.273  49.486 0.0000000000
55412  -3.055  -26.196  48.997 0.0000000000
55431  -3.423  -26.082  48.273 0.0000000000
55452  -3.503  -26.271  47.450 0.0000000000
55469  -2.261  -26.644  46.044 0.0000000000
55470  -3.078  -26.468  46.693 0.0000000000
55486  -1.130  -26.728  44.712 0.0000000000
55487  -1.453  -26.714  45.368 0.0000000000
55500  -1.329  -26.721  43.948 0.0000000000
55501  -1.840  -27.098  43.766 0.0000000000
55502  -3.959  -27.103  44.003 0.0000000000
55503  -4.872  -27.089  44.195 0.0000000000
55515  -1.527  -26.118  43.581 0.0000000000
55516  -2.190  -26.527  43.571 0.0000000000
55517  -3.336  -26.564  43.699 0.0000000000
55518  -4.499  -26.358  43.906 0.0000000000
55519  -5.546  -26.319  44.090 0.0000000000
56456  2.235  -24.470  60.622 0.0000000000
56457  1.905  -24.655  60.486 0.0000000000
56458  1.458  -24.766  60.193 0.0000000000
56468  3.117  -25.507  60.262 0.0000000000
56469  2.485  -25.156  60.374 0.0000000000
56470  1.813  -25.436  60.171 0.0000000000
56471  1.188  -25.369  59.758 0.0000000000
56485  3.538  -25.664  59.848 0.0000000000
56486  0.705  -25.387  59.220 0.0000000000
56487  0.383  -25.391  58.664 0.0000000000
56500  3.799  -25.816  59.163 0.0000000000
56501  3.782  -25.604  58.501 0.0000000000
56502  0.135  -25.547  58.010 0.0000000000
56503  -0.102  -25.045  57.927 0.0000000000
56516  3.810  -26.191  58.523 0.0000000000
56517  3.502  -25.979  57.740 0.0000000000
56518  -0.091  -25.476  57.644 0.0000000000
56519  -0.322  -25.141  57.401 0.0000000000
56540  2.607  -25.689  56.643 0.0000000000
56541  2.091  -24.877  56.309 0.0000000000
56563  2.175  -26.230  56.027 0.0000000000
56564  1.741  -25.618  55.578 0.0000000000
56585  1.298  -25.629  54.328 0.0000000000
56607  1.458  -25.564  53.243 0.0000000000
56626  1.635  -25.533  52.319 0.0000000000
56641  1.410  -25.535  51.578 0.0000000000
56653  0.973  -25.505  51.019 0.0000000000
56654  0.506  -25.442  50.528 0.0000000000
56655  -0.118  -25.399  50.111 0.0000000000
56667  -0.963  -25.394  49.844 0.0000000000
56668  -1.897  -25.376  49.621 0.0000000000
56669  -2.703  -25.389  49.233 0.0000000000
56670  -3.246  -25.341  48.698 0.0000000000
56683  -3.516  -25.276  48.277 0.0000000000
56703  -3.690  -25.301  47.742 0.0000000000
56724  -2.749  -25.651  46.197 0.0000000000
56725  -3.497  -25.441  46.868 0.0000000000
56744  -0.518  -24.854  44.710 0.0000000000
56745  -0.781  -25.532  45.005 0.0000000000
56746  -1.772  -25.719  45.617 0.0000000000
56762  -0.449  -25.036  44.431 0.0000000000
56763  -0.744  -25.802  44.270 0.0000000000
56778  -0.545  -25.115  43.974 0.0000000000
56779  -1.047  -25.544  43.606 0.0000000000
56780  -1.949  -25.546  43.312 0.0000000000
56781  -3.007  -25.643  43.377 0.0000000000
56782  -4.118  -25.612  43.554 0.0000000000
56783  -5.201  -25.532  43.808 0.0000000000
57789  3.074  -24.158  60.719 0.0000000000
57790  2.550  -24.187  60.757 0.0000000000
57791  1.946  -24.035  60.773 0.0000000000
57792  1.416  -24.151  60.499 0.0000000000
57796  3.365  -24.777  60.215 0.0000000000
57797  2.971  -24.767  60.598 0.0000000000
57798  0.816  -24.307  60.041 0.0000000000
57799  0.385  -23.870  59.836 0.0000000000
57806  3.736  -25.039  59.557 0.0000000000
57807  0.761  -24.826  59.574 0.0000000000
57808  0.240  -24.335  59.223 0.0000000000
57809  -0.277  -23.769  58.930 0.0000000000
57818  3.774  -25.027  58.905 0.0000000000
57819  3.584  -25.078  58.258 0.0000000000
57820  0.084  -24.891  58.387 0.0000000000
57821  -0.330  -24.292  58.228 0.0000000000
57837  3.088  -24.794  57.581 0.0000000000
57838  -0.709  -24.217  57.291 0.0000000000
57854  2.488  -24.497  56.872 0.0000000000
57855  2.066  -24.215  56.507 0.0000000000
57867  1.691  -24.372  55.896 0.0000000000
57881  1.286  -24.592  54.942 0.0000000000
57894  1.266  -24.591  53.870 0.0000000000
57907  1.552  -24.495  52.879 0.0000000000
57920  1.587  -24.457  51.998 0.0000000000
57934  1.132  -24.534  51.393 0.0000000000
57935  0.667  -24.526  50.892 0.0000000000
57936  0.178  -24.433  50.380 0.0000000000
57948  -0.525  -24.427  49.978 0.0000000000
57949  -1.378  -24.431  49.702 0.0000000000
57950  -2.326  -24.394  49.370 0.0000000000
57951  -3.024  -24.701  48.986 0.0000000000
57965  -2.947  -24.017  48.981 0.0000000000
57966  -3.505  -24.319  48.331 0.0000000000
57984  -3.884  -24.249  47.171 0.0000000000
57985  -3.908  -23.646  46.819 0.0000000000
58002  -2.348  -24.958  45.813 0.0000000000
58003  -3.248  -24.464  46.262 0.0000000000
58004  -3.707  -23.861  46.590 0.0000000000
58020  -0.527  -24.260  44.498 0.0000000000
58021  -0.707  -24.370  44.927 0.0000000000
58022  -1.464  -24.569  45.450 0.0000000000
58023  -2.459  -24.196  45.736 0.0000000000
58037  -0.506  -24.358  44.045 0.0000000000
58051  -0.836  -24.532  43.578 0.0000000000
58052  -1.594  -24.462  43.043 0.0000000000
58053  -2.720  -24.766  42.992 0.0000000000
58054  -3.811  -24.830  43.129 0.0000000000
58055  -4.879  -24.783  43.361 0.0000000000
58069  -1.928  -23.743  42.751 0.0000000000
58070  -2.547  -23.912  42.723 0.0000000000
58071  -3.550  -24.034  42.753 0.0000000000
58072  -4.592  -24.072  42.892 0.0000000000
59132  3.059  -23.754  60.691 0.0000000000
59133  2.689  -23.465  60.808 0.0000000000
59134  2.116  -23.382  60.953 0.0000000000
59135  1.288  -23.348  60.815 0.0000000000
59136  0.663  -22.816  60.790 0.0000000000
59137  3.303  -23.980  60.362 0.0000000000
59138  2.999  -23.398  60.492 0.0000000000
59139  0.965  -23.784  60.453 0.0000000000
59140  0.339  -23.263  60.282 0.0000000000
59141  -0.224  -22.789  60.087 0.0000000000
59147  3.585  -24.320  59.703 0.0000000000
59148  3.292  -23.563  59.829 0.0000000000
59149  0.168  -23.648  59.729 0.0000000000
59150  -0.286  -23.216  59.563 0.0000000000
59162  3.696  -24.616  59.239 0.0000000000
59163  3.360  -24.086  58.735 0.0000000000
59164  -0.678  -23.241  58.593 0.0000000000
59165  -1.022  -22.755  58.376 0.0000000000
59178  2.578  -23.627  57.533 0.0000000000
59179  2.091  -22.973  57.341 0.0000000000
59180  -0.694  -23.715  57.944 0.0000000000
59181  -1.124  -23.120  57.664 0.0000000000
59190  2.260  -23.927  56.865 0.0000000000
59191  1.808  -23.435  56.617 0.0000000000
59203  1.278  -23.530  55.445 0.0000000000
59219  1.218  -23.746  54.470 0.0000000000
59234  1.321  -23.498  53.588 0.0000000000
59247  1.465  -23.369  52.600 0.0000000000
59264  1.252  -23.353  51.733 0.0000000000
59265  0.848  -23.003  51.290 0.0000000000
59284  0.851  -23.768  51.216 0.0000000000
59285  0.445  -23.406  50.797 0.0000000000
59286  -0.216  -23.421  50.237 0.0000000000
59302  -0.958  -23.509  49.865 0.0000000000
59303  -1.708  -23.489  49.583 0.0000000000
59304  -2.475  -23.338  49.231 0.0000000000
59317  -3.124  -23.309  48.752 0.0000000000
59318  -3.516  -23.200  48.291 0.0000000000
59332  -3.817  -23.344  47.764 0.0000000000
59333  -4.027  -23.235  47.098 0.0000000000
59343  -3.512  -23.728  46.275 0.0000000000
59344  -3.826  -23.181  46.421 0.0000000000
59359  -0.606  -23.207  44.669 0.0000000000
59360  -1.058  -23.474  45.160 0.0000000000
59361  -1.982  -23.461  45.493 0.0000000000
59362  -3.159  -23.370  45.811 0.0000000000
59363  -3.667  -22.810  45.954 0.0000000000
59378  -0.434  -23.296  44.178 0.0000000000
59394  -0.725  -23.393  43.498 0.0000000000
59395  -1.052  -23.980  43.189 0.0000000000
59412  -1.396  -23.329  42.856 0.0000000000
59414  -3.320  -23.163  42.525 0.0000000000
59415  -4.336  -23.304  42.559 0.0000000000
60349  1.760  -22.225  61.161 0.0000000000
60350  1.359  -22.084  61.261 0.0000000000
60351  0.648  -21.798  61.360 0.0000000000
60352  0.098  -21.538  61.397 0.0000000000
60353  2.114  -22.630  61.014 0.0000000000
60354  1.681  -22.692  61.117 0.0000000000
60355  0.958  -22.519  61.152 0.0000000000
60356  0.020  -22.068  60.865 0.0000000000
60357  -0.614  -21.658  60.701 0.0000000000
60361  2.514  -22.760  60.691 0.0000000000
60362  -0.150  -22.557  60.332 0.0000000000
60363  -0.668  -22.016  60.111 0.0000000000
60364  -1.202  -21.463  59.965 0.0000000000
60369  2.865  -22.807  60.101 0.0000000000
60370  -0.848  -22.466  59.185 0.0000000000
60371  -1.276  -21.703  59.507 0.0000000000
60383  2.992  -23.000  59.268 0.0000000000
60384  2.600  -22.479  58.866 0.0000000000
60385  -0.960  -22.620  58.689 0.0000000000
60386  -1.449  -22.121  58.528 0.0000000000
60387  -2.112  -21.674  57.955 0.0000000000
60397  2.839  -23.086  58.460 0.0000000000
60398  2.252  -22.506  58.038 0.0000000000
60399  -1.802  -22.259  57.393 0.0000000000
60409  1.626  -22.374  57.155 0.0000000000
60419  1.116  -22.449  56.049 0.0000000000
60435  1.004  -22.569  54.621 0.0000000000
60454  1.215  -22.277  53.343 0.0000000000
60474  1.336  -22.200  52.361 0.0000000000
60493  1.069  -22.211  51.645 0.0000000000
60494  0.597  -22.315  51.139 0.0000000000
60519  0.044  -22.427  50.612 0.0000000000
60520  -0.838  -22.398  50.085 0.0000000000
60521  -1.434  -21.706  49.949 0.0000000000
60548  -1.308  -22.927  49.748 0.0000000000
60549  -1.880  -22.368  49.552 0.0000000000
60550  -2.761  -22.467  48.993 0.0000000000
60574  -3.309  -22.483  48.533 0.0000000000
60575  -3.721  -22.503  48.064 0.0000000000
60595  -3.988  -22.498  47.517 0.0000000000
60596  -4.167  -22.377  46.839 0.0000000000
60609  -3.949  -22.279  46.124 0.0000000000
60622  -0.476  -22.166  44.625 0.0000000000
60623  -0.737  -22.473  44.954 0.0000000000
60624  -1.445  -22.537  45.217 0.0000000000
60625  -2.524  -22.473  45.358 0.0000000000
60626  -3.450  -22.327  45.615 0.0000000000
61604  1.538  -21.897  61.226 0.0000000000
61605  1.059  -21.366  61.428 0.0000000000
61606  0.186  -21.126  61.727 0.0000000000
61607  -0.478  -21.105  61.538 0.0000000000
61608  -1.192  -20.783  61.459 0.0000000000
61609  -1.685  -20.618  61.336 0.0000000000
61615  1.711  -21.782  61.133 0.0000000000
61616  1.372  -21.241  61.270 0.0000000000
61617  -0.684  -21.371  61.068 0.0000000000
61618  -1.120  -21.171  60.810 0.0000000000
61619  -1.890  -20.669  60.838 0.0000000000
61620  -2.430  -20.468  60.519 0.0000000000
61626  2.078  -22.075  60.933 0.0000000000
61627  -1.284  -21.234  60.326 0.0000000000
61628  -1.712  -20.975  59.997 0.0000000000
61629  -2.491  -20.592  59.809 0.0000000000
61635  2.299  -22.068  60.376 0.0000000000
61636  2.161  -21.641  59.836 0.0000000000
61637  -1.912  -21.246  59.243 0.0000000000
61638  -2.587  -20.778  58.977 0.0000000000
61646  2.535  -22.260  59.593 0.0000000000
61647  2.081  -21.691  58.988 0.0000000000
61648  -2.129  -21.366  58.570 0.0000000000
61649  -2.693  -21.023  58.043 0.0000000000
61659  1.566  -21.506  57.917 0.0000000000
61670  1.070  -21.369  56.772 0.0000000000
61684  0.832  -21.300  55.468 0.0000000000
61706  1.014  -21.178  54.177 0.0000000000
61731  1.290  -20.945  53.047 0.0000000000
61753  1.251  -21.172  52.108 0.0000000000
61769  0.758  -21.358  51.557 0.0000000000
61770  0.222  -21.564  51.093 0.0000000000
61786  -0.332  -21.583  50.671 0.0000000000
61787  -1.044  -21.351  50.372 0.0000000000
61788  -1.589  -21.163  50.105 0.0000000000
61806  -1.942  -21.316  49.712 0.0000000000
61807  -2.681  -21.405  49.084 0.0000000000
61808  -3.168  -20.914  48.766 0.0000000000
61824  -3.082  -21.947  48.743 0.0000000000
61825  -3.581  -21.462  48.328 0.0000000000
61826  -3.985  -21.011  47.848 0.0000000000
61841  -3.908  -21.994  47.860 0.0000000000
61842  -4.133  -21.496  47.429 0.0000000000
61856  -4.215  -21.435  46.466 0.0000000000
61868  -0.509  -21.656  44.712 0.0000000000
61869  -0.915  -21.613  44.994 0.0000000000
61870  -1.919  -21.516  45.084 0.0000000000
61871  -3.057  -21.441  45.175 0.0000000000
61872  -3.823  -21.414  45.738 0.0000000000
61888  -2.489  -20.949  45.064 0.0000000000
61889  -2.963  -20.671  45.054 0.0000000000
62845  -7.572  -19.043  65.099 0.0000000000
62846  -8.074  -19.123  64.885 0.0000000000
62847  -8.827  -19.210  64.557 0.0000000000
62848  -9.500  -19.307  64.369 0.0000000000
62849  -6.517  -19.299  64.667 0.0000000000
62850  -7.231  -19.312  64.677 0.0000000000
62851  -8.226  -19.449  64.254 0.0000000000
62855  -0.388  -19.630  62.362 0.0000000000
62856  -0.690  -19.759  62.495 0.0000000000
62857  -1.286  -19.848  62.691 0.0000000000
62858  -2.010  -19.826  62.816 0.0000000000
62859  -2.775  -19.697  62.888 0.0000000000
62860  -3.354  -19.621  62.894 0.0000000000
62861  -5.359  -19.442  63.868 0.0000000000
62862  -6.203  -19.472  64.031 0.0000000000
62863  -7.438  -19.553  63.684 0.0000000000
62869  0.996  -20.689  61.481 0.0000000000
62870  0.142  -20.283  61.958 0.0000000000
62871  -0.551  -20.443  62.128 0.0000000000
62872  -1.261  -20.380  62.118 0.0000000000
62873  -2.018  -20.234  62.067 0.0000000000
62874  -2.835  -19.845  62.208 0.0000000000
62875  -3.745  -19.593  62.495 0.0000000000
62876  -5.084  -19.419  62.959 0.0000000000
62877  -6.576  -19.550  62.819 0.0000000000
62884  1.799  -21.637  61.031 0.0000000000
62885  1.514  -21.050  61.135 0.0000000000
62886  -2.273  -20.300  61.570 0.0000000000
62887  -2.903  -20.005  61.377 0.0000000000
62888  -4.177  -19.601  61.528 0.0000000000
62889  -5.740  -19.437  61.451 0.0000000000
62896  1.890  -21.536  60.797 0.0000000000
62897  1.660  -20.859  60.612 0.0000000000
62898  -3.255  -20.014  60.513 0.0000000000
62899  -4.498  -19.540  60.217 0.0000000000
62906  1.966  -21.400  60.319 0.0000000000
62907  1.764  -20.870  59.781 0.0000000000
62908  -3.313  -20.154  59.531 0.0000000000
62909  -4.062  -19.786  58.953 0.0000000000
62914  1.416  -20.652  58.737 0.0000000000
62915  -3.293  -20.395  58.580 0.0000000000
62924  0.846  -20.440  57.623 0.0000000000
62925  0.470  -19.781  57.162 0.0000000000
62937  0.622  -20.121  56.313 0.0000000000
62938  0.412  -19.408  56.705 0.0000000000
62958  0.831  -20.109  54.986 0.0000000000
62981  1.101  -20.002  53.919 0.0000000000
62999  1.224  -19.859  53.217 0.0000000000
63017  1.195  -20.191  52.596 0.0000000000
63031  0.921  -20.398  51.996 0.0000000000
63032  0.241  -20.594  51.493 0.0000000000
63033  -0.189  -20.297  51.418 0.0000000000
63043  -0.105  -21.126  51.091 0.0000000000
63044  -0.568  -20.705  50.991 0.0000000000
63045  -1.584  -20.535  50.375 0.0000000000
63046  -2.117  -20.123  50.178 0.0000000000
63062  -1.881  -20.877  50.001 0.0000000000
63063  -2.300  -20.490  49.712 0.0000000000
63064  -2.966  -20.418  49.068 0.0000000000
63078  -3.467  -20.417  48.583 0.0000000000
63079  -3.946  -20.449  48.066 0.0000000000
63093  -4.187  -20.622  47.547 0.0000000000
63114  -4.384  -20.505  46.874 0.0000000000
63139  -1.176  -20.623  45.012 0.0000000000
63140  -1.942  -20.741  45.044 0.0000000000
63141  -3.566  -20.455  45.315 0.0000000000
63142  -4.225  -20.448  45.986 0.0000000000
63167  -1.738  -20.246  45.034 0.0000000000
63168  -2.402  -20.311  45.014 0.0000000000
63169  -3.010  -20.129  45.014 0.0000000000
64214  -5.952  -18.571  65.405 0.0000000000
64215  -6.519  -18.494  65.470 0.0000000000
64216  -7.203  -18.364  65.471 0.0000000000
64217  -7.577  -18.209  65.421 0.0000000000
64218  -4.060  -18.676  64.875 0.0000000000
64219  -4.692  -18.737  65.062 0.0000000000
64220  -5.518  -18.796  65.192 0.0000000000
64221  -6.273  -18.876  65.217 0.0000000000
64222  -7.052  -18.892  65.239 0.0000000000
64223  -7.810  -18.572  65.239 0.0000000000
64224  -8.581  -18.664  64.848 0.0000000000
64225  -9.294  -18.799  64.563 0.0000000000
64226  -1.316  -18.770  63.322 0.0000000000
64227  -1.820  -18.777  63.645 0.0000000000
64228  -2.553  -18.806  64.058 0.0000000000
64229  -3.433  -18.914  64.433 0.0000000000
64230  -4.242  -19.141  64.559 0.0000000000
64231  -5.078  -19.155  64.721 0.0000000000
64232  -5.953  -19.188  64.787 0.0000000000
64233  -6.618  -19.157  64.977 0.0000000000
64234  -9.968  -19.001  64.353 0.0000000000
64235  -10.543  -19.139  63.898 0.0000000000
64236  -0.219  -19.370  62.263 0.0000000000
64237  -0.799  -19.113  62.805 0.0000000000
64238  -1.288  -19.272  63.091 0.0000000000
64239  -1.933  -19.346  63.381 0.0000000000
64240  -2.724  -19.372  63.604 0.0000000000
64241  -3.645  -19.421  63.641 0.0000000000
64242  -4.709  -19.420  63.968 0.0000000000
64243  -5.455  -19.357  64.322 0.0000000000
64246  1.071  -20.322  61.368 0.0000000000
64247  0.483  -19.778  61.716 0.0000000000
64248  -3.733  -19.531  63.106 0.0000000000
64249  -4.179  -19.474  63.268 0.0000000000
64252  1.284  -20.163  61.037 0.0000000000
64253  0.859  -19.810  61.359 0.0000000000
64260  1.405  -20.062  60.340 0.0000000000
64267  1.257  -19.894  59.472 0.0000000000
64274  0.676  -19.538  58.429 0.0000000000
64275  0.333  -18.757  58.080 0.0000000000
64287  0.525  -19.729  57.695 0.0000000000
64288  0.255  -19.022  57.374 0.0000000000
64306  0.477  -19.266  56.220 0.0000000000
64307  0.384  -18.815  56.482 0.0000000000
64328  0.571  -19.112  55.651 0.0000000000
64329  0.480  -18.893  56.067 0.0000000000
64348  0.759  -19.048  54.674 0.0000000000
64363  0.912  -19.087  53.771 0.0000000000
64377  0.988  -19.291  53.034 0.0000000000
64378  0.741  -19.220  52.714 0.0000000000
64393  0.925  -19.725  52.481 0.0000000000
64394  0.550  -19.630  52.182 0.0000000000
64395  -0.022  -19.743  51.720 0.0000000000
64396  -0.731  -19.484  51.551 0.0000000000
64397  -1.507  -19.278  51.276 0.0000000000
64411  -0.511  -20.064  51.367 0.0000000000
64412  -1.158  -19.969  51.044 0.0000000000
64413  -2.073  -19.573  50.605 0.0000000000
64414  -2.736  -19.338  50.208 0.0000000000
64428  -2.440  -19.821  50.026 0.0000000000
64429  -3.048  -19.599  49.598 0.0000000000
64430  -3.620  -19.311  49.167 0.0000000000
64447  -3.366  -19.830  48.943 0.0000000000
64448  -3.950  -19.537  48.531 0.0000000000
64468  -4.407  -19.645  47.540 0.0000000000
64491  -4.516  -19.319  46.415 0.0000000000
64514  -0.548  -19.701  45.067 0.0000000000
64515  -3.256  -19.528  45.099 0.0000000000
64516  -3.999  -19.454  45.542 0.0000000000
64537  -1.297  -19.757  45.076 0.0000000000
64538  -1.924  -19.748  44.984 0.0000000000
64539  -2.572  -19.643  44.976 0.0000000000
65653  -4.686  -17.701  65.380 0.0000000000
65654  -5.060  -17.869  65.507 0.0000000000
65655  -5.855  -18.111  65.617 0.0000000000
65656  -6.736  -17.974  65.656 0.0000000000
65657  -7.358  -17.905  65.510 0.0000000000
65658  -7.820  -17.958  65.326 0.0000000000
65659  -3.685  -17.810  65.009 0.0000000000
65660  -4.237  -18.094  65.225 0.0000000000
65661  -5.148  -18.374  65.381 0.0000000000
65662  -5.613  -18.478  65.410 0.0000000000
65663  -8.340  -18.066  65.014 0.0000000000
65664  -9.052  -18.158  64.582 0.0000000000
65665  -9.638  -18.481  64.341 0.0000000000
65666  -1.653  -18.297  63.635 0.0000000000
65667  -2.294  -18.207  64.111 0.0000000000
65668  -3.233  -18.175  64.700 0.0000000000
65669  -3.739  -18.460  64.852 0.0000000000
65670  -9.594  -18.092  64.208 0.0000000000
65671  -10.212  -18.410  63.933 0.0000000000
65672  -10.836  -18.736  63.578 0.0000000000
65673  -0.678  -18.574  62.689 0.0000000000
65674  -1.170  -18.416  63.229 0.0000000000
65675  -10.769  -18.296  63.427 0.0000000000
65676  -11.411  -18.605  63.063 0.0000000000
65678  -0.098  -18.807  62.094 0.0000000000
65679  -11.925  -18.466  62.477 0.0000000000
65682  0.897  -19.639  61.172 0.0000000000
65683  0.432  -19.040  61.379 0.0000000000
65687  0.957  -19.466  60.813 0.0000000000
65688  0.508  -18.647  60.646 0.0000000000
65691  0.935  -19.269  60.089 0.0000000000
65692  0.453  -18.421  59.786 0.0000000000
65696  0.729  -19.129  59.327 0.0000000000
65697  0.381  -18.360  58.721 0.0000000000
65705  0.358  -18.057  57.700 0.0000000000
65716  0.626  -17.454  56.197 0.0000000000
65717  0.490  -17.964  56.619 0.0000000000
65728  0.641  -17.996  55.601 0.0000000000
65729  0.521  -18.503  56.046 0.0000000000
65741  0.747  -18.143  54.540 0.0000000000
65752  0.716  -18.270  53.638 0.0000000000
65753  0.577  -18.060  53.392 0.0000000000
65764  0.747  -18.847  53.042 0.0000000000
65765  0.402  -18.587  52.786 0.0000000000
65766  -0.603  -18.220  52.547 0.0000000000
65767  -1.718  -18.017  52.292 0.0000000000
65768  -2.348  -17.871  52.016 0.0000000000
65779  0.236  -19.239  52.187 0.0000000000
65780  -0.232  -18.988  52.059 0.0000000000
65781  -1.178  -18.774  51.854 0.0000000000
65782  -2.468  -18.468  51.370 0.0000000000
65783  -3.293  -18.067  51.066 0.0000000000
65798  -2.686  -19.012  50.604 0.0000000000
65799  -3.473  -18.581  50.339 0.0000000000
65800  -4.163  -17.993  49.957 0.0000000000
65816  -3.587  -19.016  49.571 0.0000000000
65817  -4.149  -18.527  49.266 0.0000000000
65834  -4.525  -18.566  48.171 0.0000000000
65850  -4.769  -18.463  47.184 0.0000000000
65863  -4.613  -18.254  46.426 0.0000000000
65877  -1.084  -18.793  45.213 0.0000000000
65878  -2.123  -18.379  45.193 0.0000000000
65879  -3.279  -18.511  45.280 0.0000000000
65880  -4.223  -18.453  45.794 0.0000000000
65896  -1.551  -19.365  45.047 0.0000000000
65897  -1.985  -19.142  44.957 0.0000000000
65898  -2.678  -19.017  44.985 0.0000000000
66993  -4.522  -17.429  65.266 0.0000000000
66994  -4.990  -17.411  65.427 0.0000000000
66995  -5.585  -17.443  65.571 0.0000000000
66996  -6.335  -17.428  65.626 0.0000000000
66997  -7.023  -17.421  65.505 0.0000000000
66998  -7.534  -17.443  65.252 0.0000000000
66999  -3.417  -17.514  64.806 0.0000000000
67000  -4.005  -17.460  65.062 0.0000000000
67001  -8.002  -17.484  64.962 0.0000000000
67002  -8.545  -17.504  64.597 0.0000000000
67003  -1.480  -18.024  63.505 0.0000000000
67004  -1.945  -17.688  63.793 0.0000000000
67005  -2.729  -17.599  64.396 0.0000000000
67006  -9.214  -17.491  64.145 0.0000000000
67007  -9.810  -17.832  63.898 0.0000000000
67008  -0.616  -18.004  62.440 0.0000000000
67009  -1.270  -17.769  63.165 0.0000000000
67010  -1.764  -17.421  63.499 0.0000000000
67011  -9.701  -17.307  63.704 0.0000000000
67012  -10.362  -17.624  63.418 0.0000000000
67013  -10.998  -17.978  63.066 0.0000000000
67014  -0.253  -18.129  61.851 0.0000000000
67015  -10.922  -17.402  62.916 0.0000000000
67016  -11.554  -17.741  62.528 0.0000000000
67018  -0.005  -17.990  61.213 0.0000000000
67019  -12.089  -17.516  61.933 0.0000000000
67022  0.063  -17.736  60.418 0.0000000000
67028  0.078  -17.325  59.408 0.0000000000
67035  0.298  -17.220  58.232 0.0000000000
67044  0.597  -16.536  56.858 0.0000000000
67045  0.550  -17.153  57.250 0.0000000000
67050  0.652  -16.937  56.133 0.0000000000
67051  0.636  -17.155  56.575 0.0000000000
67057  0.642  -17.252  55.297 0.0000000000
67066  0.573  -17.387  54.518 0.0000000000
67067  0.450  -17.004  54.513 0.0000000000
67076  0.637  -17.705  54.015 0.0000000000
67077  0.380  -17.410  53.916 0.0000000000
67078  -0.497  -16.905  53.747 0.0000000000
67079  -1.019  -16.692  53.661 0.0000000000
67089  0.413  -17.938  53.299 0.0000000000
67090  -0.072  -17.678  53.188 0.0000000000
67091  -1.214  -17.239  53.210 0.0000000000
67092  -2.506  -17.203  52.546 0.0000000000
67093  -3.217  -16.727  52.402 0.0000000000
67104  -2.710  -17.726  51.888 0.0000000000
67105  -3.495  -17.308  51.657 0.0000000000
67106  -4.151  -16.757  51.201 0.0000000000
67121  -3.651  -17.839  50.908 0.0000000000
67122  -4.208  -17.358  50.595 0.0000000000
67135  -4.487  -17.426  49.594 0.0000000000
67149  -4.581  -17.580  48.695 0.0000000000
67160  -4.668  -17.589  47.787 0.0000000000
67173  -2.999  -16.989  46.121 0.0000000000
67174  -3.734  -17.051  46.417 0.0000000000
67175  -4.517  -17.415  46.887 0.0000000000
67190  -1.276  -17.588  45.596 0.0000000000
67191  -2.447  -17.439  45.662 0.0000000000
67192  -3.575  -17.636  45.793 0.0000000000
67193  -4.262  -17.718  46.177 0.0000000000
68251  -4.698  -16.855  65.192 0.0000000000
68252  -4.775  -16.732  65.146 0.0000000000
68253  -4.976  -16.753  65.257 0.0000000000
68254  -5.421  -16.650  65.343 0.0000000000
68255  -4.467  -16.934  65.078 0.0000000000
68256  -4.850  -17.105  65.299 0.0000000000
68257  -5.293  -17.076  65.444 0.0000000000
68258  -6.085  -16.950  65.552 0.0000000000
68259  -6.741  -16.833  65.385 0.0000000000
68260  -7.251  -17.010  65.241 0.0000000000
68261  -3.156  -17.022  64.529 0.0000000000
68262  -3.843  -16.966  64.822 0.0000000000
68263  -7.189  -16.626  65.103 0.0000000000
68264  -7.655  -16.771  64.871 0.0000000000
68265  -8.151  -16.984  64.615 0.0000000000
68266  -2.012  -17.280  63.657 0.0000000000
68267  -2.485  -17.031  63.960 0.0000000000
68268  -8.115  -16.371  64.512 0.0000000000
68269  -8.634  -16.645  64.197 0.0000000000
68270  -0.614  -17.649  62.142 0.0000000000
68271  -1.039  -17.236  62.437 0.0000000000
68272  -1.807  -16.949  63.262 0.0000000000
68273  -2.359  -16.561  63.559 0.0000000000
68274  -9.315  -16.628  63.734 0.0000000000
68275  -9.966  -16.697  63.385 0.0000000000
68276  -0.596  -17.302  61.742 0.0000000000
68277  -0.928  -16.958  62.014 0.0000000000
68278  -10.581  -16.720  63.013 0.0000000000
68279  -11.149  -16.753  62.575 0.0000000000
68280  -0.353  -17.195  61.025 0.0000000000
68281  -11.715  -16.778  62.035 0.0000000000
68286  -0.269  -16.849  60.296 0.0000000000
68295  -0.255  -16.425  59.603 0.0000000000
68303  -0.000  -16.376  58.754 0.0000000000
68309  0.513  -15.988  57.084 0.0000000000
68310  0.353  -16.283  57.677 0.0000000000
68316  0.524  -16.132  56.652 0.0000000000
68322  0.500  -16.361  55.885 0.0000000000
68323  0.336  -16.008  55.758 0.0000000000
68330  0.549  -16.846  55.203 0.0000000000
68331  0.285  -16.378  55.106 0.0000000000
68332  -0.135  -15.929  54.992 0.0000000000
68340  0.290  -16.798  54.516 0.0000000000
68341  -0.252  -16.340  54.505 0.0000000000
68342  -1.186  -16.103  54.019 0.0000000000
68343  -1.808  -15.689  53.998 0.0000000000
68349  -1.335  -16.551  53.617 0.0000000000
68350  -2.026  -16.196  53.516 0.0000000000
68351  -2.998  -16.121  52.895 0.0000000000
68357  -3.631  -16.138  52.303 0.0000000000
68358  -4.092  -16.125  51.598 0.0000000000
68363  -4.363  -16.143  50.777 0.0000000000
68370  -4.506  -16.405  49.910 0.0000000000
68380  -4.535  -16.616  49.056 0.0000000000
68390  -3.112  -15.778  47.473 0.0000000000
68391  -3.991  -16.091  47.818 0.0000000000
68392  -4.479  -16.741  48.246 0.0000000000
68404  -1.805  -16.073  46.620 0.0000000000
68405  -2.849  -16.332  46.724 0.0000000000
68406  -3.867  -16.466  47.071 0.0000000000
68407  -4.389  -16.829  47.551 0.0000000000
68419  -1.499  -16.700  46.092 0.0000000000
68420  -2.299  -16.685  46.240 0.0000000000
69489  -4.602  -16.619  65.008 0.0000000000
69490  -4.886  -16.418  65.100 0.0000000000
69491  -5.287  -16.344  65.198 0.0000000000
69492  -5.655  -16.449  65.303 0.0000000000
69493  -4.422  -16.466  64.865 0.0000000000
69494  -4.843  -16.016  64.909 0.0000000000
69495  -5.622  -16.198  65.174 0.0000000000
69496  -6.051  -16.251  65.211 0.0000000000
69497  -6.379  -16.394  65.242 0.0000000000
69498  -3.000  -16.680  64.277 0.0000000000
69499  -3.633  -16.278  64.424 0.0000000000
69500  -6.872  -16.276  65.056 0.0000000000
69501  -7.342  -16.282  64.860 0.0000000000
69502  -2.816  -16.319  63.896 0.0000000000
69503  -3.294  -15.562  63.714 0.0000000000
69504  -7.182  -15.850  64.753 0.0000000000
69505  -7.747  -15.812  64.564 0.0000000000
69506  -8.457  -15.653  64.163 0.0000000000
69507  -1.105  -16.811  62.138 0.0000000000
69508  -1.448  -16.519  62.397 0.0000000000
69509  -2.332  -15.868  62.932 0.0000000000
69510  -3.153  -15.073  63.040 0.0000000000
69511  -9.061  -15.722  63.803 0.0000000000
69512  -9.764  -15.734  63.499 0.0000000000
69513  -10.436  -15.275  63.302 0.0000000000
69514  -0.650  -16.873  61.369 0.0000000000
69515  -0.994  -16.558  61.671 0.0000000000
69516  -1.525  -15.779  61.789 0.0000000000
69517  -2.089  -15.330  61.986 0.0000000000
69518  -10.303  -16.005  63.163 0.0000000000
69519  -10.963  -15.662  62.864 0.0000000000
69520  -11.566  -15.386  62.545 0.0000000000
69521  -0.643  -16.532  60.937 0.0000000000
69522  -1.046  -15.862  60.883 0.0000000000
69523  -1.428  -15.450  61.035 0.0000000000
69524  -11.411  -16.016  62.293 0.0000000000
69525  -12.030  -15.648  61.850 0.0000000000
69533  -0.596  -16.097  60.194 0.0000000000
69534  -0.865  -15.519  60.038 0.0000000000
69545  -0.452  -15.741  59.308 0.0000000000
69546  -0.763  -15.301  59.422 0.0000000000
69554  -0.111  -15.699  58.348 0.0000000000
69559  0.354  -15.846  57.092 0.0000000000
69560  0.163  -15.662  57.434 0.0000000000
69566  0.385  -15.785  56.957 0.0000000000
69567  0.171  -15.548  56.951 0.0000000000
69572  0.392  -15.873  56.577 0.0000000000
69573  0.178  -15.634  56.289 0.0000000000
69574  -0.150  -15.361  55.998 0.0000000000
69578  0.117  -15.748  55.729 0.0000000000
69579  -0.324  -15.479  55.449 0.0000000000
69580  -0.882  -15.121  55.128 0.0000000000
69581  -1.385  -14.890  54.903 0.0000000000
69587  -0.481  -15.644  54.941 0.0000000000
69588  -0.972  -15.494  54.645 0.0000000000
69589  -1.818  -15.124  54.413 0.0000000000
69590  -2.507  -14.877  54.123 0.0000000000
69596  -2.214  -15.394  53.947 0.0000000000
69597  -2.857  -15.198  53.546 0.0000000000
69603  -3.525  -15.240  52.823 0.0000000000
69604  -3.999  -15.220  52.121 0.0000000000
69610  -4.336  -15.179  51.256 0.0000000000
69617  -4.115  -14.501  49.386 0.0000000000
69618  -4.345  -15.170  50.061 0.0000000000
69626  -3.101  -14.692  48.258 0.0000000000
69627  -3.862  -15.057  48.932 0.0000000000
69628  -4.327  -15.793  49.315 0.0000000000
69636  -2.566  -15.110  47.770 0.0000000000
69637  -3.429  -15.378  48.147 0.0000000000
69638  -4.181  -15.890  48.576 0.0000000000
69649  -2.192  -15.558  47.169 0.0000000000
70740  -5.075  -15.999  65.013 0.0000000000
70741  -5.338  -15.976  64.997 0.0000000000
70742  -4.508  -15.852  64.624 0.0000000000
70743  -5.097  -15.735  64.798 0.0000000000
70744  -5.646  -15.907  64.981 0.0000000000
70745  -6.222  -16.016  65.031 0.0000000000
70746  -6.523  -16.144  65.053 0.0000000000
70747  -4.129  -15.328  64.102 0.0000000000
70748  -4.899  -15.206  64.334 0.0000000000
70749  -5.578  -15.279  64.541 0.0000000000
70750  -6.243  -15.469  64.704 0.0000000000
70751  -6.700  -15.818  64.838 0.0000000000
70752  -3.833  -14.781  63.439 0.0000000000
70753  -4.683  -14.527  63.696 0.0000000000
70754  -5.448  -14.586  64.058 0.0000000000
70755  -6.218  -14.673  64.307 0.0000000000
70756  -7.155  -15.008  64.460 0.0000000000
70757  -8.231  -14.773  64.196 0.0000000000
70758  -9.246  -14.640  63.977 0.0000000000
70759  -10.285  -14.086  64.001 0.0000000000
70760  -10.898  -13.836  63.996 0.0000000000
70761  -2.746  -14.992  62.287 0.0000000000
70762  -3.602  -14.469  62.577 0.0000000000
70763  -4.259  -14.258  63.102 0.0000000000
70764  -9.489  -15.175  63.713 0.0000000000
70765  -10.043  -14.816  63.626 0.0000000000
70766  -11.165  -14.445  63.478 0.0000000000
70767  -12.194  -14.140  63.428 0.0000000000
70768  -12.685  -13.891  63.482 0.0000000000
70769  -1.771  -15.298  61.374 0.0000000000
70770  -2.284  -14.959  61.424 0.0000000000
70771  -3.066  -14.573  61.613 0.0000000000
70772  -11.416  -15.024  62.909 0.0000000000
70773  -11.993  -14.759  62.760 0.0000000000
70774  -12.929  -14.179  62.915 0.0000000000
70775  -13.702  -14.049  62.502 0.0000000000
70776  -14.284  -13.848  62.297 0.0000000000
70777  -1.219  -15.377  60.498 0.0000000000
70778  -1.648  -15.058  60.672 0.0000000000
70779  -2.448  -14.664  60.620 0.0000000000
70780  -3.295  -14.429  60.992 0.0000000000
70781  -12.638  -14.829  62.183 0.0000000000
70782  -13.305  -14.582  61.960 0.0000000000
70784  -14.758  -14.060  61.608 0.0000000000
70791  -1.121  -15.141  59.915 0.0000000000
70792  -1.567  -14.778  59.805 0.0000000000
70793  -2.234  -14.513  59.637 0.0000000000
70801  -0.524  -15.369  58.850 0.0000000000
70802  -0.870  -15.013  59.042 0.0000000000
70803  -1.498  -14.635  58.808 0.0000000000
70804  -2.184  -14.424  58.913 0.0000000000
70813  -0.413  -15.350  58.192 0.0000000000
70814  -0.825  -15.030  58.124 0.0000000000
70815  -1.334  -14.734  57.811 0.0000000000
70823  -0.283  -15.325  57.484 0.0000000000
70824  -0.779  -15.061  57.362 0.0000000000
70825  -1.309  -14.758  57.085 0.0000000000
70831  -0.239  -15.276  56.893 0.0000000000
70832  -0.779  -15.026  56.744 0.0000000000
70833  -1.312  -14.705  56.518 0.0000000000
70840  -0.309  -15.240  56.420 0.0000000000
70841  -0.713  -14.983  56.105 0.0000000000
70842  -1.427  -14.588  55.977 0.0000000000
70843  -1.861  -14.442  55.685 0.0000000000
70848  -0.938  -14.928  55.602 0.0000000000
70849  -1.423  -14.694  55.400 0.0000000000
70850  -2.025  -14.517  55.127 0.0000000000
70854  -2.566  -14.517  54.590 0.0000000000
70855  -3.033  -14.426  54.039 0.0000000000
70860  -3.581  -14.395  53.337 0.0000000000
70861  -4.034  -14.047  52.829 0.0000000000
70866  -3.899  -14.564  52.626 0.0000000000
70867  -4.348  -14.321  52.060 0.0000000000
70873  -4.646  -14.372  50.951 0.0000000000
71977  -5.386  -14.094  63.548 0.0000000000
71978  -6.081  -14.036  63.749 0.0000000000
71979  -6.916  -13.998  64.001 0.0000000000
71980  -7.932  -13.827  64.103 0.0000000000
71981  -8.897  -13.788  64.262 0.0000000000
71982  -9.767  -13.647  64.325 0.0000000000
71983  -10.588  -13.495  64.279 0.0000000000
71984  -11.533  -13.552  64.095 0.0000000000
71985  -12.520  -13.214  64.088 0.0000000000
71986  -13.299  -12.943  64.061 0.0000000000
71987  -13.725  -12.677  64.114 0.0000000000
71988  -4.303  -14.045  62.552 0.0000000000
71989  -4.968  -13.879  63.004 0.0000000000
71990  -5.891  -13.692  63.148 0.0000000000
71991  -6.777  -13.499  63.336 0.0000000000
71992  -7.468  -13.468  63.648 0.0000000000
71993  -11.843  -13.948  63.753 0.0000000000
71994  -12.345  -13.725  63.772 0.0000000000
71995  -13.185  -13.560  63.573 0.0000000000
71996  -14.045  -12.957  63.710 0.0000000000
71997  -14.779  -12.715  63.693 0.0000000000
71998  -15.140  -12.447  63.933 0.0000000000
71999  -3.927  -14.125  61.724 0.0000000000
72000  -4.848  -13.791  62.130 0.0000000000
72001  -5.763  -13.609  62.438 0.0000000000
72002  -6.563  -13.427  62.671 0.0000000000
72003  -13.473  -13.817  63.054 0.0000000000
72004  -13.946  -13.581  63.025 0.0000000000
72005  -14.841  -13.338  62.755 0.0000000000
72006  -15.392  -12.635  63.407 0.0000000000
72007  -3.045  -14.433  60.209 0.0000000000
72008  -3.841  -14.250  60.735 0.0000000000
72009  -4.691  -13.941  61.207 0.0000000000
72010  -5.678  -13.681  61.580 0.0000000000
72011  -6.768  -13.415  61.939 0.0000000000
72012  -7.460  -13.255  61.813 0.0000000000
72013  -15.379  -13.677  61.546 0.0000000000
72014  -15.770  -12.987  62.384 0.0000000000
72022  -2.822  -14.388  59.349 0.0000000000
72023  -3.621  -14.371  59.809 0.0000000000
72024  -4.512  -14.206  60.239 0.0000000000
72025  -5.513  -13.896  60.603 0.0000000000
72026  -6.599  -13.621  60.959 0.0000000000
72027  -7.471  -13.365  61.326 0.0000000000
72028  -15.562  -13.878  60.889 0.0000000000
72029  -15.970  -13.329  61.009 0.0000000000
72034  -1.928  -14.480  58.160 0.0000000000
72035  -2.595  -14.407  58.475 0.0000000000
72036  -3.360  -14.392  58.847 0.0000000000
72037  -4.248  -14.400  59.216 0.0000000000
72038  -5.268  -14.264  59.561 0.0000000000
72039  -6.405  -13.926  59.881 0.0000000000
72040  -7.745  -13.484  60.286 0.0000000000
72041  -8.523  -13.188  60.026 0.0000000000
72048  -1.797  -14.515  57.348 0.0000000000
72049  -2.358  -14.422  57.587 0.0000000000
72050  -3.076  -14.435  57.852 0.0000000000
72051  -3.936  -14.493  58.134 0.0000000000
72052  -4.916  -14.482  58.414 0.0000000000
72053  -6.025  -14.389  58.708 0.0000000000
72054  -7.252  -14.023  58.983 0.0000000000
72055  -8.612  -13.480  59.194 0.0000000000
72056  -9.666  -13.225  58.684 0.0000000000
72057  -10.221  -13.063  58.452 0.0000000000
72066  -1.762  -14.505  56.750 0.0000000000
72067  -2.201  -14.388  56.846 0.0000000000
72068  -2.803  -14.367  56.950 0.0000000000
72069  -3.601  -14.447  57.088 0.0000000000
72070  -4.520  -14.499  57.257 0.0000000000
72071  -5.526  -14.492  57.462 0.0000000000
72072  -6.663  -14.484  57.705 0.0000000000
72073  -7.922  -14.317  57.918 0.0000000000
72074  -9.090  -13.857  57.898 0.0000000000
72075  -10.042  -13.393  57.834 0.0000000000
72083  -1.748  -14.474  56.353 0.0000000000
72084  -2.105  -14.361  56.348 0.0000000000
72085  -2.594  -14.312  56.277 0.0000000000
72086  -3.284  -14.296  56.248 0.0000000000
72087  -4.121  -14.351  56.256 0.0000000000
72088  -5.028  -14.381  56.324 0.0000000000
72089  -6.020  -14.459  56.451 0.0000000000
72090  -7.163  -14.519  56.612 0.0000000000
72091  -8.403  -14.344  56.737 0.0000000000
72092  -9.581  -13.894  56.811 0.0000000000
72103  -1.928  -14.371  56.052 0.0000000000
72104  -2.346  -14.321  55.767 0.0000000000
72105  -3.017  -14.230  55.637 0.0000000000
72106  -3.752  -14.180  55.502 0.0000000000
72107  -4.561  -14.113  55.421 0.0000000000
72108  -5.431  -14.161  55.400 0.0000000000
72109  -6.417  -14.295  55.443 0.0000000000
72110  -7.566  -14.343  55.538 0.0000000000
72111  -8.811  -14.189  55.636 0.0000000000
72112  -10.031  -13.762  55.717 0.0000000000
72125  -2.765  -14.276  55.126 0.0000000000
72126  -3.413  -14.125  54.942 0.0000000000
72127  -4.117  -13.945  54.721 0.0000000000
72128  -4.897  -13.825  54.589 0.0000000000
72129  -5.759  -13.878  54.506 0.0000000000
72130  -6.762  -14.060  54.478 0.0000000000
72131  -7.927  -14.189  54.508 0.0000000000
72132  -9.168  -13.987  54.581 0.0000000000
72143  -3.109  -14.215  54.570 0.0000000000
72144  -3.643  -13.973  54.110 0.0000000000
72145  -4.386  -13.759  53.885 0.0000000000
72146  -5.157  -13.647  53.674 0.0000000000
72147  -6.054  -13.682  53.560 0.0000000000
72148  -7.091  -13.800  53.518 0.0000000000
72159  -4.018  -13.872  53.390 0.0000000000
72160  -4.565  -13.741  52.883 0.0000000000
72161  -5.396  -13.561  52.655 0.0000000000
72177  -4.928  -13.787  51.785 0.0000000000
73397  -12.413  -12.309  64.507 0.0000000000
73398  -12.924  -12.223  64.519 0.0000000000
73399  -13.478  -12.019  64.556 0.0000000000
73400  -14.020  -11.703  64.561 0.0000000000
73401  -14.296  -11.435  64.572 0.0000000000
73402  -8.696  -13.177  64.146 0.0000000000
73403  -9.407  -13.033  64.426 0.0000000000
73404  -10.114  -13.083  64.515 0.0000000000
73405  -10.879  -12.982  64.473 0.0000000000
73406  -11.861  -12.721  64.419 0.0000000000
73407  -12.757  -12.648  64.341 0.0000000000
73408  -13.402  -12.471  64.332 0.0000000000
73409  -14.092  -12.328  64.319 0.0000000000
73410  -14.668  -11.695  64.539 0.0000000000
73411  -15.171  -11.455  64.514 0.0000000000
73412  -7.507  -13.166  63.247 0.0000000000
73413  -8.155  -12.949  63.662 0.0000000000
73414  -8.989  -12.597  64.018 0.0000000000
73415  -14.430  -12.579  64.001 0.0000000000
73416  -14.796  -12.340  64.204 0.0000000000
73417  -15.498  -11.975  64.193 0.0000000000
73418  -7.221  -13.211  62.778 0.0000000000
73419  -7.934  -12.861  62.886 0.0000000000
73420  -8.925  -12.410  63.173 0.0000000000
73421  -9.520  -12.188  62.913 0.0000000000
73422  -16.125  -12.184  63.222 0.0000000000
73423  -7.035  -13.311  62.394 0.0000000000
73424  -7.557  -13.137  62.246 0.0000000000
73425  -8.402  -12.745  62.287 0.0000000000
73426  -9.408  -12.426  62.239 0.0000000000
73427  -9.816  -12.322  61.713 0.0000000000
73428  -16.368  -12.323  62.069 0.0000000000
73436  -7.972  -13.079  61.723 0.0000000000
73437  -8.668  -12.795  61.546 0.0000000000
73438  -9.357  -12.585  61.286 0.0000000000
73439  -10.037  -12.244  61.133 0.0000000000
73440  -16.501  -12.324  60.901 0.0000000000
73445  -8.155  -13.165  61.123 0.0000000000
73446  -8.723  -12.983  60.660 0.0000000000
73447  -9.472  -12.646  60.467 0.0000000000
73448  -10.297  -12.271  60.196 0.0000000000
73449  -10.863  -12.060  59.657 0.0000000000
73454  -8.962  -13.001  59.988 0.0000000000
73455  -9.564  -12.886  59.612 0.0000000000
73456  -10.377  -12.666  59.097 0.0000000000
73457  -11.143  -12.163  58.882 0.0000000000
73463  -10.712  -12.846  58.182 0.0000000000
73470  -10.722  -13.166  56.973 0.0000000000
74796  -12.536  -12.068  64.580 0.0000000000
74797  -12.843  -11.857  64.571 0.0000000000
74798  -13.455  -11.516  64.497 0.0000000000
74799  -14.024  -11.290  64.562 0.0000000000
74800  -14.432  -11.185  64.594 0.0000000000
74801  -9.837  -12.807  64.457 0.0000000000
74802  -10.239  -12.642  64.414 0.0000000000
74803  -10.947  -12.344  64.394 0.0000000000
74804  -11.929  -11.936  64.505 0.0000000000
74805  -12.661  -11.495  64.241 0.0000000000
74806  -13.301  -11.225  64.309 0.0000000000
74807  -14.923  -11.100  64.598 0.0000000000
74808  -15.584  -11.093  64.475 0.0000000000
74809  -9.649  -12.546  64.230 0.0000000000
74810  -10.110  -12.192  64.079 0.0000000000
74811  -10.780  -11.830  63.972 0.0000000000
74812  -11.632  -11.524  63.745 0.0000000000
74813  -12.410  -11.273  63.832 0.0000000000
74814  -16.339  -11.218  63.897 0.0000000000
74816  -9.462  -12.261  63.816 0.0000000000
74817  -9.868  -12.055  63.423 0.0000000000
74818  -10.588  -11.738  63.156 0.0000000000
74819  -11.288  -11.438  62.847 0.0000000000
74820  -16.703  -11.492  62.916 0.0000000000
74822  -9.936  -12.048  62.779 0.0000000000
74823  -10.399  -11.896  62.107 0.0000000000
74824  -11.336  -11.290  61.897 0.0000000000
74825  -11.867  -11.077  61.496 0.0000000000
74834  -10.711  -11.694  61.073 0.0000000000
74835  -11.353  -11.339  60.881 0.0000000000
74836  -12.086  -11.045  60.718 0.0000000000
74845  -10.949  -11.753  60.335 0.0000000000
74846  -11.486  -11.512  59.825 0.0000000000
76177  -13.717  -11.148  64.454 0.0000000000
76178  -14.095  -10.929  64.545 0.0000000000
76179  -14.567  -10.818  64.550 0.0000000000
76180  -12.953  -11.151  64.069 0.0000000000
76181  -13.522  -10.858  64.227 0.0000000000
76182  -14.265  -10.479  64.352 0.0000000000
76183  -15.128  -10.457  64.490 0.0000000000
76184  -16.197  -10.299  64.450 0.0000000000
76186  -12.020  -11.292  63.377 0.0000000000
76187  -12.750  -10.962  63.584 0.0000000000
76188  -13.534  -10.428  63.677 0.0000000000
76189  -14.264  -10.058  63.966 0.0000000000
76192  -12.034  -11.146  62.790 0.0000000000
76193  -12.714  -10.709  62.848 0.0000000000
76194  -13.364  -10.250  62.735 0.0000000000
76196  -12.099  -10.998  62.181 0.0000000000
76197  -12.636  -10.697  61.780 0.0000000000
76198  -13.406  -10.101  61.698 0.0000000000
76204  -12.781  -10.425  60.679 0.0000000000
76205  -13.354  -9.764  60.726 0.0000000000
77534  -14.779  -9.977  64.278 0.0000000000
77535  -15.546  -9.536  64.279 0.0000000000
77538  -13.996  -10.001  63.406 0.0000000000
77539  -14.708  -9.463  63.633 0.0000000000
77540  -15.411  -8.879  63.844 0.0000000000
77542  -14.045  -9.747  62.644 0.0000000000
77543  -14.645  -9.097  62.537 0.0000000000
77545  -14.010  -9.465  61.634 0.0000000000
78794  -15.148  -8.680  63.235 0.0000000000
