#!ascii label  , from subject ab_data vox2ras=TkReg
1278
37504  -42.228  -41.848  32.082 0.0000000000
37505  -42.754  -41.985  32.013 0.0000000000
37506  -43.609  -42.071  31.857 0.0000000000
37519  -40.906  -42.008  31.309 0.0000000000
37520  -41.961  -42.119  31.527 0.0000000000
37521  -43.062  -42.264  31.250 0.0000000000
37522  -44.189  -42.234  31.134 0.0000000000
37523  -45.000  -42.191  30.760 0.0000000000
37533  -41.371  -42.386  30.586 0.0000000000
37534  -42.408  -42.475  30.516 0.0000000000
37535  -43.487  -42.449  30.362 0.0000000000
37536  -44.525  -42.341  30.182 0.0000000000
37537  -45.416  -42.074  30.125 0.0000000000
37551  -40.827  -42.494  29.787 0.0000000000
37552  -41.786  -42.570  29.682 0.0000000000
37553  -42.836  -42.630  29.586 0.0000000000
37554  -43.897  -42.448  29.446 0.0000000000
37555  -45.027  -42.031  29.270 0.0000000000
37556  -45.678  -41.806  29.621 0.0000000000
37563  -40.331  -42.437  29.133 0.0000000000
37564  -41.157  -42.434  28.824 0.0000000000
37565  -42.211  -42.542  28.798 0.0000000000
37566  -43.229  -42.508  28.704 0.0000000000
37567  -44.185  -42.227  28.613 0.0000000000
37568  -44.862  -41.822  28.453 0.0000000000
37569  -47.783  -42.436  28.399 0.0000000000
37572  -41.732  -42.327  28.128 0.0000000000
37573  -42.616  -42.367  27.984 0.0000000000
37574  -43.586  -42.229  27.931 0.0000000000
37575  -44.396  -41.904  27.968 0.0000000000
37576  -44.849  -41.675  28.031 0.0000000000
38531  -41.609  -40.930  32.974 0.0000000000
38532  -41.975  -41.008  33.102 0.0000000000
38533  -42.871  -41.091  33.243 0.0000000000
38534  -44.015  -41.164  33.329 0.0000000000
38535  -45.316  -41.120  33.262 0.0000000000
38536  -46.570  -40.946  33.165 0.0000000000
38537  -47.732  -40.712  33.146 0.0000000000
38553  -40.807  -41.179  32.424 0.0000000000
38554  -41.518  -41.210  32.672 0.0000000000
38555  -42.356  -41.528  32.581 0.0000000000
38556  -43.369  -41.671  32.579 0.0000000000
38557  -44.694  -41.837  32.146 0.0000000000
38558  -46.165  -41.468  32.227 0.0000000000
38559  -47.417  -41.237  32.326 0.0000000000
38560  -48.724  -41.025  32.385 0.0000000000
38576  -41.234  -41.672  32.015 0.0000000000
38577  -41.850  -41.702  32.190 0.0000000000
38578  -44.945  -42.093  31.282 0.0000000000
38579  -45.862  -41.904  31.037 0.0000000000
38580  -47.123  -41.543  31.372 0.0000000000
38581  -48.241  -41.507  31.566 0.0000000000
38597  -46.205  -41.716  29.953 0.0000000000
38598  -47.035  -41.579  30.395 0.0000000000
38599  -47.924  -41.767  30.780 0.0000000000
38615  -45.437  -41.622  28.680 0.0000000000
38616  -46.034  -41.507  29.142 0.0000000000
38617  -47.022  -41.416  29.448 0.0000000000
38618  -47.868  -41.926  29.858 0.0000000000
38628  -39.945  -42.202  28.590 0.0000000000
38629  -40.545  -42.289  28.572 0.0000000000
38630  -45.296  -41.508  28.122 0.0000000000
38631  -45.956  -41.278  28.382 0.0000000000
38632  -46.835  -41.079  28.529 0.0000000000
38633  -47.701  -41.577  28.528 0.0000000000
38634  -48.058  -41.899  28.120 0.0000000000
38641  -39.622  -41.799  27.901 0.0000000000
38642  -40.804  -42.030  27.847 0.0000000000
38643  -41.986  -42.001  27.371 0.0000000000
38644  -43.027  -42.014  27.250 0.0000000000
38645  -43.981  -41.779  27.305 0.0000000000
38646  -44.862  -41.500  27.539 0.0000000000
38647  -45.760  -41.070  27.626 0.0000000000
38648  -46.335  -41.010  28.090 0.0000000000
38649  -47.836  -41.245  27.864 0.0000000000
38650  -48.123  -41.548  27.497 0.0000000000
38655  -39.343  -41.323  27.135 0.0000000000
38656  -40.282  -41.447  27.071 0.0000000000
38657  -41.334  -41.411  26.632 0.0000000000
38658  -42.515  -41.606  26.608 0.0000000000
38659  -43.489  -41.553  26.644 0.0000000000
38660  -44.488  -41.242  26.634 0.0000000000
38661  -45.183  -41.169  27.113 0.0000000000
38670  -41.547  -40.951  26.023 0.0000000000
38671  -42.182  -41.139  25.990 0.0000000000
38672  -43.139  -41.250  26.016 0.0000000000
38673  -43.791  -41.222  26.219 0.0000000000
39709  -44.995  -39.432  34.227 0.0000000000
39710  -45.515  -39.588  34.258 0.0000000000
39711  -46.418  -39.630  34.288 0.0000000000
39712  -47.294  -39.577  34.321 0.0000000000
39721  -41.014  -40.296  32.959 0.0000000000
39722  -41.406  -40.507  33.052 0.0000000000
39723  -42.317  -40.315  33.435 0.0000000000
39724  -43.370  -40.276  33.680 0.0000000000
39725  -44.627  -40.113  34.032 0.0000000000
39726  -45.872  -40.358  33.897 0.0000000000
39727  -46.974  -40.274  33.835 0.0000000000
39728  -48.128  -40.001  33.907 0.0000000000
39729  -49.245  -39.954  33.524 0.0000000000
39747  -40.606  -40.382  32.710 0.0000000000
39748  -41.073  -40.834  32.731 0.0000000000
39749  -48.681  -40.460  33.139 0.0000000000
39750  -49.606  -40.508  32.823 0.0000000000
39798  -47.151  -40.850  28.155 0.0000000000
39799  -47.354  -41.064  28.275 0.0000000000
39808  -46.100  -40.649  27.249 0.0000000000
39809  -46.695  -40.672  27.738 0.0000000000
39810  -47.556  -40.888  27.815 0.0000000000
39811  -47.942  -41.024  27.574 0.0000000000
39821  -39.153  -40.839  26.471 0.0000000000
39822  -40.015  -40.971  26.499 0.0000000000
39823  -40.617  -41.135  26.518 0.0000000000
39824  -44.830  -40.739  26.189 0.0000000000
39825  -45.513  -40.717  26.701 0.0000000000
39826  -46.414  -40.306  26.786 0.0000000000
39827  -47.219  -40.296  27.088 0.0000000000
39828  -48.089  -40.575  26.829 0.0000000000
39847  -38.966  -40.421  25.822 0.0000000000
39848  -39.835  -40.434  25.913 0.0000000000
39849  -40.865  -40.653  25.974 0.0000000000
39850  -41.823  -40.571  25.607 0.0000000000
39851  -42.790  -40.653  25.504 0.0000000000
39852  -44.025  -40.716  25.715 0.0000000000
39853  -45.236  -40.193  25.787 0.0000000000
39854  -45.921  -40.217  26.268 0.0000000000
40890  -45.346  -38.901  34.322 0.0000000000
40891  -46.093  -38.881  34.480 0.0000000000
40892  -47.028  -38.818  34.564 0.0000000000
40893  -48.143  -38.914  34.581 0.0000000000
40894  -49.274  -38.601  34.443 0.0000000000
40911  -41.059  -39.969  33.091 0.0000000000
40912  -41.767  -39.355  33.167 0.0000000000
40913  -42.814  -39.378  33.514 0.0000000000
40914  -43.781  -39.235  33.826 0.0000000000
40915  -44.644  -38.983  34.138 0.0000000000
40916  -48.919  -39.418  34.188 0.0000000000
40917  -49.820  -39.278  33.949 0.0000000000
40941  -40.878  -39.226  32.749 0.0000000000
40942  -41.468  -38.724  32.719 0.0000000000
40984  -46.886  -39.934  26.578 0.0000000000
40985  -47.478  -39.725  26.399 0.0000000000
40986  -48.618  -39.236  26.101 0.0000000000
41001  -38.796  -40.062  25.272 0.0000000000
41002  -39.550  -39.939  25.332 0.0000000000
41003  -40.423  -39.909  25.394 0.0000000000
41004  -41.324  -39.935  25.311 0.0000000000
41005  -42.261  -39.931  25.159 0.0000000000
41006  -43.295  -39.927  25.075 0.0000000000
41007  -44.369  -39.747  25.091 0.0000000000
41008  -45.337  -39.291  25.060 0.0000000000
41009  -46.423  -39.524  25.868 0.0000000000
41010  -47.542  -38.837  25.791 0.0000000000
41011  -48.225  -38.349  25.750 0.0000000000
41032  -39.178  -39.657  24.746 0.0000000000
41033  -40.063  -39.408  24.770 0.0000000000
41034  -40.863  -39.336  24.959 0.0000000000
41035  -41.696  -39.282  24.866 0.0000000000
41036  -42.636  -39.195  24.765 0.0000000000
41037  -43.637  -39.096  24.666 0.0000000000
41038  -44.534  -38.976  24.619 0.0000000000
41061  -38.879  -39.470  23.975 0.0000000000
41062  -39.596  -39.354  24.241 0.0000000000
41082  -38.408  -39.395  23.332 0.0000000000
42010  -45.300  -37.311  35.780 0.0000000000
42011  -49.358  -36.782  34.323 0.0000000000
42028  -45.862  -38.324  34.285 0.0000000000
42029  -46.755  -37.863  34.296 0.0000000000
42030  -47.825  -37.854  34.508 0.0000000000
42031  -48.816  -37.718  34.567 0.0000000000
42050  -42.578  -38.639  33.083 0.0000000000
42051  -43.351  -38.494  33.278 0.0000000000
42052  -44.321  -38.155  33.462 0.0000000000
42053  -45.364  -38.072  33.906 0.0000000000
42054  -46.075  -37.839  34.042 0.0000000000
42070  -40.359  -38.540  32.327 0.0000000000
42071  -41.212  -38.180  32.288 0.0000000000
42072  -42.098  -38.219  32.517 0.0000000000
42073  -43.065  -37.903  32.628 0.0000000000
42074  -43.785  -37.761  32.867 0.0000000000
42085  -40.686  -37.865  31.899 0.0000000000
42112  -48.811  -38.218  25.868 0.0000000000
42126  -46.054  -38.721  24.954 0.0000000000
42127  -46.854  -38.411  25.196 0.0000000000
42128  -47.709  -37.798  25.338 0.0000000000
42129  -48.509  -37.618  25.645 0.0000000000
42143  -40.577  -39.125  24.550 0.0000000000
42144  -41.096  -38.893  24.460 0.0000000000
42145  -41.985  -38.688  24.350 0.0000000000
42146  -42.961  -38.511  24.292 0.0000000000
42147  -44.010  -38.252  24.266 0.0000000000
42148  -45.192  -38.247  24.481 0.0000000000
42149  -46.235  -37.828  24.619 0.0000000000
42150  -47.030  -37.580  24.838 0.0000000000
42169  -39.529  -39.254  23.788 0.0000000000
42170  -40.252  -39.021  23.940 0.0000000000
42171  -41.282  -38.621  23.684 0.0000000000
42172  -42.306  -38.277  23.559 0.0000000000
42173  -43.240  -37.972  23.744 0.0000000000
42174  -43.952  -37.653  23.714 0.0000000000
42192  -38.187  -39.235  22.648 0.0000000000
42193  -39.302  -39.108  23.041 0.0000000000
42194  -40.535  -38.768  22.880 0.0000000000
42195  -41.555  -38.457  22.766 0.0000000000
42196  -42.341  -38.165  22.683 0.0000000000
42208  -38.675  -38.847  21.922 0.0000000000
42209  -39.824  -38.737  21.957 0.0000000000
42210  -40.908  -38.580  21.926 0.0000000000
42211  -41.897  -38.304  21.862 0.0000000000
42212  -42.474  -38.105  22.187 0.0000000000
42226  -38.100  -38.462  21.016 0.0000000000
42227  -39.198  -38.455  21.040 0.0000000000
42228  -40.264  -38.448  21.074 0.0000000000
42229  -41.239  -38.351  21.166 0.0000000000
42230  -41.768  -38.298  21.249 0.0000000000
42238  -42.265  -38.200  19.110 0.0000000000
42239  -42.576  -38.175  19.250 0.0000000000
42245  -42.446  -38.149  18.916 0.0000000000
42246  -42.767  -38.141  19.051 0.0000000000
43042  -45.845  -37.085  35.675 0.0000000000
43043  -46.739  -36.983  35.911 0.0000000000
43061  -45.166  -36.692  35.055 0.0000000000
43062  -46.454  -36.462  35.155 0.0000000000
43063  -47.577  -36.243  35.161 0.0000000000
43064  -48.907  -36.203  34.782 0.0000000000
43086  -44.123  -36.455  34.637 0.0000000000
43087  -47.259  -37.257  33.699 0.0000000000
43088  -47.886  -37.190  33.824 0.0000000000
43089  -48.687  -36.730  33.981 0.0000000000
43109  -44.453  -37.374  32.761 0.0000000000
43110  -45.267  -37.329  33.069 0.0000000000
43111  -46.555  -37.144  33.358 0.0000000000
43112  -47.822  -36.694  33.323 0.0000000000
43113  -48.507  -36.377  33.470 0.0000000000
43121  -41.216  -37.568  31.637 0.0000000000
43122  -41.895  -37.499  31.776 0.0000000000
43123  -42.770  -37.304  31.972 0.0000000000
43124  -43.880  -36.960  32.170 0.0000000000
43125  -45.090  -36.687  32.348 0.0000000000
43126  -45.994  -36.663  32.579 0.0000000000
43135  -40.688  -37.385  31.219 0.0000000000
43136  -41.604  -37.064  31.049 0.0000000000
43137  -42.498  -36.821  31.277 0.0000000000
43138  -43.270  -36.647  31.529 0.0000000000
43149  -40.377  -36.849  30.595 0.0000000000
43150  -41.117  -36.847  30.669 0.0000000000
43193  -48.232  -36.850  25.424 0.0000000000
43209  -44.593  -37.571  24.034 0.0000000000
43210  -45.477  -37.006  24.095 0.0000000000
43211  -46.627  -36.862  24.519 0.0000000000
43212  -47.492  -36.855  24.953 0.0000000000
43224  -42.849  -37.951  23.156 0.0000000000
43225  -43.475  -37.597  23.169 0.0000000000
43226  -44.462  -36.994  23.283 0.0000000000
43227  -45.168  -36.621  23.599 0.0000000000
43238  -42.908  -37.880  22.554 0.0000000000
43239  -43.553  -37.430  22.438 0.0000000000
43240  -44.216  -36.857  22.350 0.0000000000
43241  -45.694  -36.751  22.058 0.0000000000
43242  -46.188  -36.854  22.078 0.0000000000
43243  -47.024  -36.907  22.087 0.0000000000
43253  -42.070  -38.245  21.347 0.0000000000
43254  -42.700  -38.011  21.655 0.0000000000
43255  -43.652  -37.478  21.552 0.0000000000
43256  -44.600  -37.053  21.592 0.0000000000
43257  -45.566  -37.087  21.585 0.0000000000
43258  -46.634  -37.349  21.428 0.0000000000
43259  -47.813  -37.070  21.424 0.0000000000
43260  -48.762  -36.725  21.084 0.0000000000
43274  -37.639  -37.969  20.178 0.0000000000
43275  -38.654  -38.009  20.200 0.0000000000
43276  -39.673  -38.197  20.188 0.0000000000
43277  -40.724  -38.291  20.302 0.0000000000
43278  -41.869  -38.254  20.673 0.0000000000
43279  -42.955  -37.996  20.615 0.0000000000
43280  -43.942  -37.615  20.597 0.0000000000
43281  -44.954  -37.433  20.612 0.0000000000
43282  -46.008  -37.532  20.545 0.0000000000
43283  -47.251  -37.603  20.345 0.0000000000
43284  -48.445  -37.196  20.447 0.0000000000
43285  -49.422  -36.683  20.517 0.0000000000
43286  -50.073  -36.511  20.415 0.0000000000
43298  -37.250  -37.535  19.425 0.0000000000
43299  -38.180  -37.551  19.398 0.0000000000
43300  -39.136  -37.741  19.327 0.0000000000
43301  -40.135  -38.068  19.332 0.0000000000
43302  -41.228  -38.223  19.483 0.0000000000
43303  -42.269  -38.205  19.617 0.0000000000
43304  -43.207  -38.006  19.501 0.0000000000
43305  -44.362  -37.646  19.634 0.0000000000
43306  -45.386  -37.536  19.636 0.0000000000
43307  -46.402  -37.618  19.523 0.0000000000
43308  -47.262  -37.639  19.314 0.0000000000
43309  -48.133  -37.503  19.521 0.0000000000
43310  -49.173  -37.137  19.698 0.0000000000
43311  -49.952  -36.739  19.913 0.0000000000
43320  -36.976  -37.098  18.803 0.0000000000
43321  -37.778  -37.193  18.749 0.0000000000
43322  -38.598  -37.310  18.376 0.0000000000
43323  -39.585  -37.633  18.423 0.0000000000
43324  -40.644  -37.899  18.460 0.0000000000
43325  -41.872  -38.072  18.652 0.0000000000
43326  -42.843  -37.946  18.560 0.0000000000
43327  -43.866  -37.641  18.661 0.0000000000
43328  -44.877  -37.424  18.762 0.0000000000
43329  -45.850  -37.434  18.725 0.0000000000
43330  -46.807  -37.510  18.623 0.0000000000
43331  -47.789  -37.547  18.603 0.0000000000
43332  -48.869  -37.398  18.735 0.0000000000
43333  -50.094  -36.958  19.017 0.0000000000
43334  -51.214  -36.866  18.822 0.0000000000
43344  -38.674  -37.151  17.836 0.0000000000
43345  -39.084  -37.274  17.733 0.0000000000
43346  -40.032  -37.420  17.464 0.0000000000
43347  -41.188  -37.647  17.637 0.0000000000
43348  -42.284  -37.636  17.707 0.0000000000
43349  -43.435  -37.383  17.649 0.0000000000
43350  -44.488  -37.257  17.919 0.0000000000
43351  -45.423  -37.170  17.988 0.0000000000
43352  -46.362  -37.197  17.936 0.0000000000
43353  -47.345  -37.309  17.816 0.0000000000
43354  -48.406  -37.345  17.785 0.0000000000
43355  -49.530  -37.216  17.868 0.0000000000
43356  -50.709  -37.113  17.774 0.0000000000
43357  -51.900  -37.137  18.007 0.0000000000
43365  -40.140  -37.078  16.959 0.0000000000
43366  -40.718  -37.169  16.933 0.0000000000
43367  -41.748  -37.210  16.973 0.0000000000
43368  -42.688  -37.153  17.055 0.0000000000
43369  -50.873  -37.148  17.094 0.0000000000
43370  -51.500  -37.174  17.133 0.0000000000
43371  -52.724  -37.195  17.087 0.0000000000
43383  -52.981  -37.138  16.484 0.0000000000
43384  -53.593  -37.117  16.558 0.0000000000
44134  -45.492  -36.076  34.429 0.0000000000
44135  -46.214  -36.023  34.506 0.0000000000
44136  -47.341  -35.799  34.541 0.0000000000
44137  -48.097  -35.772  34.559 0.0000000000
44160  -44.820  -35.904  34.174 0.0000000000
44161  -45.864  -35.670  33.943 0.0000000000
44162  -47.019  -35.457  33.873 0.0000000000
44163  -48.382  -35.452  33.706 0.0000000000
44164  -48.763  -34.864  33.297 0.0000000000
44187  -46.827  -36.366  32.508 0.0000000000
44188  -47.719  -36.271  32.775 0.0000000000
44189  -48.661  -35.831  32.981 0.0000000000
44190  -48.843  -34.969  33.062 0.0000000000
44197  -43.909  -36.265  31.550 0.0000000000
44198  -44.788  -36.199  31.799 0.0000000000
44199  -46.114  -36.030  32.022 0.0000000000
44200  -47.457  -35.771  32.446 0.0000000000
44201  -48.271  -35.586  32.673 0.0000000000
44202  -48.708  -35.174  32.742 0.0000000000
44205  -41.534  -36.609  30.664 0.0000000000
44206  -42.112  -36.397  30.761 0.0000000000
44207  -43.228  -36.023  31.000 0.0000000000
44208  -44.273  -35.799  31.535 0.0000000000
44209  -45.157  -35.797  31.883 0.0000000000
44219  -39.989  -36.080  30.299 0.0000000000
44220  -41.268  -36.100  30.360 0.0000000000
44221  -42.369  -35.653  30.742 0.0000000000
44222  -42.999  -35.378  31.090 0.0000000000
44279  -47.931  -36.055  25.229 0.0000000000
44294  -45.554  -36.435  23.712 0.0000000000
44295  -46.300  -35.991  23.960 0.0000000000
44296  -47.288  -36.064  24.635 0.0000000000
44305  -44.676  -36.574  22.825 0.0000000000
44306  -45.308  -36.267  23.198 0.0000000000
44307  -46.354  -35.810  23.200 0.0000000000
44308  -47.156  -35.803  22.965 0.0000000000
44313  -44.888  -36.527  22.413 0.0000000000
44314  -45.670  -36.401  22.450 0.0000000000
44315  -46.665  -36.300  22.550 0.0000000000
44316  -47.828  -36.318  22.428 0.0000000000
44317  -48.937  -36.162  22.316 0.0000000000
44318  -49.864  -35.901  22.323 0.0000000000
44325  -45.194  -36.656  22.002 0.0000000000
44326  -45.449  -36.688  22.039 0.0000000000
44327  -48.598  -36.543  21.744 0.0000000000
44328  -49.606  -36.332  21.379 0.0000000000
44340  -49.917  -36.420  20.762 0.0000000000
44341  -50.486  -36.382  20.776 0.0000000000
44355  -50.498  -36.551  20.111 0.0000000000
44370  -36.798  -36.636  18.295 0.0000000000
44371  -37.594  -36.794  18.249 0.0000000000
44372  -38.092  -36.992  18.224 0.0000000000
44373  -50.359  -36.701  19.671 0.0000000000
44374  -50.825  -36.642  19.581 0.0000000000
44388  -36.639  -36.244  17.748 0.0000000000
44389  -37.448  -36.437  17.722 0.0000000000
44390  -38.425  -36.751  17.502 0.0000000000
44391  -39.406  -36.943  17.134 0.0000000000
44392  -39.874  -37.028  16.996 0.0000000000
44393  -44.252  -36.897  17.260 0.0000000000
44394  -45.065  -36.716  17.385 0.0000000000
44395  -45.978  -36.590  17.452 0.0000000000
44396  -46.927  -36.775  17.235 0.0000000000
44397  -47.948  -36.922  17.027 0.0000000000
44398  -49.028  -36.923  17.005 0.0000000000
44399  -50.040  -36.980  17.062 0.0000000000
44400  -50.571  -37.104  17.083 0.0000000000
44411  -38.622  -36.417  16.925 0.0000000000
44412  -39.097  -36.410  16.763 0.0000000000
44413  -40.130  -36.559  16.660 0.0000000000
44414  -41.312  -36.567  16.472 0.0000000000
44415  -42.416  -36.597  16.502 0.0000000000
44416  -43.567  -36.643  16.713 0.0000000000
44417  -44.683  -36.340  16.745 0.0000000000
44418  -45.622  -36.133  16.870 0.0000000000
44419  -46.549  -36.168  16.766 0.0000000000
44420  -47.522  -36.295  16.517 0.0000000000
44421  -48.634  -36.293  16.212 0.0000000000
44422  -49.716  -36.580  16.282 0.0000000000
44423  -50.824  -36.937  16.463 0.0000000000
44424  -52.028  -37.053  16.404 0.0000000000
44425  -52.654  -37.117  16.450 0.0000000000
44436  -48.877  -35.910  15.670 0.0000000000
44437  -49.411  -36.072  15.597 0.0000000000
44438  -50.494  -36.315  15.409 0.0000000000
44439  -51.658  -36.675  15.593 0.0000000000
44440  -52.917  -36.963  15.839 0.0000000000
44441  -54.233  -36.873  15.878 0.0000000000
44455  -50.790  -35.969  14.921 0.0000000000
44456  -51.382  -36.131  14.877 0.0000000000
44457  -52.504  -36.395  14.858 0.0000000000
44458  -53.738  -36.540  14.957 0.0000000000
45226  -44.347  -35.490  33.488 0.0000000000
45227  -45.262  -35.444  33.379 0.0000000000
45228  -46.408  -35.305  33.255 0.0000000000
45229  -47.602  -34.997  33.200 0.0000000000
45230  -48.590  -34.861  33.092 0.0000000000
45231  -48.804  -34.748  33.048 0.0000000000
45252  -44.524  -35.226  32.789 0.0000000000
45253  -45.601  -35.351  32.685 0.0000000000
45254  -46.831  -35.222  32.707 0.0000000000
45255  -47.936  -34.917  32.748 0.0000000000
45256  -48.655  -34.888  32.848 0.0000000000
45268  -43.702  -34.776  32.206 0.0000000000
45269  -44.646  -35.301  32.150 0.0000000000
45270  -45.703  -35.623  32.225 0.0000000000
45271  -47.125  -35.429  32.513 0.0000000000
45272  -48.250  -35.168  32.647 0.0000000000
45273  -48.617  -34.976  32.629 0.0000000000
45277  -42.983  -34.871  31.351 0.0000000000
45278  -43.517  -35.098  31.484 0.0000000000
45279  -44.764  -35.589  31.882 0.0000000000
45280  -45.213  -35.610  32.036 0.0000000000
45288  -41.674  -35.012  30.705 0.0000000000
45289  -42.684  -34.960  31.126 0.0000000000
45290  -43.093  -35.135  31.207 0.0000000000
45357  -47.838  -35.684  24.827 0.0000000000
45358  -48.501  -35.442  25.130 0.0000000000
45372  -46.853  -35.642  23.725 0.0000000000
45373  -47.725  -35.389  24.196 0.0000000000
45374  -49.288  -35.042  24.632 0.0000000000
45381  -47.176  -35.595  23.492 0.0000000000
45382  -48.025  -35.618  23.226 0.0000000000
45383  -48.993  -35.163  23.699 0.0000000000
45388  -48.453  -35.907  22.740 0.0000000000
45389  -49.050  -35.663  22.942 0.0000000000
45390  -49.918  -35.480  23.197 0.0000000000
45415  -37.352  -36.068  17.162 0.0000000000
45416  -37.879  -36.345  17.225 0.0000000000
45426  -37.294  -35.649  16.487 0.0000000000
45427  -38.349  -36.046  16.583 0.0000000000
45428  -39.736  -35.635  15.976 0.0000000000
45429  -40.951  -35.837  15.971 0.0000000000
45430  -42.065  -35.871  16.005 0.0000000000
45431  -43.170  -35.880  16.067 0.0000000000
45432  -44.267  -35.815  16.141 0.0000000000
45433  -45.284  -35.641  16.292 0.0000000000
45434  -46.223  -35.518  16.401 0.0000000000
45435  -47.145  -35.628  16.171 0.0000000000
45436  -48.075  -35.787  15.857 0.0000000000
45437  -48.610  -35.857  15.719 0.0000000000
45449  -40.179  -35.018  15.339 0.0000000000
45450  -40.803  -35.083  15.425 0.0000000000
45451  -41.795  -35.100  15.560 0.0000000000
45452  -42.832  -35.080  15.660 0.0000000000
45453  -43.889  -35.073  15.660 0.0000000000
45454  -44.938  -35.022  15.735 0.0000000000
45455  -45.902  -34.873  15.988 0.0000000000
45456  -46.836  -34.910  15.886 0.0000000000
45457  -47.764  -35.106  15.504 0.0000000000
45458  -48.949  -35.332  15.220 0.0000000000
45459  -50.000  -35.717  15.015 0.0000000000
45460  -50.509  -35.887  14.949 0.0000000000
45473  -49.484  -34.764  14.761 0.0000000000
45474  -49.980  -35.006  14.668 0.0000000000
45475  -50.909  -35.429  14.577 0.0000000000
45476  -52.192  -35.549  14.344 0.0000000000
45477  -53.371  -35.795  14.195 0.0000000000
45478  -54.428  -35.969  14.408 0.0000000000
45497  -53.599  -35.249  13.903 0.0000000000
45498  -54.081  -35.400  13.951 0.0000000000
45499  -54.901  -35.348  14.130 0.0000000000
46288  -43.053  -34.476  31.943 0.0000000000
46289  -43.397  -34.691  31.819 0.0000000000
46296  -42.675  -34.586  31.513 0.0000000000
46297  -43.188  -34.682  31.696 0.0000000000
46305  -42.039  -34.516  31.168 0.0000000000
46306  -42.476  -34.672  31.260 0.0000000000
46402  -38.008  -35.316  15.862 0.0000000000
46403  -38.891  -35.246  15.873 0.0000000000
46415  -38.696  -34.778  15.263 0.0000000000
46416  -39.628  -34.840  15.237 0.0000000000
46417  -40.594  -34.225  15.110 0.0000000000
46418  -41.595  -34.210  15.395 0.0000000000
46419  -42.553  -34.213  15.530 0.0000000000
46420  -43.541  -34.219  15.501 0.0000000000
46421  -44.557  -34.207  15.463 0.0000000000
46422  -45.569  -34.171  15.551 0.0000000000
46423  -46.538  -34.168  15.592 0.0000000000
46424  -47.478  -34.251  15.361 0.0000000000
46425  -48.402  -34.403  15.053 0.0000000000
46438  -38.506  -34.162  14.636 0.0000000000
46439  -39.384  -34.184  14.750 0.0000000000
46440  -39.968  -34.257  14.867 0.0000000000
46441  -49.206  -34.367  14.801 0.0000000000
46442  -49.948  -34.252  14.585 0.0000000000
46443  -50.831  -34.355  14.399 0.0000000000
46444  -51.948  -34.510  14.253 0.0000000000
46445  -53.323  -34.680  13.956 0.0000000000
46446  -54.067  -34.220  13.953 0.0000000000
46458  -53.819  -35.016  13.801 0.0000000000
46459  -54.412  -34.699  13.889 0.0000000000
46460  -55.336  -34.788  14.105 0.0000000000
47432  -40.831  -33.259  15.033 0.0000000000
47433  -41.486  -33.276  15.352 0.0000000000
47434  -42.344  -33.324  15.648 0.0000000000
47435  -43.233  -33.379  15.671 0.0000000000
47436  -44.183  -33.375  15.573 0.0000000000
47437  -45.183  -33.347  15.443 0.0000000000
47438  -46.208  -33.357  15.500 0.0000000000
47439  -47.223  -33.376  15.443 0.0000000000
47440  -48.317  -33.395  15.174 0.0000000000
47441  -49.360  -33.099  15.068 0.0000000000
47442  -50.114  -33.047  14.994 0.0000000000
47452  -38.173  -33.597  14.078 0.0000000000
47453  -39.230  -33.216  14.175 0.0000000000
47454  -40.168  -33.509  14.695 0.0000000000
47455  -48.972  -33.763  14.894 0.0000000000
47456  -49.693  -33.630  14.761 0.0000000000
47457  -50.665  -33.456  14.736 0.0000000000
47458  -51.764  -33.588  14.624 0.0000000000
47459  -52.922  -33.654  14.438 0.0000000000
47460  -54.099  -33.648  14.278 0.0000000000
47461  -55.142  -33.588  14.386 0.0000000000
47474  -38.518  -32.842  13.252 0.0000000000
47475  -39.165  -32.704  13.613 0.0000000000
47476  -54.571  -34.023  14.050 0.0000000000
47477  -55.222  -34.178  14.126 0.0000000000
47491  -38.239  -32.726  12.735 0.0000000000
48508  -53.948  -32.012  17.486 0.0000000000
48509  -54.599  -32.101  17.447 0.0000000000
48516  -42.695  -31.848  16.050 0.0000000000
48517  -42.966  -32.008  16.230 0.0000000000
48518  -43.411  -32.182  16.280 0.0000000000
48519  -51.707  -31.921  16.444 0.0000000000
48520  -52.292  -32.062  16.484 0.0000000000
48521  -53.477  -32.199  16.830 0.0000000000
48522  -54.710  -32.344  16.642 0.0000000000
48530  -40.663  -32.881  14.794 0.0000000000
48531  -41.276  -32.384  15.084 0.0000000000
48532  -42.281  -32.325  15.740 0.0000000000
48533  -42.992  -32.627  15.943 0.0000000000
48534  -43.803  -32.603  15.978 0.0000000000
48535  -44.752  -32.566  15.735 0.0000000000
48536  -45.797  -32.548  15.672 0.0000000000
48537  -46.862  -32.578  15.702 0.0000000000
48538  -47.921  -32.551  15.549 0.0000000000
48539  -48.996  -32.496  15.457 0.0000000000
48540  -50.110  -32.467  15.485 0.0000000000
48541  -51.343  -32.235  15.880 0.0000000000
48542  -52.519  -32.407  15.832 0.0000000000
48543  -53.681  -32.511  15.811 0.0000000000
48544  -54.852  -32.560  15.687 0.0000000000
48554  -39.632  -32.537  13.763 0.0000000000
48555  -40.421  -32.389  14.263 0.0000000000
48556  -41.117  -31.851  14.603 0.0000000000
48557  -50.768  -32.780  15.216 0.0000000000
48558  -51.619  -32.846  15.166 0.0000000000
48559  -52.707  -32.883  15.027 0.0000000000
48560  -53.854  -32.902  14.894 0.0000000000
48561  -54.987  -32.943  14.815 0.0000000000
48571  -38.825  -32.419  12.861 0.0000000000
48572  -39.321  -32.283  13.142 0.0000000000
48573  -40.026  -32.090  13.515 0.0000000000
48591  -38.474  -32.396  12.389 0.0000000000
48592  -39.000  -32.162  12.621 0.0000000000
48616  -38.103  -32.167  11.715 0.0000000000
49674  -54.217  -31.221  19.017 0.0000000000
49691  -53.048  -31.303  17.991 0.0000000000
49692  -53.765  -31.393  18.400 0.0000000000
49693  -54.737  -31.583  18.693 0.0000000000
49707  -50.875  -31.288  17.026 0.0000000000
49708  -51.563  -31.345  17.261 0.0000000000
49709  -52.483  -31.452  17.517 0.0000000000
49710  -53.396  -31.745  17.612 0.0000000000
49711  -54.308  -31.820  17.983 0.0000000000
49722  -42.520  -31.583  15.906 0.0000000000
49723  -42.964  -31.496  16.279 0.0000000000
49724  -43.649  -31.572  16.669 0.0000000000
49725  -44.784  -31.269  16.846 0.0000000000
49726  -45.908  -31.070  16.686 0.0000000000
49727  -47.069  -31.185  16.670 0.0000000000
49728  -48.193  -31.247  16.579 0.0000000000
49729  -49.267  -31.312  16.508 0.0000000000
49730  -50.280  -31.448  16.600 0.0000000000
49731  -51.186  -31.699  16.584 0.0000000000
49732  -51.989  -31.747  16.898 0.0000000000
49733  -52.720  -31.885  17.082 0.0000000000
49743  -41.530  -31.540  15.024 0.0000000000
49744  -41.971  -31.667  15.492 0.0000000000
49745  -43.760  -32.116  16.398 0.0000000000
49746  -44.305  -32.008  16.350 0.0000000000
49747  -45.309  -31.809  16.138 0.0000000000
49748  -46.420  -31.806  16.094 0.0000000000
49749  -47.521  -31.852  16.047 0.0000000000
49750  -48.598  -31.832  15.925 0.0000000000
49751  -49.642  -31.862  15.938 0.0000000000
49752  -50.519  -31.926  16.072 0.0000000000
49762  -40.944  -31.619  14.153 0.0000000000
49763  -41.356  -31.285  14.409 0.0000000000
49774  -39.958  -31.763  12.998 0.0000000000
49775  -40.724  -31.384  13.408 0.0000000000
49776  -41.172  -31.230  13.925 0.0000000000
49790  -38.947  -31.980  12.263 0.0000000000
49791  -39.447  -31.741  12.423 0.0000000000
49792  -40.225  -31.264  12.503 0.0000000000
49814  -38.829  -31.562  11.691 0.0000000000
49815  -39.781  -31.105  11.847 0.0000000000
49816  -40.292  -30.838  12.101 0.0000000000
50877  -51.663  -29.880  20.424 0.0000000000
50878  -52.977  -30.141  20.617 0.0000000000
50894  -46.003  -30.099  19.289 0.0000000000
50895  -46.489  -30.082  19.354 0.0000000000
50896  -47.139  -29.981  19.502 0.0000000000
50897  -47.831  -30.027  19.566 0.0000000000
50898  -48.770  -30.013  19.550 0.0000000000
50899  -49.830  -30.054  19.540 0.0000000000
50900  -51.012  -30.188  19.564 0.0000000000
50901  -52.320  -30.398  19.603 0.0000000000
50902  -53.808  -30.756  19.658 0.0000000000
50914  -45.744  -30.127  19.058 0.0000000000
50915  -46.034  -30.344  19.120 0.0000000000
50916  -46.962  -30.307  19.163 0.0000000000
50917  -48.062  -30.297  19.027 0.0000000000
50918  -49.177  -30.203  18.809 0.0000000000
50919  -50.348  -30.331  18.678 0.0000000000
50920  -51.584  -30.529  18.640 0.0000000000
50921  -52.892  -30.857  18.588 0.0000000000
50922  -53.699  -31.039  18.899 0.0000000000
50935  -44.847  -30.211  17.956 0.0000000000
50936  -45.386  -30.267  18.419 0.0000000000
50937  -46.215  -30.540  18.485 0.0000000000
50938  -47.312  -30.439  18.291 0.0000000000
50939  -48.463  -30.329  18.053 0.0000000000
50940  -49.621  -30.451  17.869 0.0000000000
50941  -50.824  -30.807  17.652 0.0000000000
50942  -52.016  -30.963  17.894 0.0000000000
50943  -52.622  -31.129  17.971 0.0000000000
50958  -42.784  -31.212  16.115 0.0000000000
50959  -43.294  -30.805  16.484 0.0000000000
50960  -44.474  -30.552  17.363 0.0000000000
50961  -45.475  -30.662  17.617 0.0000000000
50962  -46.587  -30.675  17.503 0.0000000000
50963  -47.746  -30.644  17.317 0.0000000000
50964  -48.882  -30.735  17.180 0.0000000000
50965  -49.909  -30.960  17.123 0.0000000000
50966  -50.482  -31.132  17.090 0.0000000000
50984  -41.920  -31.277  15.295 0.0000000000
50985  -42.435  -31.002  15.646 0.0000000000
50986  -43.082  -30.336  15.643 0.0000000000
51000  -41.819  -30.946  14.884 0.0000000000
51001  -42.516  -30.331  14.791 0.0000000000
51002  -43.196  -29.902  15.042 0.0000000000
51012  -41.102  -30.843  13.180 0.0000000000
51013  -41.616  -30.573  13.687 0.0000000000
51014  -42.497  -29.834  14.004 0.0000000000
51026  -40.850  -30.492  12.517 0.0000000000
51027  -41.420  -29.681  12.803 0.0000000000
51047  -38.317  -30.629  11.322 0.0000000000
51048  -39.302  -30.480  11.431 0.0000000000
51049  -40.161  -30.401  11.739 0.0000000000
52159  -51.971  -28.884  21.541 0.0000000000
52182  -48.469  -29.239  19.870 0.0000000000
52183  -49.009  -29.268  20.076 0.0000000000
52184  -49.869  -29.211  20.382 0.0000000000
52185  -51.078  -29.181  20.910 0.0000000000
52186  -52.333  -29.493  21.241 0.0000000000
52203  -45.840  -29.946  19.201 0.0000000000
52204  -46.254  -29.805  19.293 0.0000000000
52205  -46.875  -29.736  19.427 0.0000000000
52206  -47.751  -29.552  19.605 0.0000000000
52207  -48.523  -29.629  19.785 0.0000000000
52208  -49.373  -29.668  19.989 0.0000000000
52209  -50.434  -29.716  20.211 0.0000000000
52228  -45.601  -29.870  18.853 0.0000000000
52229  -45.931  -29.730  19.105 0.0000000000
52252  -44.623  -30.101  17.626 0.0000000000
52253  -45.124  -29.819  18.135 0.0000000000
52272  -43.681  -30.173  16.092 0.0000000000
52273  -44.137  -30.071  16.888 0.0000000000
52274  -44.961  -29.714  17.141 0.0000000000
52289  -43.616  -29.862  15.468 0.0000000000
52290  -44.348  -29.564  15.758 0.0000000000
52291  -44.730  -29.629  16.454 0.0000000000
52299  -42.983  -29.671  14.517 0.0000000000
52300  -43.775  -29.266  14.738 0.0000000000
52301  -44.411  -29.140  15.171 0.0000000000
52307  -42.075  -29.251  13.343 0.0000000000
52308  -42.964  -29.082  13.960 0.0000000000
52309  -43.455  -28.749  14.165 0.0000000000
52320  -37.356  -29.226  11.921 0.0000000000
52321  -38.024  -29.209  11.800 0.0000000000
52322  -39.831  -28.724  12.068 0.0000000000
52323  -40.635  -29.100  12.230 0.0000000000
52324  -41.368  -28.817  12.786 0.0000000000
52340  -37.784  -29.853  11.523 0.0000000000
52341  -38.668  -29.639  11.512 0.0000000000
52342  -39.686  -29.428  11.686 0.0000000000
52343  -40.457  -29.858  11.881 0.0000000000
53443  -48.731  -28.980  20.025 0.0000000000
53444  -49.261  -28.762  20.174 0.0000000000
53445  -50.327  -28.334  20.496 0.0000000000
53446  -51.398  -28.313  21.253 0.0000000000
53455  -46.636  -29.546  19.283 0.0000000000
53456  -47.170  -29.240  19.316 0.0000000000
53457  -48.423  -28.632  19.446 0.0000000000
53458  -49.603  -28.121  19.831 0.0000000000
53459  -50.116  -27.835  20.057 0.0000000000
53472  -45.871  -29.604  18.909 0.0000000000
53473  -46.366  -29.329  18.969 0.0000000000
53474  -47.257  -28.636  18.743 0.0000000000
53475  -48.095  -28.136  18.403 0.0000000000
53489  -45.777  -29.416  18.490 0.0000000000
53490  -46.435  -28.735  18.110 0.0000000000
53491  -47.465  -28.067  17.632 0.0000000000
53492  -48.100  -27.783  17.838 0.0000000000
53502  -45.675  -29.144  17.505 0.0000000000
53503  -46.570  -28.262  16.804 0.0000000000
53504  -47.243  -27.821  16.912 0.0000000000
53512  -44.752  -29.061  15.404 0.0000000000
53513  -45.462  -28.844  15.897 0.0000000000
53514  -46.280  -28.181  15.987 0.0000000000
53520  -43.807  -28.324  14.230 0.0000000000
53521  -44.658  -28.546  14.851 0.0000000000
53522  -45.247  -28.232  15.069 0.0000000000
53528  -41.622  -28.130  13.186 0.0000000000
53529  -42.450  -28.302  13.523 0.0000000000
53530  -43.167  -28.268  13.838 0.0000000000
53539  -37.110  -28.653  12.060 0.0000000000
53540  -37.962  -28.535  12.175 0.0000000000
53541  -39.045  -28.466  12.175 0.0000000000
53542  -39.887  -28.155  12.476 0.0000000000
53543  -40.713  -27.961  12.830 0.0000000000
53552  -38.511  -28.946  11.872 0.0000000000
53553  -38.980  -29.075  11.737 0.0000000000
54654  -51.847  -27.415  21.500 0.0000000000
54661  -50.510  -27.417  20.185 0.0000000000
54662  -51.075  -27.517  20.776 0.0000000000
54673  -48.733  -27.837  18.653 0.0000000000
54674  -49.456  -27.558  19.043 0.0000000000
54675  -50.104  -27.421  19.636 0.0000000000
54685  -48.537  -27.550  18.026 0.0000000000
54686  -49.136  -27.168  18.271 0.0000000000
54691  -47.636  -27.533  16.934 0.0000000000
54692  -48.240  -27.259  17.281 0.0000000000
54693  -48.824  -26.956  17.696 0.0000000000
54698  -46.663  -27.760  15.990 0.0000000000
54699  -47.251  -27.365  16.283 0.0000000000
54700  -47.865  -27.033  16.597 0.0000000000
54705  -45.586  -27.924  15.110 0.0000000000
54706  -46.168  -27.615  15.396 0.0000000000
54707  -46.771  -27.201  15.650 0.0000000000
54712  -43.347  -27.501  13.911 0.0000000000
54713  -44.137  -27.440  14.220 0.0000000000
54714  -45.061  -27.458  14.672 0.0000000000
54715  -45.686  -27.262  14.901 0.0000000000
54721  -38.949  -27.222  12.941 0.0000000000
54722  -39.422  -27.143  13.184 0.0000000000
54723  -40.070  -27.057  13.527 0.0000000000
54724  -40.919  -27.276  13.587 0.0000000000
54725  -41.893  -27.451  13.676 0.0000000000
54726  -42.691  -27.569  13.735 0.0000000000
54732  -37.073  -28.309  11.927 0.0000000000
54733  -37.698  -27.931  12.258 0.0000000000
54734  -38.486  -27.675  12.587 0.0000000000
54735  -39.231  -27.648  12.783 0.0000000000
54736  -39.912  -27.503  13.024 0.0000000000
54737  -40.367  -27.418  13.273 0.0000000000
54743  -36.771  -28.232  11.431 0.0000000000
54744  -37.390  -27.781  11.729 0.0000000000
54752  -37.163  -27.655  10.784 0.0000000000
54762  -36.814  -27.571  10.029 0.0000000000
55825  -50.931  -26.878  20.361 0.0000000000
55826  -51.499  -26.567  20.849 0.0000000000
55840  -50.102  -26.882  19.143 0.0000000000
55841  -50.620  -26.468  19.691 0.0000000000
55842  -51.061  -26.411  20.277 0.0000000000
55851  -49.821  -26.433  18.466 0.0000000000
55852  -50.275  -26.357  19.014 0.0000000000
55858  -48.821  -26.238  17.130 0.0000000000
55859  -49.267  -26.483  17.816 0.0000000000
55865  -47.669  -26.333  16.087 0.0000000000
55866  -48.226  -26.496  16.643 0.0000000000
55871  -45.799  -25.871  15.122 0.0000000000
55872  -46.339  -26.469  15.261 0.0000000000
55873  -47.081  -26.640  15.694 0.0000000000
55877  -40.750  -26.010  14.925 0.0000000000
55878  -41.130  -26.204  14.901 0.0000000000
55879  -41.956  -26.279  14.653 0.0000000000
55880  -43.139  -26.513  14.241 0.0000000000
55881  -44.355  -26.451  14.479 0.0000000000
55882  -45.414  -26.392  14.831 0.0000000000
55883  -45.971  -26.927  14.981 0.0000000000
55890  -39.132  -26.940  13.104 0.0000000000
55891  -39.630  -26.549  13.359 0.0000000000
55892  -40.561  -26.387  14.232 0.0000000000
55893  -41.420  -26.760  14.250 0.0000000000
55894  -42.312  -26.913  14.049 0.0000000000
55895  -42.881  -27.070  13.883 0.0000000000
55902  -38.246  -27.423  12.424 0.0000000000
55903  -38.726  -26.768  12.720 0.0000000000
55904  -39.302  -26.280  13.051 0.0000000000
55911  -37.989  -27.278  12.105 0.0000000000
55912  -38.338  -26.596  11.650 0.0000000000
55921  -37.782  -27.127  11.127 0.0000000000
55922  -38.152  -26.418  10.614 0.0000000000
55931  -36.676  -27.321  9.506 0.0000000000
55932  -37.380  -26.737  9.728 0.0000000000
55933  -38.023  -26.154  9.968 0.0000000000
55946  -37.021  -26.313  8.460 0.0000000000
57128  -52.210  -25.487  21.118 0.0000000000
57143  -50.906  -25.510  19.548 0.0000000000
57144  -51.279  -25.749  20.197 0.0000000000
57153  -49.990  -25.684  18.241 0.0000000000
57154  -50.443  -25.609  18.802 0.0000000000
57162  -48.832  -25.232  16.949 0.0000000000
57163  -49.517  -25.527  17.647 0.0000000000
57164  -50.086  -25.170  18.106 0.0000000000
57173  -47.509  -25.430  15.987 0.0000000000
57174  -48.180  -25.521  16.429 0.0000000000
57181  -40.886  -25.323  15.266 0.0000000000
57182  -41.265  -25.289  15.361 0.0000000000
57183  -42.030  -25.162  15.430 0.0000000000
57184  -43.060  -25.005  15.399 0.0000000000
57185  -44.123  -25.008  15.359 0.0000000000
57186  -45.214  -25.296  15.224 0.0000000000
57187  -46.129  -25.444  15.400 0.0000000000
57188  -46.976  -25.737  15.640 0.0000000000
57194  -40.567  -25.602  14.863 0.0000000000
57195  -40.961  -25.727  15.221 0.0000000000
57196  -41.577  -25.739  15.207 0.0000000000
57197  -42.514  -25.689  15.014 0.0000000000
57198  -43.611  -25.644  14.854 0.0000000000
57199  -44.558  -25.689  14.873 0.0000000000
57209  -39.598  -25.973  13.293 0.0000000000
57210  -40.125  -25.726  13.879 0.0000000000
57221  -38.874  -26.112  11.947 0.0000000000
57222  -39.370  -25.779  12.640 0.0000000000
57223  -39.819  -25.548  13.227 0.0000000000
57237  -38.710  -25.953  11.073 0.0000000000
57238  -39.264  -25.456  11.542 0.0000000000
57251  -38.501  -25.818  10.165 0.0000000000
57252  -39.096  -25.325  10.498 0.0000000000
57266  -37.586  -25.936  8.802 0.0000000000
57267  -38.121  -25.753  9.349 0.0000000000
57268  -38.851  -25.301  9.532 0.0000000000
57285  -37.440  -25.791  8.135 0.0000000000
57286  -38.126  -25.314  8.269 0.0000000000
57287  -38.564  -25.279  8.921 0.0000000000
58403  -52.449  -24.360  20.709 0.0000000000
58419  -51.211  -25.152  19.765 0.0000000000
58420  -51.606  -24.742  20.100 0.0000000000
58431  -51.074  -24.670  19.201 0.0000000000
58432  -51.517  -24.250  19.566 0.0000000000
58445  -49.023  -24.478  17.199 0.0000000000
58446  -49.763  -24.489  17.725 0.0000000000
58447  -50.431  -24.557  18.336 0.0000000000
58460  -44.103  -23.784  15.658 0.0000000000
58461  -44.510  -23.792  15.735 0.0000000000
58462  -45.321  -23.854  15.875 0.0000000000
58463  -46.299  -24.054  16.027 0.0000000000
58464  -47.379  -24.550  16.160 0.0000000000
58465  -48.284  -24.506  16.672 0.0000000000
58479  -41.038  -25.064  15.365 0.0000000000
58480  -41.482  -24.719  15.341 0.0000000000
58481  -42.586  -24.479  15.445 0.0000000000
58482  -43.737  -24.211  15.647 0.0000000000
58483  -44.742  -24.403  15.598 0.0000000000
58484  -45.719  -24.604  15.633 0.0000000000
58485  -46.631  -24.872  15.732 0.0000000000
58486  -47.148  -25.118  15.844 0.0000000000
58506  -40.777  -24.996  15.181 0.0000000000
58507  -41.000  -24.598  14.867 0.0000000000
58528  -40.540  -25.041  14.462 0.0000000000
58529  -40.965  -24.613  14.105 0.0000000000
58548  -39.849  -25.319  12.843 0.0000000000
58549  -40.362  -25.012  13.305 0.0000000000
58550  -41.149  -24.484  13.235 0.0000000000
58569  -39.939  -24.978  12.134 0.0000000000
58570  -40.820  -24.477  12.323 0.0000000000
58571  -41.390  -24.289  12.588 0.0000000000
58587  -39.703  -24.748  10.923 0.0000000000
58588  -40.476  -24.333  11.310 0.0000000000
58602  -39.551  -24.757  9.786 0.0000000000
58603  -40.306  -24.211  10.213 0.0000000000
58613  -38.701  -24.834  7.687 0.0000000000
58614  -39.185  -24.805  8.548 0.0000000000
58615  -40.255  -24.321  9.021 0.0000000000
58623  -40.186  -24.297  7.787 0.0000000000
59737  -52.453  -23.900  20.339 0.0000000000
59745  -51.964  -23.852  19.859 0.0000000000
59746  -52.566  -23.617  20.103 0.0000000000
59757  -50.836  -23.807  18.522 0.0000000000
59758  -51.415  -23.813  19.123 0.0000000000
59773  -47.674  -23.319  16.785 0.0000000000
59774  -48.364  -23.653  16.959 0.0000000000
59775  -49.207  -23.668  17.417 0.0000000000
59776  -50.074  -23.684  17.907 0.0000000000
59790  -43.863  -23.746  15.607 0.0000000000
59791  -44.344  -23.470  15.658 0.0000000000
59792  -44.973  -23.325  15.893 0.0000000000
59793  -45.845  -23.289  16.193 0.0000000000
59794  -46.943  -23.464  16.503 0.0000000000
59795  -47.734  -23.859  16.611 0.0000000000
59806  -41.519  -24.313  14.992 0.0000000000
59807  -42.171  -24.124  15.177 0.0000000000
59808  -43.223  -23.758  15.440 0.0000000000
59809  -43.917  -23.523  15.533 0.0000000000
59822  -41.359  -24.351  14.558 0.0000000000
59823  -41.865  -24.045  14.626 0.0000000000
59824  -42.628  -23.701  14.752 0.0000000000
59835  -41.546  -24.242  13.948 0.0000000000
59836  -42.206  -23.873  13.911 0.0000000000
59837  -43.083  -23.541  13.875 0.0000000000
59838  -43.704  -23.286  13.447 0.0000000000
59846  -41.788  -24.161  13.134 0.0000000000
59847  -42.471  -23.828  12.966 0.0000000000
59848  -43.235  -23.527  12.769 0.0000000000
59849  -43.979  -23.200  12.671 0.0000000000
59857  -41.319  -24.226  12.155 0.0000000000
59858  -41.823  -24.019  12.210 0.0000000000
59859  -42.616  -23.689  11.951 0.0000000000
59860  -43.476  -23.396  11.758 0.0000000000
59861  -44.252  -23.030  11.740 0.0000000000
59871  -41.227  -24.096  11.628 0.0000000000
59872  -41.917  -23.822  11.231 0.0000000000
59873  -42.837  -23.623  10.883 0.0000000000
59874  -43.859  -23.042  10.648 0.0000000000
59875  -44.481  -22.778  11.138 0.0000000000
59884  -41.113  -23.878  10.680 0.0000000000
59885  -41.990  -23.701  10.161 0.0000000000
59886  -42.953  -23.388  9.756 0.0000000000
59887  -43.656  -22.790  9.542 0.0000000000
59895  -41.105  -23.847  9.554 0.0000000000
59896  -42.047  -23.490  8.991 0.0000000000
59897  -42.980  -22.818  8.625 0.0000000000
59898  -43.637  -22.474  8.957 0.0000000000
59911  -41.141  -23.853  8.270 0.0000000000
59912  -42.044  -23.015  7.700 0.0000000000
59913  -42.658  -22.560  7.925 0.0000000000
60991  -52.248  -23.433  19.672 0.0000000000
60992  -52.716  -23.203  19.744 0.0000000000
60999  -51.188  -23.359  18.676 0.0000000000
61000  -51.816  -23.039  19.041 0.0000000000
61016  -47.983  -23.035  16.963 0.0000000000
61017  -48.580  -22.998  17.193 0.0000000000
61018  -49.452  -22.911  17.518 0.0000000000
61019  -50.637  -22.858  18.105 0.0000000000
61020  -51.417  -22.285  18.221 0.0000000000
61037  -44.706  -23.105  15.793 0.0000000000
61038  -45.299  -22.698  15.952 0.0000000000
61039  -46.467  -22.604  16.451 0.0000000000
61040  -47.384  -22.773  16.810 0.0000000000
61052  -43.752  -23.447  15.394 0.0000000000
61053  -44.322  -23.085  15.497 0.0000000000
61054  -44.920  -22.491  15.351 0.0000000000
61065  -43.540  -23.314  14.937 0.0000000000
61066  -44.265  -22.816  14.777 0.0000000000
61067  -44.948  -22.374  14.520 0.0000000000
61074  -43.796  -23.173  14.185 0.0000000000
61075  -44.361  -22.858  13.700 0.0000000000
61076  -45.143  -22.365  13.530 0.0000000000
61083  -44.664  -22.743  12.644 0.0000000000
61084  -45.377  -22.351  12.542 0.0000000000
61092  -44.892  -22.633  11.685 0.0000000000
61093  -45.544  -22.255  11.599 0.0000000000
61104  -44.159  -22.584  10.020 0.0000000000
61105  -44.903  -22.294  10.547 0.0000000000
61106  -45.668  -22.018  11.021 0.0000000000
61116  -44.238  -22.135  9.387 0.0000000000
61117  -44.801  -21.873  9.768 0.0000000000
61133  -42.997  -22.279  8.026 0.0000000000
61134  -43.549  -21.922  8.424 0.0000000000
61152  -42.075  -22.519  6.993 0.0000000000
61153  -42.647  -22.080  7.364 0.0000000000
61154  -43.115  -21.888  7.851 0.0000000000
62216  -52.147  -22.228  18.591 0.0000000000
62229  -47.999  -22.580  16.940 0.0000000000
62230  -48.631  -22.317  17.092 0.0000000000
62231  -49.658  -22.131  17.348 0.0000000000
62232  -50.732  -21.881  17.552 0.0000000000
62233  -51.884  -21.501  17.713 0.0000000000
62255  -45.492  -22.294  15.636 0.0000000000
62256  -46.181  -21.841  15.896 0.0000000000
62257  -47.489  -21.877  16.648 0.0000000000
62258  -48.777  -21.570  16.744 0.0000000000
62259  -49.908  -21.372  16.846 0.0000000000
62260  -50.984  -21.176  17.006 0.0000000000
62261  -51.546  -21.028  17.181 0.0000000000
62274  -45.523  -22.031  15.188 0.0000000000
62275  -46.139  -21.510  15.044 0.0000000000
62289  -45.654  -21.928  14.327 0.0000000000
62290  -46.353  -21.443  14.154 0.0000000000
62302  -45.863  -21.921  13.368 0.0000000000
62303  -46.609  -21.494  13.182 0.0000000000
62304  -47.082  -21.264  12.815 0.0000000000
62311  -46.054  -21.940  12.411 0.0000000000
62312  -46.655  -21.516  12.245 0.0000000000
62313  -47.275  -21.144  12.164 0.0000000000
62322  -46.128  -21.794  11.516 0.0000000000
62323  -46.738  -21.290  11.383 0.0000000000
62324  -47.363  -20.840  11.373 0.0000000000
62337  -45.246  -21.627  9.912 0.0000000000
62338  -45.965  -21.468  10.539 0.0000000000
62339  -46.932  -20.706  10.578 0.0000000000
62340  -47.445  -20.561  10.912 0.0000000000
62351  -44.251  -21.481  8.752 0.0000000000
62352  -44.853  -21.378  9.258 0.0000000000
62353  -45.715  -20.982  9.527 0.0000000000
62354  -46.340  -20.778  9.969 0.0000000000
62372  -44.023  -21.041  8.173 0.0000000000
62373  -44.661  -20.873  8.533 0.0000000000
62374  -45.268  -20.715  8.853 0.0000000000
62386  -42.805  -21.416  7.114 0.0000000000
62387  -43.306  -21.235  7.577 0.0000000000
63512  -51.806  -20.942  17.257 0.0000000000
63513  -52.299  -20.808  17.317 0.0000000000
63531  -46.540  -21.297  15.482 0.0000000000
63532  -47.019  -21.057  15.893 0.0000000000
63533  -48.051  -20.960  16.169 0.0000000000
63534  -49.102  -20.810  16.269 0.0000000000
63535  -50.226  -20.526  16.333 0.0000000000
63536  -51.467  -20.472  16.836 0.0000000000
63537  -52.400  -20.160  16.851 0.0000000000
63555  -46.799  -20.824  14.968 0.0000000000
63556  -47.672  -20.389  15.427 0.0000000000
63557  -48.484  -20.351  15.727 0.0000000000
63558  -49.304  -20.172  15.744 0.0000000000
63559  -49.989  -19.849  15.745 0.0000000000
63573  -47.010  -20.956  13.892 0.0000000000
63574  -47.706  -20.250  14.459 0.0000000000
63575  -48.263  -19.865  14.340 0.0000000000
63589  -47.103  -21.153  13.281 0.0000000000
63590  -47.645  -20.784  13.162 0.0000000000
63591  -48.269  -20.052  13.726 0.0000000000
63606  -47.903  -20.697  12.044 0.0000000000
63607  -48.427  -20.231  12.722 0.0000000000
63627  -47.860  -20.448  11.226 0.0000000000
63628  -48.448  -20.126  11.682 0.0000000000
63650  -47.191  -20.264  10.209 0.0000000000
63651  -47.648  -20.153  10.522 0.0000000000
63652  -48.239  -20.008  10.962 0.0000000000
63671  -46.282  -20.466  9.465 0.0000000000
63672  -46.869  -20.213  9.749 0.0000000000
63673  -47.372  -19.947  10.004 0.0000000000
63694  -44.499  -20.480  8.039 0.0000000000
63695  -45.145  -20.049  8.163 0.0000000000
63696  -45.997  -20.177  8.875 0.0000000000
63697  -46.531  -20.100  9.257 0.0000000000
63714  -44.638  -20.060  7.775 0.0000000000
64934  -50.768  -19.727  16.180 0.0000000000
64935  -51.696  -19.630  16.433 0.0000000000
64936  -52.246  -19.705  16.428 0.0000000000
64950  -48.224  -20.059  15.279 0.0000000000
64951  -48.728  -19.932  15.374 0.0000000000
64952  -49.317  -19.502  15.305 0.0000000000
64953  -50.203  -19.206  15.558 0.0000000000
64954  -51.084  -18.990  15.899 0.0000000000
64955  -52.219  -19.219  15.889 0.0000000000
64968  -47.957  -20.018  15.046 0.0000000000
64969  -48.444  -19.711  14.864 0.0000000000
64970  -49.153  -19.189  14.667 0.0000000000
64983  -48.672  -19.535  14.174 0.0000000000
64984  -49.233  -19.057  13.933 0.0000000000
64998  -48.851  -19.602  13.339 0.0000000000
64999  -49.446  -19.067  13.058 0.0000000000
65019  -48.990  -19.602  12.301 0.0000000000
65020  -49.576  -18.949  12.066 0.0000000000
65045  -48.180  -19.721  10.573 0.0000000000
65046  -48.902  -19.331  10.975 0.0000000000
65047  -49.559  -18.711  11.410 0.0000000000
65076  -47.275  -19.740  9.664 0.0000000000
65077  -47.921  -19.307  9.918 0.0000000000
65078  -48.610  -18.931  10.287 0.0000000000
65108  -45.314  -19.392  7.874 0.0000000000
65109  -45.881  -19.127  8.231 0.0000000000
65110  -46.938  -19.423  9.060 0.0000000000
65111  -47.531  -18.880  9.267 0.0000000000
66283  -49.699  -18.916  15.083 0.0000000000
66284  -50.427  -18.460  15.113 0.0000000000
66285  -51.370  -18.423  15.371 0.0000000000
66286  -52.060  -18.305  15.183 0.0000000000
66303  -49.709  -18.669  14.508 0.0000000000
66304  -50.185  -18.156  14.363 0.0000000000
66321  -49.764  -18.515  13.742 0.0000000000
66322  -50.247  -17.939  13.633 0.0000000000
66340  -49.930  -18.395  12.881 0.0000000000
66341  -50.398  -17.780  12.841 0.0000000000
66360  -50.101  -18.138  11.887 0.0000000000
66361  -50.533  -17.621  12.303 0.0000000000
66380  -48.979  -18.663  10.426 0.0000000000
66381  -49.578  -18.335  10.802 0.0000000000
66399  -47.918  -18.255  9.278 0.0000000000
66400  -48.631  -18.375  9.928 0.0000000000
66401  -49.152  -18.273  10.280 0.0000000000
66417  -46.156  -18.496  7.975 0.0000000000
66418  -46.748  -18.338  8.303 0.0000000000
66419  -47.363  -18.512  8.862 0.0000000000
67605  -50.559  -18.030  14.700 0.0000000000
67606  -50.943  -17.910  14.930 0.0000000000
67607  -51.536  -17.885  14.997 0.0000000000
67620  -50.683  -17.675  14.319 0.0000000000
67621  -51.284  -17.492  14.605 0.0000000000
67622  -52.061  -17.488  14.719 0.0000000000
67623  -53.083  -17.190  14.481 0.0000000000
67640  -50.778  -17.388  13.569 0.0000000000
67641  -51.164  -17.035  13.334 0.0000000000
67661  -50.896  -17.296  12.719 0.0000000000
67662  -51.372  -16.844  12.837 0.0000000000
67681  -50.186  -17.794  11.148 0.0000000000
67682  -50.781  -17.308  11.763 0.0000000000
67683  -51.187  -17.036  12.324 0.0000000000
67698  -49.939  -17.725  10.604 0.0000000000
67699  -50.424  -17.360  10.800 0.0000000000
67714  -48.046  -17.709  8.995 0.0000000000
67715  -48.555  -17.581  9.271 0.0000000000
67716  -49.436  -17.704  10.050 0.0000000000
67717  -50.051  -17.399  10.342 0.0000000000
67731  -47.080  -17.743  8.160 0.0000000000
67732  -47.639  -17.604  8.538 0.0000000000
67733  -48.174  -17.460  8.846 0.0000000000
68831  -51.044  -17.240  14.159 0.0000000000
68832  -51.535  -17.034  14.258 0.0000000000
68833  -52.231  -16.770  14.232 0.0000000000
68834  -52.882  -16.478  14.103 0.0000000000
68835  -53.738  -16.432  14.092 0.0000000000
68854  -51.188  -17.018  13.822 0.0000000000
68855  -51.628  -16.723  13.611 0.0000000000
68856  -52.350  -16.318  13.564 0.0000000000
68857  -53.099  -16.029  13.713 0.0000000000
68858  -53.761  -15.843  13.680 0.0000000000
68878  -51.820  -16.498  12.979 0.0000000000
68879  -52.235  -16.172  12.800 0.0000000000
68896  -51.139  -16.975  11.616 0.0000000000
68897  -51.589  -16.597  11.967 0.0000000000
68898  -52.237  -16.068  12.287 0.0000000000
68913  -50.983  -16.964  11.146 0.0000000000
68914  -51.330  -16.541  10.883 0.0000000000
68926  -48.747  -17.221  9.057 0.0000000000
68927  -49.214  -17.144  9.317 0.0000000000
68928  -50.416  -16.805  9.994 0.0000000000
68929  -51.216  -16.343  10.302 0.0000000000
68941  -47.906  -17.082  8.327 0.0000000000
68942  -48.510  -16.957  8.591 0.0000000000
68943  -49.625  -16.564  9.054 0.0000000000
68944  -50.188  -16.373  9.339 0.0000000000
70108  -54.358  -15.961  13.881 0.0000000000
70129  -52.710  -15.911  13.235 0.0000000000
70130  -53.308  -15.598  13.239 0.0000000000
70131  -54.372  -15.332  13.380 0.0000000000
70153  -52.696  -15.745  12.647 0.0000000000
70154  -53.431  -15.241  12.453 0.0000000000
70155  -54.277  -14.763  12.691 0.0000000000
70171  -51.808  -16.281  11.300 0.0000000000
70172  -52.390  -15.806  11.672 0.0000000000
70173  -53.185  -15.134  11.394 0.0000000000
70188  -51.799  -16.115  10.698 0.0000000000
70189  -52.406  -15.488  10.521 0.0000000000
70190  -53.083  -14.935  10.664 0.0000000000
70204  -50.508  -16.231  9.478 0.0000000000
70205  -51.257  -15.890  9.711 0.0000000000
70206  -52.055  -15.306  9.690 0.0000000000
70220  -49.164  -16.145  8.351 0.0000000000
70221  -50.190  -15.905  8.915 0.0000000000
70222  -50.931  -15.387  8.903 0.0000000000
71368  -53.933  -14.662  11.941 0.0000000000
71387  -53.668  -14.582  11.094 0.0000000000
71388  -54.440  -14.198  11.493 0.0000000000
71405  -52.681  -14.913  9.986 0.0000000000
71406  -53.371  -14.551  10.301 0.0000000000
71407  -54.028  -14.173  10.626 0.0000000000
71424  -51.556  -15.224  9.190 0.0000000000
71425  -52.151  -14.813  9.258 0.0000000000
71426  -52.953  -14.407  9.500 0.0000000000
71427  -53.686  -14.203  9.927 0.0000000000
71440  -49.595  -15.582  8.260 0.0000000000
71441  -50.264  -15.153  8.359 0.0000000000
71442  -51.324  -14.693  8.531 0.0000000000
71443  -52.282  -14.321  8.775 0.0000000000
71444  -52.949  -14.024  8.925 0.0000000000
71461  -50.393  -14.433  7.760 0.0000000000
71462  -51.231  -14.137  7.920 0.0000000000
71478  -50.326  -13.914  7.150 0.0000000000
72763  -54.616  -13.878  10.903 0.0000000000
72780  -53.486  -13.953  9.401 0.0000000000
72781  -54.391  -13.664  9.918 0.0000000000
72795  -51.814  -14.125  8.220 0.0000000000
72796  -52.501  -13.843  8.333 0.0000000000
72797  -53.487  -13.518  8.726 0.0000000000
72798  -54.351  -13.137  9.079 0.0000000000
72812  -50.924  -13.877  7.486 0.0000000000
72813  -51.757  -13.636  7.629 0.0000000000
72814  -52.728  -13.375  7.854 0.0000000000
72815  -53.432  -13.066  8.001 0.0000000000
72826  -51.008  -13.414  6.925 0.0000000000
72827  -51.714  -13.201  7.101 0.0000000000
74137  -54.955  -12.968  9.598 0.0000000000
74152  -54.023  -12.961  8.447 0.0000000000
74153  -54.820  -12.465  8.808 0.0000000000
74165  -52.200  -13.136  7.300 0.0000000000
74166  -52.897  -12.814  7.419 0.0000000000
74167  -53.895  -12.436  7.828 0.0000000000
74168  -54.664  -12.026  8.068 0.0000000000
74179  -50.564  -12.930  6.246 0.0000000000
74180  -51.903  -12.582  6.647 0.0000000000
74181  -53.195  -12.182  7.092 0.0000000000
74182  -53.825  -12.006  7.379 0.0000000000
74194  -51.057  -12.266  5.893 0.0000000000
74195  -51.688  -12.096  6.145 0.0000000000
75490  -55.236  -11.856  8.471 0.0000000000
75506  -54.268  -11.875  7.608 0.0000000000
75507  -55.015  -11.399  7.777 0.0000000000
75508  -55.714  -11.054  8.087 0.0000000000
75518  -52.005  -11.965  6.263 0.0000000000
75519  -52.670  -11.654  6.421 0.0000000000
75520  -53.938  -11.506  7.071 0.0000000000
75521  -54.629  -11.181  7.222 0.0000000000
75531  -50.564  -11.588  5.335 0.0000000000
75532  -51.793  -11.551  5.866 0.0000000000
75533  -52.431  -11.267  6.059 0.0000000000
76912  -54.987  -11.041  7.299 0.0000000000
76913  -55.698  -10.801  7.500 0.0000000000
76928  -52.741  -11.157  6.164 0.0000000000
76929  -53.358  -11.019  6.373 0.0000000000
76930  -54.583  -10.780  6.775 0.0000000000
76931  -55.665  -10.456  6.571 0.0000000000
76945  -50.701  -11.021  5.092 0.0000000000
76946  -51.339  -10.751  5.279 0.0000000000
76947  -52.541  -10.757  5.810 0.0000000000
76948  -53.696  -10.348  6.049 0.0000000000
76949  -54.762  -10.184  6.049 0.0000000000
76950  -55.693  -10.217  5.702 0.0000000000
76965  -51.160  -10.317  4.993 0.0000000000
76966  -55.218  -10.141  4.372 0.0000000000
76967  -55.851  -10.254  4.790 0.0000000000
76983  -55.609  -10.249  4.049 0.0000000000
78243  -51.452  -10.216  5.087 0.0000000000
78244  -51.991  -10.123  5.269 0.0000000000
78245  -53.017  -10.011  5.424 0.0000000000
78246  -54.075  -9.947  5.470 0.0000000000
78247  -54.884  -10.086  5.451 0.0000000000
78259  -51.319  -9.797  4.790 0.0000000000
78260  -52.449  -9.571  4.842 0.0000000000
78261  -53.479  -9.675  4.851 0.0000000000
78262  -54.656  -9.956  4.766 0.0000000000
78263  -55.270  -10.144  5.191 0.0000000000
78277  -52.982  -9.428  4.395 0.0000000000
78278  -53.741  -9.565  4.075 0.0000000000
78279  -54.823  -9.894  3.842 0.0000000000
78294  -54.120  -9.418  3.451 0.0000000000
79494  -51.954  -9.137  4.398 0.0000000000
79495  -52.527  -9.289  4.373 0.0000000000
79509  -52.825  -9.029  3.836 0.0000000000
79510  -53.575  -9.219  3.553 0.0000000000
