#!ascii label  , from subject ab_data vox2ras=TkReg
1694
0  -3.499  -89.145  -6.344 0.0000000000
1  -3.696  -89.289  -6.339 0.0000000000
2  -3.502  -89.174  -6.724 0.0000000000
3  -3.645  -89.283  -6.870 0.0000000000
4  -3.300  -89.135  -7.111 0.0000000000
5  -3.514  -89.237  -7.064 0.0000000000
6  -3.731  -88.833  -1.421 0.0000000000
7  -4.476  -88.873  -1.411 0.0000000000
8  -5.209  -88.809  -1.498 0.0000000000
9  -3.211  -88.713  -2.139 0.0000000000
10  -3.714  -88.996  -2.241 0.0000000000
11  -4.633  -89.005  -2.301 0.0000000000
12  -5.160  -88.882  -1.931 0.0000000000
13  -3.105  -89.012  -2.855 0.0000000000
14  -3.500  -89.157  -3.211 0.0000000000
15  -4.328  -89.235  -3.243 0.0000000000
16  -5.561  -88.880  -2.758 0.0000000000
17  -6.082  -88.750  -3.006 0.0000000000
18  -3.167  -89.082  -3.741 0.0000000000
19  -3.667  -89.323  -4.017 0.0000000000
20  -4.358  -89.435  -4.363 0.0000000000
21  -5.195  -89.178  -3.894 0.0000000000
22  -6.110  -88.779  -3.557 0.0000000000
23  -3.341  -89.113  -4.728 0.0000000000
24  -3.816  -89.380  -4.946 0.0000000000
25  -4.315  -89.462  -5.168 0.0000000000
26  -5.037  -89.308  -5.020 0.0000000000
27  -5.790  -88.905  -4.507 0.0000000000
28  -3.520  -89.172  -5.746 0.0000000000
29  -3.959  -89.439  -5.762 0.0000000000
30  -4.556  -89.433  -5.823 0.0000000000
31  -5.163  -89.253  -5.875 0.0000000000
32  -5.909  -88.792  -5.610 0.0000000000
33  -3.303  -89.019  -6.572 0.0000000000
34  -4.084  -89.421  -6.618 0.0000000000
35  -4.881  -89.367  -6.552 0.0000000000
36  -5.455  -89.087  -6.366 0.0000000000
38  -2.037  -88.861  -8.261 0.0000000000
39  -2.724  -89.042  -7.686 0.0000000000
40  -3.503  -89.288  -7.615 0.0000000000
46  -2.635  -89.232  -8.586 0.0000000000
65  -3.530  -87.656  1.578 0.0000000000
66  -4.330  -87.709  1.826 0.0000000000
67  -5.563  -87.674  1.891 0.0000000000
68  -6.193  -87.558  1.715 0.0000000000
69  -3.093  -87.859  0.849 0.0000000000
70  -3.654  -87.894  0.992 0.0000000000
71  -4.513  -87.999  0.896 0.0000000000
72  -5.174  -87.881  1.202 0.0000000000
73  -6.031  -87.749  1.060 0.0000000000
74  -2.964  -87.836  0.268 0.0000000000
75  -3.377  -88.130  0.161 0.0000000000
76  -4.142  -88.281  0.178 0.0000000000
77  -5.309  -88.219  0.202 0.0000000000
78  -6.367  -87.887  0.177 0.0000000000
79  -6.776  -87.615  0.212 0.0000000000
80  -3.167  -88.268  -0.631 0.0000000000
81  -3.732  -88.601  -0.713 0.0000000000
82  -4.571  -88.584  -0.513 0.0000000000
83  -5.283  -88.631  -0.935 0.0000000000
84  -6.137  -88.255  -0.730 0.0000000000
85  -6.937  -87.733  -0.523 0.0000000000
86  -3.125  -88.333  -1.548 0.0000000000
87  -3.374  -88.651  -1.450 0.0000000000
88  -5.848  -88.640  -1.819 0.0000000000
89  -6.719  -88.145  -1.644 0.0000000000
90  -7.315  -87.771  -1.560 0.0000000000
91  -3.112  -88.647  -2.526 0.0000000000
92  -5.995  -88.693  -2.424 0.0000000000
93  -6.463  -88.558  -2.752 0.0000000000
94  -7.337  -88.054  -2.474 0.0000000000
95  -7.902  -87.968  -3.092 0.0000000000
96  -2.993  -88.818  -3.383 0.0000000000
97  -3.180  -88.431  -3.783 0.0000000000
98  -6.724  -88.560  -3.581 0.0000000000
99  -7.333  -88.271  -3.566 0.0000000000
100  -8.082  -87.937  -4.002 0.0000000000
101  -3.046  -88.807  -4.461 0.0000000000
102  -3.402  -88.144  -4.556 0.0000000000
103  -6.727  -88.536  -4.548 0.0000000000
104  -7.621  -88.166  -4.652 0.0000000000
106  -3.169  -88.950  -5.616 0.0000000000
107  -3.320  -88.467  -5.564 0.0000000000
108  -6.669  -88.486  -5.539 0.0000000000
111  -3.153  -88.680  -6.790 0.0000000000
112  -3.364  -87.949  -6.561 0.0000000000
116  -1.961  -88.646  -8.374 0.0000000000
117  -2.423  -88.581  -8.029 0.0000000000
118  -2.981  -88.087  -7.390 0.0000000000
123  -1.643  -88.547  -8.744 0.0000000000
124  -2.057  -87.922  -8.481 0.0000000000
172  -3.968  -86.810  3.887 0.0000000000
173  -4.584  -86.879  3.881 0.0000000000
174  -5.050  -86.814  4.091 0.0000000000
175  -5.409  -86.686  4.180 0.0000000000
176  -2.935  -86.952  2.613 0.0000000000
177  -3.519  -87.002  3.151 0.0000000000
178  -4.349  -87.187  3.372 0.0000000000
179  -4.956  -87.121  3.571 0.0000000000
180  -5.576  -86.974  3.562 0.0000000000
181  -2.792  -87.128  2.061 0.0000000000
182  -3.299  -87.412  2.105 0.0000000000
183  -4.064  -87.465  2.733 0.0000000000
184  -5.054  -87.502  2.855 0.0000000000
185  -6.282  -87.307  2.393 0.0000000000
186  -6.805  -87.241  1.823 0.0000000000
187  -2.721  -87.384  1.277 0.0000000000
188  -3.195  -87.682  1.375 0.0000000000
189  -6.630  -87.441  1.383 0.0000000000
190  -7.012  -87.216  1.324 0.0000000000
191  -2.700  -87.455  0.330 0.0000000000
192  -6.617  -87.603  0.681 0.0000000000
193  -7.039  -87.363  0.481 0.0000000000
194  -2.858  -87.727  -0.578 0.0000000000
195  -2.849  -87.430  -0.744 0.0000000000
196  -7.222  -87.374  -0.284 0.0000000000
197  -2.961  -87.939  -1.377 0.0000000000
198  -3.055  -87.458  -1.266 0.0000000000
199  -7.415  -87.351  -1.006 0.0000000000
202  -3.154  -87.969  -2.210 0.0000000000
203  -3.548  -87.157  -2.303 0.0000000000
204  -7.845  -87.453  -2.245 0.0000000000
205  -8.188  -87.499  -3.343 0.0000000000
207  -0.571  -87.500  -3.642 0.0000000000
208  -1.093  -87.286  -3.925 0.0000000000
209  -3.130  -88.363  -3.078 0.0000000000
210  -3.628  -87.555  -3.551 0.0000000000
211  -3.978  -87.051  -3.929 0.0000000000
212  -8.328  -87.470  -3.991 0.0000000000
214  -0.125  -87.628  -4.388 0.0000000000
215  -0.752  -87.486  -4.518 0.0000000000
216  -3.720  -87.611  -4.538 0.0000000000
217  -4.104  -87.049  -4.529 0.0000000000
221  -0.112  -87.610  -5.543 0.0000000000
222  -0.951  -87.347  -5.214 0.0000000000
223  -3.816  -87.615  -5.557 0.0000000000
224  -4.417  -86.696  -5.624 0.0000000000
227  0.486  -87.335  -6.552 0.0000000000
228  0.056  -87.517  -6.445 0.0000000000
229  -3.798  -87.536  -6.601 0.0000000000
230  -4.246  -87.059  -6.562 0.0000000000
234  0.113  -87.210  -7.139 0.0000000000
235  -2.696  -87.799  -8.075 0.0000000000
236  -3.616  -87.169  -7.613 0.0000000000
237  -4.294  -86.696  -7.092 0.0000000000
243  -1.345  -87.510  -8.921 0.0000000000
244  -2.444  -87.050  -8.488 0.0000000000
245  -3.131  -86.433  -8.249 0.0000000000
310  -3.862  -85.981  5.809 0.0000000000
311  -4.306  -85.944  6.003 0.0000000000
312  -4.628  -85.770  6.168 0.0000000000
313  -3.206  -85.899  5.034 0.0000000000
314  -3.446  -86.032  5.248 0.0000000000
315  -4.052  -86.285  5.397 0.0000000000
316  -4.797  -86.147  5.678 0.0000000000
317  -5.404  -86.136  5.265 0.0000000000
318  -3.124  -86.009  4.689 0.0000000000
319  -3.599  -86.394  4.468 0.0000000000
320  -4.465  -86.576  4.614 0.0000000000
321  -5.171  -86.504  4.729 0.0000000000
322  -5.835  -86.354  4.396 0.0000000000
323  -2.989  -86.332  3.527 0.0000000000
324  -3.477  -86.616  3.742 0.0000000000
325  -6.263  -86.572  3.303 0.0000000000
326  -2.526  -86.848  2.213 0.0000000000
327  -6.740  -86.622  2.337 0.0000000000
328  -6.812  -87.136  2.098 0.0000000000
329  -2.204  -86.990  1.428 0.0000000000
330  -6.935  -86.452  1.676 0.0000000000
331  -7.033  -86.995  1.757 0.0000000000
332  -2.339  -87.021  0.602 0.0000000000
333  -2.646  -86.546  0.187 0.0000000000
334  -6.913  -86.128  1.353 0.0000000000
335  -7.141  -86.677  0.983 0.0000000000
336  -2.653  -87.326  0.010 0.0000000000
337  -2.780  -87.015  -0.437 0.0000000000
338  -7.348  -86.817  -0.156 0.0000000000
343  -3.484  -86.468  -1.441 0.0000000000
344  -7.516  -86.463  -1.421 0.0000000000
352  -3.904  -86.412  -2.486 0.0000000000
353  -4.085  -86.420  -3.055 0.0000000000
354  -7.890  -86.581  -2.423 0.0000000000
355  -8.177  -86.969  -2.963 0.0000000000
361  -0.709  -87.306  -3.068 0.0000000000
362  -1.195  -86.957  -3.198 0.0000000000
363  -3.880  -86.820  -3.017 0.0000000000
364  -4.175  -86.551  -3.724 0.0000000000
365  -8.021  -86.291  -3.091 0.0000000000
366  -8.313  -86.722  -3.902 0.0000000000
371  -1.434  -86.768  -4.545 0.0000000000
372  -4.559  -86.065  -4.869 0.0000000000
380  -0.810  -87.216  -5.890 0.0000000000
381  -1.305  -86.850  -5.596 0.0000000000
382  -4.632  -86.093  -5.690 0.0000000000
390  -0.382  -87.198  -6.530 0.0000000000
391  -1.192  -86.547  -6.566 0.0000000000
392  -4.596  -86.116  -6.515 0.0000000000
401  0.132  -86.761  -7.936 0.0000000000
402  -0.569  -86.555  -7.610 0.0000000000
403  -1.528  -86.069  -7.592 0.0000000000
404  -3.767  -86.029  -7.898 0.0000000000
405  -4.247  -86.281  -7.375 0.0000000000
414  -0.384  -86.870  -8.676 0.0000000000
415  -1.495  -86.432  -8.491 0.0000000000
416  -2.484  -86.187  -8.316 0.0000000000
417  -3.118  -85.808  -8.133 0.0000000000
533  -4.140  -85.276  6.616 0.0000000000
534  -4.497  -85.102  6.816 0.0000000000
535  -4.758  -84.964  6.980 0.0000000000
536  -3.990  -85.672  6.250 0.0000000000
537  -4.435  -85.545  6.405 0.0000000000
538  -4.892  -85.399  6.542 0.0000000000
539  -9.039  -85.289  6.207 0.0000000000
540  -9.583  -85.336  6.253 0.0000000000
541  -10.001  -85.421  5.920 0.0000000000
542  -3.231  -85.585  5.186 0.0000000000
543  -3.586  -85.627  5.801 0.0000000000
544  -5.321  -85.611  5.939 0.0000000000
545  -5.833  -85.569  5.258 0.0000000000
546  -8.743  -85.208  5.739 0.0000000000
547  -9.443  -85.638  5.639 0.0000000000
548  -10.181  -85.588  5.276 0.0000000000
549  -2.987  -85.522  4.496 0.0000000000
550  -6.268  -85.504  4.520 0.0000000000
551  -8.829  -85.441  5.023 0.0000000000
552  -9.664  -85.803  4.757 0.0000000000
553  -10.320  -85.684  4.581 0.0000000000
554  -2.818  -85.556  3.694 0.0000000000
555  -6.398  -85.888  3.862 0.0000000000
556  -9.056  -85.626  4.191 0.0000000000
557  -9.965  -85.844  3.794 0.0000000000
558  -10.630  -85.505  4.114 0.0000000000
559  -2.610  -85.959  2.676 0.0000000000
560  -2.721  -85.522  2.271 0.0000000000
561  -6.537  -85.679  2.990 0.0000000000
562  -10.138  -85.603  2.836 0.0000000000
563  -10.660  -85.432  3.312 0.0000000000
564  -2.384  -86.504  1.711 0.0000000000
565  -2.642  -85.778  1.744 0.0000000000
566  -6.695  -85.537  1.837 0.0000000000
567  -10.275  -85.428  2.327 0.0000000000
568  -10.564  -85.381  2.574 0.0000000000
569  -2.226  -86.743  1.162 0.0000000000
570  -2.532  -86.226  0.864 0.0000000000
571  -6.870  -85.748  0.861 0.0000000000
572  -7.119  -86.187  0.318 0.0000000000
577  -3.183  -85.819  -0.293 0.0000000000
578  -6.980  -85.720  0.257 0.0000000000
579  -7.122  -85.794  -0.385 0.0000000000
589  -3.694  -85.571  -1.318 0.0000000000
590  -7.275  -85.333  -1.304 0.0000000000
598  -3.975  -85.688  -2.150 0.0000000000
599  -4.242  -85.913  -3.020 0.0000000000
600  -7.619  -85.441  -2.470 0.0000000000
606  -1.551  -85.889  -3.656 0.0000000000
607  -4.431  -85.468  -3.926 0.0000000000
608  -8.005  -85.634  -3.708 0.0000000000
609  -8.159  -86.068  -4.159 0.0000000000
615  -1.906  -85.589  -4.735 0.0000000000
616  -2.140  -84.952  -4.871 0.0000000000
617  -4.682  -85.030  -4.922 0.0000000000
618  -8.032  -85.662  -4.560 0.0000000000
619  -8.211  -86.254  -4.485 0.0000000000
625  -1.875  -85.998  -5.762 0.0000000000
626  -2.323  -85.040  -5.492 0.0000000000
627  -4.724  -85.503  -5.720 0.0000000000
634  -1.867  -85.824  -6.844 0.0000000000
635  -2.556  -85.052  -6.651 0.0000000000
636  -4.656  -85.166  -6.424 0.0000000000
646  -2.249  -85.601  -7.505 0.0000000000
647  -2.855  -85.208  -7.561 0.0000000000
648  -3.520  -85.274  -7.662 0.0000000000
649  -4.317  -85.300  -7.218 0.0000000000
659  -2.038  -85.900  -8.088 0.0000000000
660  -2.619  -85.640  -8.013 0.0000000000
661  -3.032  -85.446  -7.923 0.0000000000
776  -4.735  -84.328  7.723 0.0000000000
777  -5.129  -84.075  7.988 0.0000000000
778  -5.487  -83.799  8.210 0.0000000000
779  -8.849  -84.018  7.732 0.0000000000
780  -9.280  -83.882  8.036 0.0000000000
781  -9.826  -83.660  8.246 0.0000000000
782  -4.009  -84.739  7.064 0.0000000000
783  -4.550  -84.700  7.296 0.0000000000
784  -5.051  -84.669  7.312 0.0000000000
785  -5.659  -83.921  7.774 0.0000000000
786  -8.005  -83.897  7.015 0.0000000000
787  -8.730  -84.322  7.140 0.0000000000
788  -9.336  -84.391  7.281 0.0000000000
789  -9.814  -84.021  7.448 0.0000000000
790  -3.301  -84.638  6.151 0.0000000000
791  -3.683  -85.134  6.393 0.0000000000
792  -5.269  -84.918  6.728 0.0000000000
793  -5.657  -84.357  7.045 0.0000000000
794  -7.685  -83.937  6.468 0.0000000000
795  -8.403  -84.491  6.298 0.0000000000
796  -9.195  -84.903  6.681 0.0000000000
797  -9.940  -84.784  6.486 0.0000000000
798  -3.086  -84.674  5.389 0.0000000000
799  -3.355  -85.164  5.791 0.0000000000
800  -5.265  -85.217  6.387 0.0000000000
801  -5.850  -84.662  6.138 0.0000000000
802  -7.135  -84.018  5.800 0.0000000000
803  -8.160  -84.634  5.320 0.0000000000
804  -10.344  -85.180  5.694 0.0000000000
805  -2.949  -84.651  4.488 0.0000000000
806  -2.978  -84.272  4.001 0.0000000000
807  -6.473  -84.741  5.035 0.0000000000
808  -7.394  -84.467  4.666 0.0000000000
809  -8.321  -84.843  4.414 0.0000000000
810  -10.681  -85.199  4.925 0.0000000000
811  -2.879  -84.956  3.610 0.0000000000
812  -3.110  -84.287  3.302 0.0000000000
813  -6.786  -84.851  3.777 0.0000000000
814  -7.816  -84.490  3.685 0.0000000000
815  -8.703  -85.026  3.620 0.0000000000
816  -9.270  -85.572  3.651 0.0000000000
817  -10.982  -84.945  3.957 0.0000000000
818  -2.777  -85.463  3.210 0.0000000000
819  -2.903  -85.024  2.676 0.0000000000
820  -6.748  -84.707  2.571 0.0000000000
821  -7.420  -84.273  2.811 0.0000000000
822  -8.468  -84.457  2.733 0.0000000000
823  -9.368  -85.305  3.112 0.0000000000
824  -11.125  -84.859  2.581 0.0000000000
825  -11.296  -84.651  1.822 0.0000000000
826  -2.872  -85.185  1.882 0.0000000000
827  -6.759  -84.351  1.703 0.0000000000
828  -7.026  -84.100  2.219 0.0000000000
829  -8.729  -84.393  2.202 0.0000000000
830  -9.500  -84.865  2.113 0.0000000000
831  -10.550  -85.283  1.754 0.0000000000
832  -11.131  -84.942  1.241 0.0000000000
835  -3.048  -85.109  0.919 0.0000000000
836  -6.632  -84.787  1.011 0.0000000000
837  -9.884  -84.851  0.937 0.0000000000
838  -10.706  -85.311  0.399 0.0000000000
847  -3.497  -84.561  -0.223 0.0000000000
848  -6.774  -85.154  0.229 0.0000000000
849  -6.972  -84.707  -0.573 0.0000000000
850  -9.984  -84.669  -0.206 0.0000000000
851  -10.570  -85.278  -0.274 0.0000000000
861  -3.690  -85.003  -0.953 0.0000000000
862  -7.279  -84.217  -1.625 0.0000000000
863  -10.010  -84.497  -0.916 0.0000000000
864  -10.434  -85.078  -0.984 0.0000000000
870  -3.892  -84.875  -1.817 0.0000000000
871  -4.154  -84.892  -2.944 0.0000000000
872  -7.598  -84.193  -2.672 0.0000000000
873  -10.560  -84.859  -2.203 0.0000000000
879  -4.356  -84.363  -4.114 0.0000000000
880  -7.806  -84.667  -3.361 0.0000000000
885  -1.895  -84.752  -4.220 0.0000000000
886  -2.221  -84.360  -5.120 0.0000000000
887  -4.600  -84.232  -5.072 0.0000000000
888  -7.908  -84.592  -4.405 0.0000000000
895  -2.520  -84.065  -5.981 0.0000000000
896  -4.711  -84.627  -5.786 0.0000000000
906  -3.115  -84.031  -6.652 0.0000000000
907  -3.799  -84.016  -6.883 0.0000000000
908  -4.365  -84.406  -6.658 0.0000000000
922  -3.318  -84.650  -7.205 0.0000000000
923  -4.029  -84.656  -7.254 0.0000000000
924  -4.283  -84.767  -7.084 0.0000000000
1077  -8.301  -82.556  10.906 0.0000000000
1078  -8.642  -82.395  11.015 0.0000000000
1079  -7.123  -83.000  10.071 0.0000000000
1080  -7.920  -82.966  10.435 0.0000000000
1081  -8.945  -82.769  10.523 0.0000000000
1082  -9.788  -82.663  10.148 0.0000000000
1083  -10.247  -82.491  9.970 0.0000000000
1084  -5.032  -83.354  8.753 0.0000000000
1085  -5.574  -83.282  9.054 0.0000000000
1086  -6.499  -83.196  9.418 0.0000000000
1087  -7.586  -83.323  9.549 0.0000000000
1088  -8.654  -83.371  9.699 0.0000000000
1089  -9.647  -83.180  9.689 0.0000000000
1090  -10.505  -82.844  9.575 0.0000000000
1091  -10.969  -82.803  9.304 0.0000000000
1092  -4.192  -83.641  7.990 0.0000000000
1093  -4.720  -83.808  8.240 0.0000000000
1094  -5.298  -83.650  8.489 0.0000000000
1095  -5.991  -83.562  8.565 0.0000000000
1096  -7.053  -83.487  8.690 0.0000000000
1097  -8.342  -83.654  8.535 0.0000000000
1098  -9.386  -83.579  8.894 0.0000000000
1099  -10.354  -83.325  8.825 0.0000000000
1100  -11.023  -82.975  9.049 0.0000000000
1101  -3.005  -83.282  6.997 0.0000000000
1102  -3.551  -83.815  7.353 0.0000000000
1103  -4.270  -84.229  7.681 0.0000000000
1104  -6.477  -83.614  8.057 0.0000000000
1105  -7.394  -83.643  7.753 0.0000000000
1106  -8.333  -83.847  7.640 0.0000000000
1107  -10.195  -83.480  7.853 0.0000000000
1108  -2.917  -83.673  6.394 0.0000000000
1109  -3.495  -84.430  6.710 0.0000000000
1110  -6.339  -83.766  7.372 0.0000000000
1111  -7.023  -83.697  6.778 0.0000000000
1112  -10.087  -83.434  6.269 0.0000000000
1113  -10.157  -83.833  6.715 0.0000000000
1114  -2.590  -83.454  5.414 0.0000000000
1115  -6.171  -84.009  6.750 0.0000000000
1116  -6.467  -83.981  6.348 0.0000000000
1117  -10.253  -83.793  5.745 0.0000000000
1118  -10.388  -84.576  5.729 0.0000000000
1119  -2.881  -83.717  4.618 0.0000000000
1120  -3.303  -83.504  3.811 0.0000000000
1121  -3.705  -82.988  3.579 0.0000000000
1122  -10.017  -83.370  4.884 0.0000000000
1123  -10.600  -84.314  4.845 0.0000000000
1124  -3.421  -83.694  3.052 0.0000000000
1125  -3.700  -83.183  3.121 0.0000000000
1126  -9.865  -82.992  4.238 0.0000000000
1127  -10.578  -83.746  3.739 0.0000000000
1128  -3.267  -84.056  2.495 0.0000000000
1129  -3.648  -83.357  2.462 0.0000000000
1130  -7.554  -83.889  2.203 0.0000000000
1131  -7.946  -83.951  2.439 0.0000000000
1132  -10.813  -83.556  2.553 0.0000000000
1133  -11.248  -84.212  2.001 0.0000000000
1134  -3.179  -84.443  1.728 0.0000000000
1135  -3.543  -83.583  1.718 0.0000000000
1136  -6.810  -83.955  1.510 0.0000000000
1137  -7.172  -83.784  1.626 0.0000000000
1138  -8.284  -83.856  1.781 0.0000000000
1139  -9.093  -84.164  1.150 0.0000000000
1140  -11.019  -83.462  1.607 0.0000000000
1141  -11.317  -84.232  1.344 0.0000000000
1146  -3.518  -83.751  0.678 0.0000000000
1147  -3.742  -83.177  1.189 0.0000000000
1148  -6.758  -83.946  1.133 0.0000000000
1149  -7.503  -83.463  0.566 0.0000000000
1150  -8.451  -83.395  0.442 0.0000000000
1151  -9.300  -84.011  0.339 0.0000000000
1152  -11.198  -83.553  0.902 0.0000000000
1161  -3.673  -83.568  -0.478 0.0000000000
1162  -6.758  -84.181  0.290 0.0000000000
1163  -7.158  -83.652  -0.537 0.0000000000
1164  -8.932  -83.428  -0.091 0.0000000000
1165  -9.358  -83.694  -0.386 0.0000000000
1175  -3.742  -84.176  -1.229 0.0000000000
1176  -7.486  -83.237  -1.338 0.0000000000
1177  -9.701  -83.896  -0.951 0.0000000000
1178  -10.072  -84.177  -1.533 0.0000000000
1185  -3.860  -83.970  -2.339 0.0000000000
1186  -4.057  -84.007  -3.260 0.0000000000
1187  -7.656  -83.240  -2.303 0.0000000000
1188  -9.706  -83.326  -1.655 0.0000000000
1189  -10.160  -83.396  -2.499 0.0000000000
1198  -3.880  -83.487  -3.015 0.0000000000
1199  -4.088  -83.318  -3.817 0.0000000000
1200  -7.929  -83.510  -3.496 0.0000000000
1201  -8.165  -82.756  -3.478 0.0000000000
1202  -10.317  -83.048  -3.567 0.0000000000
1210  -1.997  -83.561  -4.771 0.0000000000
1211  -2.296  -83.770  -5.406 0.0000000000
1212  -4.415  -83.618  -4.722 0.0000000000
1213  -7.992  -83.429  -4.687 0.0000000000
1214  -8.258  -82.763  -4.113 0.0000000000
1225  -2.071  -82.620  -5.170 0.0000000000
1226  -2.415  -83.141  -5.701 0.0000000000
1227  -4.450  -83.630  -5.658 0.0000000000
1229  -8.283  -82.784  -5.033 0.0000000000
1240  -2.878  -83.278  -6.306 0.0000000000
1241  -3.498  -83.366  -6.456 0.0000000000
1242  -4.089  -83.433  -6.359 0.0000000000
1425  -8.287  -82.093  11.374 0.0000000000
1426  -9.096  -82.079  11.112 0.0000000000
1427  -9.475  -81.750  10.925 0.0000000000
1428  -7.236  -82.456  10.495 0.0000000000
1429  -7.820  -82.449  10.956 0.0000000000
1430  -9.422  -82.423  10.568 0.0000000000
1431  -9.930  -82.152  10.421 0.0000000000
1432  -10.797  -82.287  9.752 0.0000000000
1433  -11.327  -82.119  9.603 0.0000000000
1434  -5.162  -83.038  9.094 0.0000000000
1435  -5.817  -82.680  9.423 0.0000000000
1436  -6.646  -82.668  9.908 0.0000000000
1437  -10.940  -82.595  9.474 0.0000000000
1438  -11.510  -82.437  9.311 0.0000000000
1439  -12.141  -82.294  9.142 0.0000000000
1440  -3.882  -83.217  7.882 0.0000000000
1441  -4.579  -83.031  8.618 0.0000000000
1442  -5.189  -82.765  9.060 0.0000000000
1443  -11.009  -82.971  8.647 0.0000000000
1444  -11.579  -82.718  8.737 0.0000000000
1445  -12.197  -82.437  8.862 0.0000000000
1446  -12.727  -82.256  8.432 0.0000000000
1447  -2.547  -82.791  6.774 0.0000000000
1448  -3.145  -82.802  7.338 0.0000000000
1449  -4.008  -82.553  7.899 0.0000000000
1450  -10.714  -83.079  8.135 0.0000000000
1451  -11.303  -82.721  8.186 0.0000000000
1452  -12.179  -82.420  8.037 0.0000000000
1453  -13.118  -82.283  7.734 0.0000000000
1454  -1.402  -82.024  6.250 0.0000000000
1455  -1.857  -82.359  6.278 0.0000000000
1456  -10.035  -83.120  6.608 0.0000000000
1457  -10.283  -82.920  7.333 0.0000000000
1458  -12.814  -82.333  7.053 0.0000000000
1459  -13.619  -82.356  6.729 0.0000000000
1460  -14.060  -82.301  6.010 0.0000000000
1461  -1.352  -82.020  6.068 0.0000000000
1462  -1.937  -82.305  5.685 0.0000000000
1463  -2.772  -82.322  5.029 0.0000000000
1464  -3.833  -81.922  4.945 0.0000000000
1465  -9.782  -82.884  5.880 0.0000000000
1466  -13.156  -82.391  5.897 0.0000000000
1467  -13.924  -82.569  5.520 0.0000000000
1468  -14.690  -82.260  4.845 0.0000000000
1471  -2.468  -83.018  5.006 0.0000000000
1472  -3.023  -83.095  4.563 0.0000000000
1473  -3.815  -82.638  4.162 0.0000000000
1474  -9.462  -82.323  4.758 0.0000000000
1475  -13.602  -82.555  5.018 0.0000000000
1476  -14.198  -82.671  4.454 0.0000000000
1477  -14.955  -82.694  4.212 0.0000000000
1478  -15.613  -82.597  4.257 0.0000000000
1480  -4.058  -82.706  3.218 0.0000000000
1481  -9.745  -82.554  3.514 0.0000000000
1482  -10.323  -83.155  3.135 0.0000000000
1483  -14.263  -82.693  3.958 0.0000000000
1484  -14.712  -82.724  3.864 0.0000000000
1485  -15.412  -82.786  3.952 0.0000000000
1487  -3.953  -82.871  2.610 0.0000000000
1488  -9.711  -82.292  2.864 0.0000000000
1489  -10.107  -82.722  2.735 0.0000000000
1490  -14.911  -82.520  3.545 0.0000000000
1491  -15.319  -82.601  3.677 0.0000000000
1492  -15.695  -82.661  3.822 0.0000000000
1497  -3.975  -82.850  1.791 0.0000000000
1498  -9.814  -82.208  2.440 0.0000000000
1499  -10.361  -82.583  1.927 0.0000000000
1504  -3.741  -83.147  0.055 0.0000000000
1505  -4.010  -82.628  0.592 0.0000000000
1506  -7.944  -83.051  0.129 0.0000000000
1507  -8.167  -82.998  -0.084 0.0000000000
1508  -10.735  -82.635  0.894 0.0000000000
1514  -3.847  -82.713  -0.546 0.0000000000
1515  -4.278  -81.847  -0.428 0.0000000000
1516  -7.850  -82.946  -0.569 0.0000000000
1517  -8.582  -83.009  -0.435 0.0000000000
1518  -9.031  -83.238  -0.472 0.0000000000
1530  -3.714  -83.150  -1.570 0.0000000000
1531  -3.962  -82.069  -1.446 0.0000000000
1532  -7.926  -82.729  -1.706 0.0000000000
1533  -8.532  -82.632  -1.385 0.0000000000
1534  -9.215  -83.062  -1.046 0.0000000000
1541  -3.763  -83.196  -2.494 0.0000000000
1542  -3.834  -82.477  -2.424 0.0000000000
1543  -7.973  -82.699  -2.327 0.0000000000
1544  -8.461  -82.465  -2.409 0.0000000000
1545  -9.322  -82.432  -2.308 0.0000000000
1546  -9.887  -82.557  -3.104 0.0000000000
1555  -3.831  -82.921  -3.078 0.0000000000
1556  -3.972  -82.158  -3.487 0.0000000000
1557  -8.075  -82.738  -2.900 0.0000000000
1558  -8.613  -82.342  -3.364 0.0000000000
1559  -9.265  -82.201  -3.424 0.0000000000
1560  -9.895  -82.513  -3.816 0.0000000000
1570  -4.182  -82.680  -4.771 0.0000000000
1571  -8.817  -82.304  -4.549 0.0000000000
1572  -9.566  -82.458  -4.513 0.0000000000
1585  -2.721  -82.179  -5.623 0.0000000000
1586  -3.524  -82.335  -5.672 0.0000000000
1587  -4.080  -82.784  -5.714 0.0000000000
1599  -2.773  -82.768  -6.073 0.0000000000
1600  -3.188  -82.736  -6.167 0.0000000000
1601  -3.745  -82.873  -6.159 0.0000000000
1769  -8.428  -80.687  12.204 0.0000000000
1770  -8.849  -80.740  12.136 0.0000000000
1771  -9.014  -80.651  11.969 0.0000000000
1772  -8.098  -81.305  11.795 0.0000000000
1773  -8.663  -81.368  11.761 0.0000000000
1774  -9.207  -81.179  11.449 0.0000000000
1775  -7.144  -82.080  10.598 0.0000000000
1776  -7.521  -81.878  11.119 0.0000000000
1777  -9.820  -81.520  10.588 0.0000000000
1778  -10.696  -81.725  9.931 0.0000000000
1779  -11.153  -81.890  9.682 0.0000000000
1780  -5.958  -82.213  9.424 0.0000000000
1781  -6.609  -81.956  9.995 0.0000000000
1782  -7.169  -81.845  10.607 0.0000000000
1783  -11.142  -81.528  9.612 0.0000000000
1784  -11.691  -81.816  9.499 0.0000000000
1785  -12.046  -82.174  9.297 0.0000000000
1786  -4.575  -82.395  8.360 0.0000000000
1787  -5.335  -82.066  8.833 0.0000000000
1788  -6.020  -81.929  9.385 0.0000000000
1789  -12.317  -81.603  9.101 0.0000000000
1790  -12.614  -82.075  9.001 0.0000000000
1791  -13.228  -82.091  8.269 0.0000000000
1792  -1.476  -81.221  6.746 0.0000000000
1793  -2.035  -81.830  6.870 0.0000000000
1794  -3.301  -81.810  7.458 0.0000000000
1795  -4.463  -81.746  7.922 0.0000000000
1796  -5.112  -81.377  8.168 0.0000000000
1797  -10.836  -82.614  7.668 0.0000000000
1798  -11.348  -82.263  7.523 0.0000000000
1799  -12.031  -82.109  7.221 0.0000000000
1800  -13.643  -82.190  7.607 0.0000000000
1801  -1.414  -81.653  6.400 0.0000000000
1802  -1.598  -81.976  6.533 0.0000000000
1803  -9.989  -82.486  6.594 0.0000000000
1804  -10.410  -81.974  6.989 0.0000000000
1805  -11.350  -81.643  6.737 0.0000000000
1806  -12.323  -81.890  6.424 0.0000000000
1807  -14.046  -82.006  6.942 0.0000000000
1808  -14.231  -81.765  5.858 0.0000000000
1811  -1.358  -81.548  6.017 0.0000000000
1812  -1.975  -81.471  5.607 0.0000000000
1813  -3.140  -81.305  5.429 0.0000000000
1814  -4.498  -81.087  5.245 0.0000000000
1815  -5.189  -80.491  4.961 0.0000000000
1816  -9.697  -81.795  5.872 0.0000000000
1817  -10.475  -81.209  5.962 0.0000000000
1818  -11.708  -81.327  5.555 0.0000000000
1819  -12.558  -81.882  5.657 0.0000000000
1820  -14.651  -81.554  5.113 0.0000000000
1824  -4.677  -81.782  4.334 0.0000000000
1825  -5.394  -81.002  4.423 0.0000000000
1826  -9.534  -81.282  4.786 0.0000000000
1827  -11.995  -81.229  4.763 0.0000000000
1828  -12.854  -81.910  4.687 0.0000000000
1829  -13.636  -82.488  4.509 0.0000000000
1832  -4.582  -82.124  3.335 0.0000000000
1833  -5.300  -81.372  3.371 0.0000000000
1834  -9.390  -81.504  3.814 0.0000000000
1835  -13.177  -81.862  3.916 0.0000000000
1836  -13.755  -82.315  3.846 0.0000000000
1837  -14.286  -82.581  3.793 0.0000000000
1843  -4.351  -82.373  2.473 0.0000000000
1844  -4.917  -81.659  2.364 0.0000000000
1845  -9.462  -81.687  2.801 0.0000000000
1846  -13.928  -82.038  3.432 0.0000000000
1847  -14.392  -82.248  3.443 0.0000000000
1848  -15.217  -82.200  3.278 0.0000000000
1854  -4.483  -82.052  1.507 0.0000000000
1855  -5.063  -81.277  1.301 0.0000000000
1856  -9.701  -81.731  1.937 0.0000000000
1857  -10.124  -81.918  1.289 0.0000000000
1861  -4.628  -81.645  0.497 0.0000000000
1862  -5.163  -80.989  0.348 0.0000000000
1867  -4.843  -81.170  -0.363 0.0000000000
1868  -5.335  -80.738  -0.412 0.0000000000
1880  -4.687  -81.106  -1.353 0.0000000000
1881  -5.085  -80.845  -0.861 0.0000000000
1892  -4.197  -81.520  -2.388 0.0000000000
1893  -8.925  -82.117  -2.885 0.0000000000
1894  -9.171  -82.152  -2.883 0.0000000000
1902  -4.284  -81.139  -3.197 0.0000000000
1903  -8.949  -82.103  -3.196 0.0000000000
1904  -9.153  -82.095  -3.102 0.0000000000
1930  -3.862  -82.085  -5.144 0.0000000000
2128  -9.561  -79.529  18.351 0.0000000000
2129  -9.799  -79.648  18.342 0.0000000000
2130  -10.313  -79.783  18.268 0.0000000000
2131  -9.668  -79.579  18.125 0.0000000000
2132  -10.110  -79.783  17.794 0.0000000000
2133  -10.849  -80.058  17.612 0.0000000000
2134  -11.527  -80.176  17.100 0.0000000000
2135  -10.531  -80.000  17.255 0.0000000000
2136  -11.127  -80.232  16.788 0.0000000000
2137  -11.969  -80.289  16.473 0.0000000000
2138  -12.537  -80.173  16.043 0.0000000000
2139  -11.559  -80.221  16.205 0.0000000000
2140  -12.136  -80.210  15.788 0.0000000000
2141  -12.746  -79.972  15.607 0.0000000000
2142  -12.455  -79.906  15.385 0.0000000000
2143  -12.888  -79.705  15.173 0.0000000000
2144  -8.103  -80.001  12.657 0.0000000000
2145  -8.606  -80.124  12.483 0.0000000000
2146  -8.935  -80.202  12.236 0.0000000000
2147  -7.918  -80.479  12.156 0.0000000000
2148  -9.177  -80.311  11.662 0.0000000000
2149  -7.650  -80.865  11.382 0.0000000000
2150  -9.679  -80.604  10.548 0.0000000000
2151  -10.197  -81.278  10.161 0.0000000000
2152  -6.958  -80.742  9.671 0.0000000000
2153  -7.301  -81.265  10.566 0.0000000000
2154  -9.958  -80.282  9.806 0.0000000000
2155  -10.678  -80.905  9.540 0.0000000000
2156  -11.354  -81.342  9.408 0.0000000000
2157  -5.666  -80.786  8.288 0.0000000000
2158  -6.259  -81.313  9.114 0.0000000000
2159  -11.045  -80.698  8.996 0.0000000000
2160  -11.777  -80.900  8.876 0.0000000000
2161  -12.796  -81.487  8.610 0.0000000000
2162  -13.129  -81.886  8.497 0.0000000000
2163  -1.323  -80.588  6.650 0.0000000000
2164  -1.664  -80.661  7.046 0.0000000000
2165  -2.629  -80.838  7.306 0.0000000000
2166  -3.859  -80.835  7.455 0.0000000000
2167  -4.864  -80.814  7.772 0.0000000000
2168  -12.060  -80.367  8.126 0.0000000000
2169  -12.879  -80.608  7.856 0.0000000000
2170  -13.554  -81.656  7.914 0.0000000000
2173  -1.224  -80.837  6.341 0.0000000000
2174  -13.211  -80.265  7.058 0.0000000000
2175  -13.865  -80.815  6.706 0.0000000000
2176  -14.315  -81.047  5.570 0.0000000000
2180  -1.426  -80.619  6.034 0.0000000000
2181  -2.337  -80.434  5.697 0.0000000000
2182  -3.603  -80.223  5.534 0.0000000000
2183  -4.655  -80.042  5.247 0.0000000000
2184  -5.259  -79.942  4.899 0.0000000000
2185  -9.836  -81.085  5.392 0.0000000000
2186  -10.219  -80.795  5.249 0.0000000000
2187  -10.812  -80.746  5.273 0.0000000000
2194  -5.677  -80.110  4.414 0.0000000000
2195  -5.983  -79.761  3.859 0.0000000000
2196  -9.837  -80.772  4.821 0.0000000000
2197  -10.372  -80.470  4.662 0.0000000000
2198  -11.329  -80.642  4.582 0.0000000000
2199  -12.112  -81.052  4.217 0.0000000000
2202  -5.899  -80.420  3.442 0.0000000000
2203  -6.189  -79.563  3.267 0.0000000000
2204  -9.649  -80.471  3.876 0.0000000000
2205  -10.597  -80.081  3.902 0.0000000000
2206  -11.655  -80.243  3.453 0.0000000000
2207  -12.721  -81.297  3.630 0.0000000000
2208  -13.324  -81.750  3.607 0.0000000000
2214  -5.638  -80.770  2.157 0.0000000000
2215  -6.294  -79.880  2.399 0.0000000000
2216  -9.303  -80.882  3.057 0.0000000000
2218  -12.547  -80.413  2.903 0.0000000000
2219  -13.615  -81.383  3.095 0.0000000000
2220  -14.798  -81.372  2.941 0.0000000000
2226  -5.617  -80.639  0.909 0.0000000000
2227  -6.209  -80.055  1.260 0.0000000000
2228  -9.284  -80.765  2.004 0.0000000000
2233  -5.597  -80.592  0.134 0.0000000000
2234  -6.056  -80.202  0.249 0.0000000000
2241  -5.776  -80.402  -0.406 0.0000000000
2242  -6.235  -79.949  -0.631 0.0000000000
2252  -5.070  -80.739  -1.686 0.0000000000
2253  -5.508  -80.480  -1.308 0.0000000000
2254  -6.215  -79.663  -1.557 0.0000000000
2265  -4.930  -80.656  -2.342 0.0000000000
2266  -5.693  -79.947  -2.252 0.0000000000
2522  -8.757  -79.223  20.852 0.0000000000
2523  -9.196  -79.297  21.206 0.0000000000
2524  -9.775  -79.258  21.483 0.0000000000
2525  -10.220  -79.098  21.613 0.0000000000
2526  -8.747  -79.206  20.097 0.0000000000
2527  -9.184  -79.422  20.518 0.0000000000
2528  -9.766  -79.508  20.871 0.0000000000
2529  -10.400  -79.301  21.230 0.0000000000
2530  -8.878  -79.226  19.296 0.0000000000
2531  -9.249  -79.464  19.633 0.0000000000
2532  -9.691  -79.517  20.076 0.0000000000
2533  -10.456  -79.374  20.097 0.0000000000
2534  -8.828  -79.071  18.758 0.0000000000
2535  -9.343  -79.444  18.610 0.0000000000
2536  -9.947  -79.628  19.101 0.0000000000
2537  -11.010  -79.493  18.657 0.0000000000
2538  -11.750  -79.419  17.954 0.0000000000
2539  -8.978  -79.120  18.238 0.0000000000
2540  -9.558  -79.398  17.839 0.0000000000
2541  -10.164  -79.712  17.403 0.0000000000
2542  -11.463  -79.863  17.637 0.0000000000
2543  -12.210  -79.831  17.171 0.0000000000
2544  -12.826  -79.613  16.684 0.0000000000
2545  -9.943  -79.456  17.364 0.0000000000
2546  -10.493  -79.799  16.832 0.0000000000
2547  -11.100  -80.079  16.322 0.0000000000
2548  -12.541  -79.993  16.435 0.0000000000
2549  -13.188  -79.716  16.053 0.0000000000
2550  -13.789  -79.261  15.529 0.0000000000
2551  -10.881  -79.802  16.210 0.0000000000
2552  -11.476  -79.936  15.766 0.0000000000
2553  -12.099  -79.956  15.365 0.0000000000
2554  -13.359  -79.573  15.275 0.0000000000
2555  -14.238  -79.160  14.813 0.0000000000
2556  -14.897  -78.924  14.243 0.0000000000
2557  -11.890  -79.623  15.264 0.0000000000
2558  -12.543  -79.485  14.881 0.0000000000
2559  -13.484  -79.262  14.563 0.0000000000
2560  -14.424  -79.090  13.975 0.0000000000
2561  -15.132  -78.871  13.682 0.0000000000
2562  -5.126  -79.072  13.781 0.0000000000
2563  -5.976  -79.156  13.521 0.0000000000
2564  -6.877  -79.120  13.569 0.0000000000
2565  -7.395  -79.008  13.606 0.0000000000
2566  -13.166  -78.921  14.116 0.0000000000
2567  -13.941  -78.951  13.623 0.0000000000
2568  -14.819  -78.822  13.081 0.0000000000
2569  -15.462  -78.687  13.211 0.0000000000
2570  -15.823  -78.507  13.251 0.0000000000
2571  -4.307  -78.884  12.358 0.0000000000
2572  -5.049  -79.164  12.972 0.0000000000
2573  -6.100  -79.244  12.779 0.0000000000
2574  -6.823  -79.368  13.023 0.0000000000
2575  -7.567  -79.392  13.196 0.0000000000
2576  -8.334  -79.436  12.941 0.0000000000
2577  -8.860  -79.522  12.557 0.0000000000
2578  -15.170  -78.680  12.478 0.0000000000
2579  -15.563  -78.598  12.715 0.0000000000
2580  -15.927  -78.496  12.991 0.0000000000
2581  -4.063  -78.863  11.534 0.0000000000
2582  -4.845  -78.954  11.846 0.0000000000
2583  -5.844  -79.056  11.991 0.0000000000
2584  -6.790  -79.391  12.149 0.0000000000
2585  -7.518  -79.731  12.519 0.0000000000
2586  -9.116  -79.515  12.060 0.0000000000
2587  -3.807  -78.727  10.708 0.0000000000
2588  -4.564  -78.801  10.890 0.0000000000
2589  -5.540  -78.852  11.108 0.0000000000
2590  -6.586  -79.256  10.892 0.0000000000
2591  -7.460  -79.918  11.610 0.0000000000
2592  -9.410  -79.434  11.187 0.0000000000
2593  -3.756  -78.648  10.211 0.0000000000
2594  -4.125  -78.706  10.353 0.0000000000
2595  -6.038  -78.993  9.180 0.0000000000
2596  -6.651  -79.566  9.508 0.0000000000
2597  -7.319  -80.199  10.548 0.0000000000
2598  -9.688  -79.307  9.933 0.0000000000
2599  -10.111  -80.024  9.307 0.0000000000
2601  -1.902  -79.003  7.907 0.0000000000
2602  -2.877  -79.077  7.870 0.0000000000
2603  -4.116  -79.108  7.881 0.0000000000
2604  -5.561  -79.434  8.357 0.0000000000
2605  -6.474  -80.309  8.778 0.0000000000
2606  -9.861  -79.251  8.786 0.0000000000
2607  -10.718  -80.092  8.630 0.0000000000
2608  -11.488  -80.124  8.144 0.0000000000
2611  -2.176  -79.809  7.441 0.0000000000
2612  -3.355  -79.871  7.431 0.0000000000
2613  -4.558  -79.954  7.608 0.0000000000
2614  -5.256  -80.185  7.863 0.0000000000
2615  -10.187  -79.134  8.031 0.0000000000
2616  -10.928  -79.345  7.574 0.0000000000
2617  -11.965  -79.868  7.489 0.0000000000
2618  -12.724  -79.964  7.117 0.0000000000
2623  -11.469  -79.187  6.902 0.0000000000
2624  -12.212  -79.422  6.684 0.0000000000
2625  -13.168  -79.651  6.338 0.0000000000
2626  -13.678  -80.082  6.062 0.0000000000
2634  -1.642  -79.492  5.883 0.0000000000
2635  -2.755  -79.321  5.497 0.0000000000
2636  -3.890  -79.097  4.868 0.0000000000
2637  -4.947  -79.459  4.738 0.0000000000
2638  -5.411  -79.681  4.587 0.0000000000
2651  -4.053  -78.594  4.196 0.0000000000
2652  -4.689  -78.885  4.284 0.0000000000
2653  -5.540  -79.258  4.113 0.0000000000
2654  -5.967  -79.368  3.696 0.0000000000
2662  -5.513  -78.750  3.604 0.0000000000
2663  -5.971  -78.892  3.392 0.0000000000
2664  -9.677  -80.128  3.338 0.0000000000
2665  -9.972  -79.861  3.328 0.0000000000
2666  -10.715  -79.690  3.177 0.0000000000
2679  -6.493  -78.935  2.573 0.0000000000
2680  -9.525  -80.085  2.835 0.0000000000
2698  -6.671  -79.252  1.523 0.0000000000
2706  -6.650  -79.406  0.292 0.0000000000
3021  -11.707  -78.055  22.044 0.0000000000
3022  -12.302  -77.959  22.182 0.0000000000
3023  -12.695  -77.857  22.134 0.0000000000
3024  -8.780  -78.965  21.285 0.0000000000
3025  -9.274  -79.015  21.573 0.0000000000
3026  -9.911  -78.915  21.680 0.0000000000
3027  -10.943  -78.623  21.553 0.0000000000
3028  -12.049  -78.335  21.944 0.0000000000
3029  -12.583  -78.047  22.007 0.0000000000
3030  -8.556  -78.785  20.560 0.0000000000
3031  -11.251  -79.037  20.799 0.0000000000
3032  -12.025  -78.568  21.309 0.0000000000
3033  -12.702  -78.172  21.632 0.0000000000
3034  -8.175  -78.192  18.501 0.0000000000
3035  -8.533  -78.600  19.322 0.0000000000
3036  -11.317  -79.009  19.611 0.0000000000
3037  -12.175  -78.454  20.200 0.0000000000
3038  -12.847  -78.290  20.994 0.0000000000
3039  -8.127  -78.281  18.088 0.0000000000
3040  -8.566  -78.698  18.405 0.0000000000
3041  -11.372  -79.090  19.014 0.0000000000
3042  -11.844  -78.779  18.814 0.0000000000
3043  -8.182  -78.164  17.895 0.0000000000
3044  -8.851  -78.628  17.730 0.0000000000
3045  -9.564  -79.124  17.538 0.0000000000
3046  -12.304  -78.997  17.782 0.0000000000
3047  -12.804  -79.077  17.203 0.0000000000
3048  -9.171  -78.344  17.209 0.0000000000
3049  -9.809  -78.932  17.066 0.0000000000
3050  -10.498  -79.236  16.400 0.0000000000
3051  -13.294  -79.043  16.671 0.0000000000
3052  -13.859  -78.867  16.109 0.0000000000
3053  -10.967  -79.392  15.942 0.0000000000
3054  -11.401  -79.192  15.504 0.0000000000
3055  -14.404  -78.694  15.453 0.0000000000
3056  -15.154  -78.431  14.750 0.0000000000
3057  -15.883  -78.130  14.361 0.0000000000
3058  -3.808  -77.900  14.377 0.0000000000
3059  -4.055  -78.044  14.405 0.0000000000
3060  -11.940  -78.996  14.996 0.0000000000
3061  -12.510  -78.686  14.475 0.0000000000
3062  -15.516  -78.604  14.085 0.0000000000
3063  -16.296  -78.182  13.934 0.0000000000
3064  -17.249  -77.903  13.658 0.0000000000
3065  -18.019  -77.767  13.339 0.0000000000
3066  -3.834  -78.197  14.126 0.0000000000
3067  -4.552  -78.543  14.140 0.0000000000
3068  -5.569  -78.658  14.048 0.0000000000
3069  -6.404  -78.663  13.850 0.0000000000
3070  -7.137  -78.537  13.633 0.0000000000
3071  -12.984  -78.356  13.953 0.0000000000
3072  -13.552  -78.371  13.300 0.0000000000
3073  -14.200  -78.597  12.869 0.0000000000
3074  -15.723  -78.538  13.564 0.0000000000
3075  -16.398  -78.274  13.268 0.0000000000
3076  -17.384  -78.016  12.990 0.0000000000
3077  -18.129  -77.711  12.728 0.0000000000
3078  -3.356  -78.216  12.965 0.0000000000
3079  -3.893  -78.635  13.204 0.0000000000
3080  -4.643  -78.982  13.615 0.0000000000
3081  -7.905  -78.646  13.316 0.0000000000
3082  -8.781  -78.569  12.610 0.0000000000
3083  -9.046  -79.040  12.347 0.0000000000
3084  -13.927  -78.097  12.174 0.0000000000
3085  -14.712  -78.556  12.121 0.0000000000
3086  -15.642  -78.481  12.007 0.0000000000
3087  -16.551  -78.196  12.536 0.0000000000
3088  -17.694  -77.750  12.422 0.0000000000
3089  -18.116  -77.601  12.426 0.0000000000
3090  -3.220  -78.116  12.046 0.0000000000
3091  -3.785  -78.669  12.079 0.0000000000
3092  -9.032  -78.139  12.234 0.0000000000
3093  -9.250  -78.491  11.884 0.0000000000
3094  -14.254  -78.123  11.102 0.0000000000
3095  -15.059  -78.359  11.308 0.0000000000
3096  -15.791  -78.071  11.353 0.0000000000
3097  -16.584  -77.948  11.807 0.0000000000
3098  -17.270  -77.764  12.093 0.0000000000
3100  -2.636  -78.080  10.409 0.0000000000
3101  -3.451  -78.553  11.132 0.0000000000
3102  -4.660  -78.669  10.128 0.0000000000
3103  -5.361  -78.734  10.321 0.0000000000
3104  -5.965  -78.835  10.550 0.0000000000
3105  -9.588  -78.338  10.797 0.0000000000
3106  -14.248  -77.894  10.463 0.0000000000
3107  -14.708  -78.001  10.706 0.0000000000
3108  -15.261  -78.030  10.926 0.0000000000
3110  -2.178  -78.323  9.284 0.0000000000
3111  -3.175  -78.562  9.871 0.0000000000
3112  -4.119  -78.615  9.623 0.0000000000
3113  -5.265  -78.709  9.382 0.0000000000
3114  -6.101  -78.872  9.925 0.0000000000
3115  -9.634  -78.091  9.913 0.0000000000
3119  -2.482  -78.608  8.651 0.0000000000
3120  -3.520  -78.633  8.674 0.0000000000
3121  -4.564  -78.699  8.661 0.0000000000
3122  -9.592  -78.292  9.058 0.0000000000
3125  -9.725  -78.266  8.064 0.0000000000
3126  -10.178  -78.437  7.399 0.0000000000
3129  -10.789  -78.417  6.647 0.0000000000
3141  -2.926  -78.476  4.998 0.0000000000
3156  -4.403  -78.373  3.719 0.0000000000
3157  -5.119  -78.666  3.790 0.0000000000
3162  -4.072  -77.777  3.190 0.0000000000
3163  -5.282  -78.152  3.007 0.0000000000
3164  -6.039  -78.519  2.854 0.0000000000
3175  -5.651  -77.767  2.321 0.0000000000
3176  -6.162  -78.115  2.273 0.0000000000
3561  -11.727  -77.822  22.073 0.0000000000
3562  -12.082  -77.648  22.192 0.0000000000
3563  -12.762  -77.514  22.324 0.0000000000
3564  -13.503  -77.402  22.311 0.0000000000
3565  -8.999  -78.789  21.439 0.0000000000
3566  -9.360  -78.615  21.445 0.0000000000
3567  -10.144  -78.431  21.402 0.0000000000
3568  -11.220  -77.969  21.730 0.0000000000
3569  -13.145  -77.819  21.972 0.0000000000
3570  -14.041  -77.479  21.808 0.0000000000
3571  -14.637  -77.120  21.424 0.0000000000
3572  -8.805  -78.309  20.994 0.0000000000
3573  -9.395  -77.771  20.857 0.0000000000
3574  -10.372  -77.795  20.911 0.0000000000
3575  -11.213  -77.499  20.927 0.0000000000
3576  -13.476  -77.904  21.307 0.0000000000
3577  -14.284  -77.509  20.999 0.0000000000
3578  -14.930  -76.919  20.850 0.0000000000
3579  -5.514  -77.017  19.006 0.0000000000
3580  -6.389  -77.161  18.766 0.0000000000
3581  -7.699  -77.563  18.865 0.0000000000
3582  -8.420  -77.887  19.967 0.0000000000
3583  -9.868  -77.175  20.066 0.0000000000
3584  -10.788  -77.294  20.088 0.0000000000
3585  -11.298  -77.159  20.302 0.0000000000
3586  -12.632  -78.029  19.279 0.0000000000
3587  -13.445  -77.746  20.237 0.0000000000
3588  -14.547  -77.083  20.223 0.0000000000
3589  -14.909  -76.857  20.493 0.0000000000
3590  -5.887  -77.233  18.334 0.0000000000
3591  -6.895  -77.523  18.234 0.0000000000
3592  -7.659  -77.895  18.213 0.0000000000
3593  -12.594  -78.199  18.236 0.0000000000
3594  -13.357  -77.407  18.847 0.0000000000
3595  -13.966  -77.270  19.650 0.0000000000
3596  -5.960  -77.278  17.942 0.0000000000
3597  -6.473  -77.414  17.900 0.0000000000
3598  -7.528  -77.698  17.733 0.0000000000
3599  -8.252  -78.067  17.720 0.0000000000
3600  -12.728  -78.573  17.613 0.0000000000
3601  -13.254  -77.939  17.392 0.0000000000
3602  -13.878  -77.348  17.140 0.0000000000
3603  -7.753  -77.347  17.259 0.0000000000
3604  -8.470  -77.792  17.257 0.0000000000
3605  -9.574  -77.948  16.600 0.0000000000
3606  -10.140  -78.651  16.504 0.0000000000
3607  -13.608  -78.475  16.616 0.0000000000
3608  -14.095  -77.838  16.464 0.0000000000
3609  -14.702  -77.168  16.333 0.0000000000
3610  -18.343  -77.094  15.670 0.0000000000
3611  -18.896  -77.045  15.976 0.0000000000
3612  -19.178  -76.938  16.184 0.0000000000
3613  -10.093  -77.490  16.075 0.0000000000
3614  -10.671  -78.354  15.926 0.0000000000
3615  -11.464  -78.475  15.302 0.0000000000
3616  -14.343  -78.329  15.903 0.0000000000
3617  -14.999  -77.619  15.638 0.0000000000
3618  -16.294  -77.555  14.900 0.0000000000
3619  -17.713  -77.281  15.076 0.0000000000
3620  -18.568  -77.036  15.332 0.0000000000
3621  -19.090  -76.894  15.870 0.0000000000
3622  -3.191  -77.319  14.232 0.0000000000
3623  -3.472  -77.553  14.236 0.0000000000
3624  -3.871  -77.554  14.438 0.0000000000
3625  -11.958  -78.122  14.829 0.0000000000
3626  -12.528  -77.836  14.246 0.0000000000
3627  -16.362  -77.899  14.362 0.0000000000
3628  -17.019  -77.680  14.328 0.0000000000
3629  -18.220  -77.393  14.209 0.0000000000
3630  -3.094  -77.417  14.007 0.0000000000
3631  -3.404  -78.024  13.730 0.0000000000
3632  -4.332  -77.642  14.249 0.0000000000
3633  -5.164  -77.696  13.889 0.0000000000
3634  -6.038  -77.955  13.755 0.0000000000
3635  -6.723  -77.998  13.636 0.0000000000
3636  -13.060  -77.674  13.553 0.0000000000
3637  -13.448  -77.623  12.735 0.0000000000
3638  -18.697  -77.349  13.105 0.0000000000
3639  -18.964  -76.950  12.492 0.0000000000
3640  -3.033  -77.636  13.151 0.0000000000
3641  -3.393  -78.196  13.297 0.0000000000
3642  -5.786  -77.260  13.368 0.0000000000
3643  -6.482  -77.324  13.206 0.0000000000
3644  -7.422  -77.582  13.145 0.0000000000
3645  -8.269  -77.835  12.794 0.0000000000
3646  -13.581  -77.546  11.999 0.0000000000
3647  -17.808  -77.582  12.045 0.0000000000
3648  -18.431  -77.317  12.129 0.0000000000
3649  -18.953  -76.757  12.065 0.0000000000
3650  -2.879  -77.250  12.159 0.0000000000
3651  -8.064  -77.087  12.472 0.0000000000
3652  -8.932  -77.437  12.088 0.0000000000
3653  -9.431  -77.639  11.302 0.0000000000
3654  -13.517  -77.651  11.186 0.0000000000
3655  -15.640  -77.539  10.949 0.0000000000
3656  -16.469  -77.429  11.362 0.0000000000
3657  -17.651  -77.299  11.642 0.0000000000
3658  -18.282  -77.151  11.709 0.0000000000
3660  -2.759  -77.281  11.094 0.0000000000
3661  -9.298  -76.909  11.174 0.0000000000
3662  -9.559  -77.269  10.399 0.0000000000
3663  -12.954  -77.347  9.507 0.0000000000
3664  -13.699  -77.652  10.122 0.0000000000
3665  -14.446  -77.508  10.038 0.0000000000
3666  -15.061  -77.672  10.567 0.0000000000
3669  -9.579  -77.331  9.375 0.0000000000
3670  -13.094  -77.225  9.030 0.0000000000
3671  -13.519  -77.349  9.293 0.0000000000
3672  -13.948  -77.507  9.546 0.0000000000
3675  -9.581  -77.378  8.467 0.0000000000
3678  -9.733  -77.278  7.600 0.0000000000
3679  -9.863  -77.857  7.468 0.0000000000
4102  -12.810  -76.102  22.936 0.0000000000
4103  -13.088  -76.250  23.135 0.0000000000
4104  -13.818  -76.308  23.148 0.0000000000
4105  -14.502  -76.276  22.888 0.0000000000
4106  -11.891  -77.582  22.074 0.0000000000
4107  -12.428  -76.741  22.423 0.0000000000
4108  -13.281  -76.949  22.741 0.0000000000
4109  -14.141  -76.961  22.498 0.0000000000
4110  -14.879  -76.531  22.248 0.0000000000
4111  -11.806  -77.241  21.647 0.0000000000
4112  -12.201  -76.399  21.464 0.0000000000
4113  -14.623  -76.995  21.908 0.0000000000
4114  -15.253  -76.578  21.496 0.0000000000
4115  -15.869  -76.271  21.087 0.0000000000
4121  -11.737  -76.855  20.651 0.0000000000
4122  -12.240  -76.358  20.617 0.0000000000
4123  -15.541  -76.529  20.819 0.0000000000
4124  -16.015  -76.230  20.676 0.0000000000
4131  -10.587  -76.347  19.375 0.0000000000
4132  -11.409  -76.711  19.661 0.0000000000
4133  -12.167  -76.420  19.792 0.0000000000
4134  -14.931  -76.698  19.800 0.0000000000
4135  -15.284  -76.638  20.276 0.0000000000
4136  -15.860  -76.326  20.402 0.0000000000
4137  -19.547  -76.430  18.448 0.0000000000
4138  -19.990  -76.351  18.693 0.0000000000
4139  -20.363  -76.200  18.857 0.0000000000
4140  -4.472  -76.358  19.306 0.0000000000
4141  -4.914  -76.781  18.901 0.0000000000
4145  -13.795  -77.051  18.519 0.0000000000
4146  -14.354  -76.747  19.106 0.0000000000
4147  -15.471  -76.266  19.362 0.0000000000
4148  -15.977  -76.222  19.915 0.0000000000
4149  -18.534  -76.420  17.745 0.0000000000
4150  -19.221  -76.563  17.967 0.0000000000
4151  -19.930  -76.527  18.116 0.0000000000
4152  -20.388  -76.240  18.476 0.0000000000
4153  -5.527  -76.979  18.016 0.0000000000
4154  -6.238  -77.056  17.601 0.0000000000
4155  -6.784  -77.292  17.626 0.0000000000
4156  -13.517  -77.250  18.154 0.0000000000
4157  -13.953  -76.905  17.883 0.0000000000
4158  -15.210  -76.122  18.038 0.0000000000
4159  -16.544  -75.979  17.366 0.0000000000
4160  -17.854  -76.384  17.256 0.0000000000
4161  -18.880  -76.738  17.163 0.0000000000
4162  -19.666  -76.622  17.304 0.0000000000
4163  -20.220  -76.263  17.859 0.0000000000
4164  -6.429  -76.510  17.195 0.0000000000
4165  -7.102  -76.829  17.083 0.0000000000
4166  -8.013  -76.997  16.820 0.0000000000
4167  -8.809  -77.145  16.626 0.0000000000
4168  -14.438  -76.842  16.979 0.0000000000
4169  -15.485  -76.482  16.488 0.0000000000
4170  -16.967  -76.461  16.358 0.0000000000
4171  -18.266  -76.889  16.241 0.0000000000
4172  -19.161  -76.862  16.479 0.0000000000
4173  -19.397  -76.648  16.468 0.0000000000
4174  -7.648  -76.429  16.423 0.0000000000
4175  -8.417  -76.420  16.116 0.0000000000
4176  -9.529  -76.736  15.978 0.0000000000
4177  -10.552  -76.973  15.599 0.0000000000
4178  -11.315  -77.582  15.276 0.0000000000
4179  -16.166  -76.847  15.647 0.0000000000
4180  -17.276  -76.930  15.557 0.0000000000
4181  -17.958  -77.135  15.652 0.0000000000
4182  -18.864  -76.684  15.009 0.0000000000
4183  -19.257  -76.529  15.854 0.0000000000
4184  -3.008  -76.820  14.341 0.0000000000
4185  -3.516  -76.784  14.443 0.0000000000
4186  -4.063  -77.025  14.417 0.0000000000
4187  -11.161  -76.653  15.087 0.0000000000
4188  -11.943  -76.952  14.696 0.0000000000
4189  -12.674  -76.925  13.971 0.0000000000
4190  -18.815  -76.656  13.857 0.0000000000
4191  -2.645  -76.679  13.838 0.0000000000
4192  -3.891  -76.394  14.249 0.0000000000
4193  -4.478  -76.644  13.718 0.0000000000
4194  -5.266  -76.875  13.263 0.0000000000
4195  -13.063  -76.652  13.096 0.0000000000
4196  -13.400  -77.080  12.299 0.0000000000
4197  -19.051  -76.572  12.965 0.0000000000
4198  -19.118  -76.377  12.280 0.0000000000
4199  -2.504  -76.484  12.770 0.0000000000
4200  -4.991  -76.242  12.811 0.0000000000
4201  -5.894  -76.524  12.413 0.0000000000
4202  -6.917  -76.841  12.510 0.0000000000
4203  -7.504  -76.932  12.530 0.0000000000
4204  -13.058  -76.466  11.903 0.0000000000
4205  -13.365  -77.170  11.693 0.0000000000
4206  -18.875  -76.710  11.758 0.0000000000
4207  -19.146  -76.287  11.720 0.0000000000
4208  -2.605  -76.531  11.637 0.0000000000
4209  -6.293  -76.072  11.746 0.0000000000
4210  -6.666  -76.361  11.907 0.0000000000
4211  -7.554  -76.462  11.793 0.0000000000
4212  -8.311  -76.789  11.939 0.0000000000
4213  -12.695  -76.505  10.873 0.0000000000
4214  -13.141  -77.027  11.168 0.0000000000
4215  -16.036  -76.758  11.090 0.0000000000
4216  -17.033  -76.655  11.277 0.0000000000
4217  -17.919  -76.573  11.183 0.0000000000
4218  -18.583  -76.700  11.446 0.0000000000
4219  -19.026  -76.376  11.465 0.0000000000
4222  -7.854  -76.043  11.267 0.0000000000
4223  -8.504  -76.357  11.245 0.0000000000
4224  -9.199  -76.351  10.456 0.0000000000
4225  -12.519  -76.627  9.821 0.0000000000
4226  -12.962  -77.279  10.391 0.0000000000
4227  -14.558  -76.777  9.811 0.0000000000
4228  -15.197  -76.943  10.441 0.0000000000
4231  -9.452  -76.492  9.659 0.0000000000
4232  -12.816  -76.730  9.028 0.0000000000
4233  -13.403  -76.892  8.837 0.0000000000
4234  -14.087  -77.029  9.202 0.0000000000
4239  -9.530  -76.551  8.824 0.0000000000
4245  -9.576  -76.539  8.016 0.0000000000
4697  -12.706  -75.169  27.574 0.0000000000
4698  -13.180  -75.310  27.207 0.0000000000
4699  -13.934  -75.467  27.309 0.0000000000
4700  -14.534  -75.389  27.153 0.0000000000
4701  -13.572  -75.323  26.287 0.0000000000
4702  -13.851  -75.606  26.557 0.0000000000
4703  -14.484  -75.547  26.704 0.0000000000
4704  -13.580  -75.347  25.416 0.0000000000
4705  -13.868  -75.663  25.779 0.0000000000
4706  -14.336  -75.683  26.111 0.0000000000
4707  -13.430  -75.308  24.492 0.0000000000
4708  -13.819  -75.591  24.851 0.0000000000
4709  -14.466  -75.600  25.327 0.0000000000
4710  -12.698  -75.889  22.718 0.0000000000
4711  -13.082  -75.496  23.381 0.0000000000
4712  -13.589  -75.629  23.787 0.0000000000
4713  -14.464  -75.616  23.932 0.0000000000
4714  -12.434  -75.840  22.102 0.0000000000
4715  -12.830  -75.282  22.551 0.0000000000
4716  -15.251  -75.739  22.682 0.0000000000
4717  -15.855  -75.311  22.365 0.0000000000
4721  -12.496  -75.808  21.423 0.0000000000
4722  -12.855  -75.335  21.616 0.0000000000
4723  -15.379  -76.205  21.994 0.0000000000
4724  -16.130  -75.720  21.576 0.0000000000
4725  -16.899  -75.290  21.065 0.0000000000
4733  -12.457  -76.020  20.919 0.0000000000
4734  -12.855  -75.619  20.777 0.0000000000
4735  -16.355  -75.988  20.814 0.0000000000
4736  -17.235  -75.508  20.511 0.0000000000
4737  -18.559  -75.564  19.902 0.0000000000
4738  -19.593  -75.688  19.757 0.0000000000
4739  -20.432  -75.615  19.791 0.0000000000
4740  -21.089  -75.349  19.856 0.0000000000
4750  -16.542  -75.967  20.165 0.0000000000
4751  -17.762  -75.708  19.519 0.0000000000
4752  -19.174  -76.065  19.053 0.0000000000
4753  -20.109  -76.068  19.222 0.0000000000
4754  -20.692  -75.829  19.099 0.0000000000
4755  -21.226  -75.121  19.355 0.0000000000
4756  -4.141  -75.917  19.524 0.0000000000
4757  -4.460  -76.064  18.953 0.0000000000
4762  -15.902  -75.873  18.768 0.0000000000
4763  -16.703  -75.782  19.127 0.0000000000
4764  -18.307  -76.060  18.476 0.0000000000
4765  -19.114  -76.364  18.493 0.0000000000
4766  -20.189  -75.562  17.659 0.0000000000
4767  -20.635  -75.672  18.302 0.0000000000
4768  -21.154  -75.092  18.907 0.0000000000
4769  -5.106  -75.972  18.246 0.0000000000
4770  -5.893  -76.307  17.497 0.0000000000
4771  -16.338  -75.791  18.296 0.0000000000
4772  -17.353  -75.846  18.061 0.0000000000
4773  -18.060  -76.167  17.888 0.0000000000
4774  -20.096  -76.128  17.226 0.0000000000
4775  -20.359  -76.031  17.760 0.0000000000
4776  -5.573  -75.243  17.318 0.0000000000
4777  -6.534  -75.693  16.529 0.0000000000
4778  -7.201  -76.190  16.405 0.0000000000
4779  -19.211  -75.830  16.054 0.0000000000
4780  -19.545  -76.268  16.345 0.0000000000
4781  -0.897  -74.737  14.912 0.0000000000
4782  -1.340  -75.006  15.217 0.0000000000
4783  -1.725  -75.043  15.386 0.0000000000
4784  -6.876  -75.183  15.666 0.0000000000
4785  -7.573  -75.716  15.694 0.0000000000
4786  -8.960  -75.651  15.050 0.0000000000
4787  -10.138  -76.062  15.169 0.0000000000
4788  -10.729  -76.310  15.095 0.0000000000
4789  -18.579  -75.494  15.163 0.0000000000
4790  -19.044  -76.050  15.435 0.0000000000
4791  -19.315  -76.245  15.934 0.0000000000
4795  -0.869  -74.626  14.456 0.0000000000
4796  -1.316  -75.065  14.257 0.0000000000
4797  -2.180  -75.590  14.714 0.0000000000
4798  -2.936  -75.952  14.747 0.0000000000
4799  -9.361  -75.188  14.350 0.0000000000
4800  -9.925  -75.439  14.508 0.0000000000
4801  -11.035  -75.755  14.398 0.0000000000
4802  -12.151  -76.174  14.047 0.0000000000
4803  -12.599  -76.416  13.664 0.0000000000
4804  -18.358  -75.258  14.844 0.0000000000
4805  -18.666  -75.801  14.493 0.0000000000
4810  -1.636  -75.147  13.390 0.0000000000
4811  -2.035  -75.783  13.668 0.0000000000
4812  -3.471  -75.776  14.439 0.0000000000
4813  -3.938  -75.587  13.789 0.0000000000
4814  -11.180  -75.287  13.631 0.0000000000
4815  -11.787  -75.512  13.530 0.0000000000
4816  -12.440  -76.010  13.439 0.0000000000
4817  -18.822  -75.752  13.436 0.0000000000
4818  -19.119  -75.924  12.641 0.0000000000
4822  -1.616  -74.791  12.778 0.0000000000
4823  -2.022  -75.468  12.769 0.0000000000
4824  -4.485  -75.386  12.896 0.0000000000
4825  -5.208  -75.511  12.159 0.0000000000
4826  -11.781  -75.180  13.003 0.0000000000
4827  -12.372  -75.607  12.667 0.0000000000
4828  -19.008  -75.147  12.730 0.0000000000
4829  -19.360  -75.564  11.898 0.0000000000
4833  -2.314  -75.749  11.887 0.0000000000
4834  -5.971  -75.538  11.616 0.0000000000
4835  -6.808  -75.716  11.360 0.0000000000
4836  -7.468  -75.836  11.233 0.0000000000
4837  -12.482  -75.721  11.573 0.0000000000
4838  -15.536  -75.963  10.873 0.0000000000
4839  -16.476  -75.887  11.149 0.0000000000
4840  -17.531  -75.826  11.027 0.0000000000
4841  -18.502  -76.012  10.920 0.0000000000
4842  -19.398  -75.786  10.981 0.0000000000
4845  -7.294  -75.379  11.021 0.0000000000
4846  -7.919  -75.492  10.901 0.0000000000
4847  -8.709  -75.509  10.323 0.0000000000
4848  -9.226  -75.836  9.841 0.0000000000
4849  -12.311  -75.684  10.506 0.0000000000
4850  -14.291  -76.115  9.423 0.0000000000
4851  -14.782  -76.028  10.249 0.0000000000
4852  -18.196  -75.412  10.791 0.0000000000
4853  -18.875  -75.346  10.626 0.0000000000
4854  -19.313  -75.130  10.577 0.0000000000
4857  -9.074  -75.284  9.619 0.0000000000
4858  -9.347  -75.707  9.092 0.0000000000
4859  -12.452  -75.524  9.036 0.0000000000
4860  -13.113  -76.187  8.522 0.0000000000
4861  -13.736  -76.211  8.831 0.0000000000
4866  -9.504  -75.918  8.391 0.0000000000
4867  -12.703  -75.092  8.223 0.0000000000
4868  -13.032  -75.426  8.179 0.0000000000
4869  -13.523  -75.617  8.392 0.0000000000
5341  -16.396  -74.012  28.336 0.0000000000
5342  -17.033  -73.915  28.197 0.0000000000
5344  -12.641  -74.955  27.511 0.0000000000
5346  -14.580  -74.995  27.641 0.0000000000
5347  -15.729  -74.514  27.638 0.0000000000
5348  -16.999  -74.150  27.561 0.0000000000
5349  -17.739  -73.944  27.088 0.0000000000
5350  -13.163  -74.917  26.841 0.0000000000
5352  -15.146  -75.208  27.010 0.0000000000
5353  -16.097  -74.679  26.742 0.0000000000
5354  -17.241  -74.156  26.483 0.0000000000
5355  -17.842  -73.892  26.721 0.0000000000
5356  -13.430  -75.015  25.946 0.0000000000
5358  -15.210  -75.399  26.107 0.0000000000
5359  -16.228  -74.680  25.759 0.0000000000
5360  -17.046  -74.141  25.527 0.0000000000
5361  -13.383  -74.961  25.102 0.0000000000
5363  -15.384  -75.208  24.963 0.0000000000
5364  -16.384  -74.473  24.736 0.0000000000
5365  -16.970  -74.078  25.071 0.0000000000
5366  -13.331  -74.872  24.172 0.0000000000
5368  -15.446  -74.989  23.796 0.0000000000
5369  -16.197  -74.434  23.564 0.0000000000
5370  -13.282  -74.737  23.186 0.0000000000
5372  -15.681  -74.937  22.891 0.0000000000
5373  -16.403  -74.572  22.349 0.0000000000
5374  -17.247  -74.335  21.660 0.0000000000
5386  -16.775  -74.941  21.432 0.0000000000
5387  -17.655  -74.887  21.005 0.0000000000
5388  -19.005  -74.781  20.820 0.0000000000
5389  -20.179  -74.592  20.967 0.0000000000
5390  -21.074  -74.349  21.136 0.0000000000
5391  -21.560  -73.879  21.293 0.0000000000
5392  -21.740  -73.509  21.490 0.0000000000
5405  -18.322  -75.229  20.467 0.0000000000
5406  -19.108  -75.347  20.262 0.0000000000
5407  -19.900  -75.275  20.376 0.0000000000
5408  -20.791  -75.036  20.451 0.0000000000
5409  -21.510  -74.404  20.506 0.0000000000
5410  -21.753  -73.690  21.212 0.0000000000
5419  -21.296  -74.290  19.428 0.0000000000
5420  -21.510  -74.407  19.794 0.0000000000
5424  -2.838  -74.289  18.946 0.0000000000
5425  -3.877  -75.179  19.053 0.0000000000
5426  -4.510  -75.500  18.594 0.0000000000
5432  -19.101  -73.876  18.056 0.0000000000
5433  -19.907  -74.771  18.052 0.0000000000
5434  -20.801  -74.518  18.875 0.0000000000
5435  -21.323  -74.758  19.242 0.0000000000
5439  -2.923  -74.093  18.525 0.0000000000
5440  -3.428  -74.263  18.450 0.0000000000
5441  -4.542  -74.666  17.998 0.0000000000
5445  -18.966  -74.440  17.409 0.0000000000
5446  -19.670  -75.299  17.195 0.0000000000
5450  -1.360  -74.019  16.672 0.0000000000
5451  -1.674  -74.161  16.237 0.0000000000
5452  -5.165  -74.258  16.909 0.0000000000
5453  -5.827  -74.724  16.468 0.0000000000
5454  -17.923  -74.309  16.005 0.0000000000
5455  -18.692  -74.891  16.439 0.0000000000
5456  -19.565  -75.740  16.601 0.0000000000
5461  -1.482  -74.564  15.813 0.0000000000
5462  -2.121  -74.653  15.602 0.0000000000
5463  -2.770  -74.479  15.204 0.0000000000
5464  -5.498  -74.040  16.082 0.0000000000
5465  -6.297  -74.435  15.564 0.0000000000
5466  -7.166  -74.823  15.058 0.0000000000
5467  -8.006  -75.052  14.756 0.0000000000
5468  -18.101  -74.799  15.335 0.0000000000
5469  -18.728  -75.443  15.690 0.0000000000
5475  -0.884  -74.457  13.982 0.0000000000
5476  -2.570  -75.190  15.046 0.0000000000
5477  -3.070  -75.031  14.757 0.0000000000
5478  -6.794  -74.142  14.723 0.0000000000
5479  -7.616  -74.234  14.282 0.0000000000
5480  -8.862  -74.631  14.022 0.0000000000
5481  -9.778  -74.983  13.951 0.0000000000
5482  -10.317  -75.242  14.050 0.0000000000
5483  -18.163  -74.906  14.372 0.0000000000
5484  -18.462  -75.312  13.940 0.0000000000
5491  -1.237  -74.539  13.341 0.0000000000
5492  -3.604  -74.718  14.129 0.0000000000
5493  -4.148  -74.553  13.398 0.0000000000
5494  -9.296  -74.243  13.494 0.0000000000
5495  -9.723  -74.496  13.544 0.0000000000
5496  -10.629  -74.816  13.405 0.0000000000
5497  -11.360  -75.088  13.213 0.0000000000
5498  -17.972  -74.384  14.030 0.0000000000
5499  -18.407  -74.688  13.526 0.0000000000
5507  -4.589  -74.408  12.837 0.0000000000
5508  -4.983  -74.609  12.332 0.0000000000
5509  -10.942  -74.397  12.822 0.0000000000
5510  -11.569  -74.709  12.490 0.0000000000
5511  -12.188  -75.196  12.066 0.0000000000
5512  -18.815  -74.335  12.802 0.0000000000
5513  -19.378  -74.500  12.142 0.0000000000
5519  -5.653  -74.580  11.770 0.0000000000
5520  -6.586  -74.685  11.236 0.0000000000
5521  -7.100  -74.284  11.024 0.0000000000
5522  -11.757  -74.346  11.527 0.0000000000
5523  -12.121  -74.981  11.449 0.0000000000
5525  -16.833  -75.083  11.138 0.0000000000
5526  -17.601  -74.980  10.922 0.0000000000
5527  -19.797  -74.506  11.167 0.0000000000
5532  -6.963  -75.117  11.011 0.0000000000
5533  -7.411  -74.685  10.832 0.0000000000
5534  -8.216  -74.707  10.391 0.0000000000
5535  -11.659  -73.972  11.186 0.0000000000
5536  -11.969  -74.494  10.454 0.0000000000
5539  -18.281  -74.769  10.623 0.0000000000
5540  -19.037  -74.661  10.304 0.0000000000
5541  -19.579  -74.600  10.498 0.0000000000
5550  -8.785  -74.675  9.783 0.0000000000
5551  -9.191  -74.751  9.065 0.0000000000
5552  -12.135  -74.312  9.306 0.0000000000
5563  -12.511  -74.352  8.315 0.0000000000
6087  -17.344  -73.849  28.099 0.0000000000
6088  -17.964  -73.713  27.849 0.0000000000
6089  -19.197  -73.255  27.683 0.0000000000
6090  -20.122  -73.121  27.094 0.0000000000
6093  -17.864  -73.868  26.481 0.0000000000
6094  -18.416  -73.732  26.810 0.0000000000
6095  -19.610  -73.429  26.648 0.0000000000
6096  -20.700  -73.214  26.416 0.0000000000
6097  -21.476  -73.125  25.973 0.0000000000
6100  -17.852  -73.851  26.035 0.0000000000
6101  -18.779  -73.583  25.854 0.0000000000
6102  -19.945  -73.438  25.724 0.0000000000
6103  -20.974  -73.323  25.582 0.0000000000
6104  -21.870  -73.157  25.292 0.0000000000
6105  -22.416  -73.043  24.780 0.0000000000
6108  -16.922  -74.032  24.829 0.0000000000
6109  -17.625  -73.744  25.054 0.0000000000
6110  -19.000  -73.218  24.712 0.0000000000
6111  -20.219  -73.279  24.886 0.0000000000
6112  -21.126  -73.242  24.789 0.0000000000
6113  -21.837  -73.157  24.455 0.0000000000
6114  -22.446  -73.007  24.125 0.0000000000
6117  -16.861  -73.927  24.267 0.0000000000
6118  -17.674  -73.418  23.909 0.0000000000
6119  -18.631  -73.001  23.411 0.0000000000
6120  -20.548  -73.107  24.358 0.0000000000
6121  -21.033  -73.034  23.871 0.0000000000
6122  -21.745  -73.090  23.541 0.0000000000
6123  -22.351  -72.977  23.263 0.0000000000
6126  -16.816  -73.868  23.315 0.0000000000
6127  -17.572  -73.581  22.541 0.0000000000
6128  -18.875  -73.289  22.276 0.0000000000
6129  -19.959  -73.304  22.306 0.0000000000
6130  -20.900  -73.159  22.742 0.0000000000
6131  -21.700  -73.185  22.606 0.0000000000
6132  -22.137  -73.053  22.482 0.0000000000
6144  -18.260  -74.032  21.489 0.0000000000
6145  -19.476  -73.930  21.490 0.0000000000
6146  -20.513  -73.802  21.653 0.0000000000
6147  -21.072  -73.676  21.987 0.0000000000
6148  -21.723  -73.366  21.873 0.0000000000
6149  -22.065  -73.104  21.838 0.0000000000
6159  -21.690  -73.670  20.492 0.0000000000
6160  -22.158  -73.306  20.975 0.0000000000
6167  -20.347  -73.365  19.256 0.0000000000
6168  -20.941  -73.711  19.409 0.0000000000
6169  -21.475  -73.732  19.881 0.0000000000
6172  -1.998  -74.028  18.224 0.0000000000
6173  -2.271  -74.049  18.519 0.0000000000
6179  -18.799  -72.996  18.334 0.0000000000
6180  -19.815  -73.604  18.748 0.0000000000
6181  -20.505  -73.819  19.066 0.0000000000
6183  -1.587  -73.922  17.710 0.0000000000
6184  -1.997  -74.003  17.819 0.0000000000
6185  -2.520  -73.879  18.057 0.0000000000
6186  -3.577  -73.750  17.586 0.0000000000
6187  -4.407  -73.780  17.106 0.0000000000
6191  -17.746  -73.065  17.055 0.0000000000
6192  -18.249  -73.399  17.507 0.0000000000
6197  -1.553  -73.900  17.394 0.0000000000
6198  -1.993  -73.837  16.998 0.0000000000
6199  -2.699  -73.566  16.883 0.0000000000
6200  -3.694  -73.479  16.484 0.0000000000
6201  -4.695  -73.628  16.205 0.0000000000
6202  -17.802  -73.626  16.556 0.0000000000
6203  -18.339  -74.139  17.026 0.0000000000
6209  -2.132  -73.899  16.294 0.0000000000
6210  -2.878  -73.687  15.754 0.0000000000
6211  -4.042  -73.468  15.434 0.0000000000
6212  -5.247  -73.572  15.199 0.0000000000
6213  -6.135  -73.755  14.718 0.0000000000
6214  -17.563  -73.717  15.532 0.0000000000
6221  -3.464  -73.940  14.743 0.0000000000
6222  -4.505  -73.609  14.424 0.0000000000
6223  -5.556  -73.553  14.104 0.0000000000
6224  -6.677  -73.667  13.960 0.0000000000
6225  -7.514  -73.743  13.621 0.0000000000
6226  -8.197  -73.950  13.683 0.0000000000
6227  -17.670  -73.974  14.510 0.0000000000
6236  -4.040  -73.956  13.933 0.0000000000
6237  -4.881  -73.791  13.313 0.0000000000
6238  -6.038  -73.556  13.169 0.0000000000
6239  -7.070  -73.527  13.071 0.0000000000
6240  -8.003  -73.591  13.070 0.0000000000
6241  -8.919  -73.841  13.253 0.0000000000
6242  -9.697  -74.035  13.164 0.0000000000
6243  -10.124  -74.320  13.218 0.0000000000
6244  -17.935  -73.950  13.784 0.0000000000
6245  -18.322  -73.719  13.194 0.0000000000
6255  -4.968  -74.090  12.664 0.0000000000
6256  -5.578  -73.922  12.345 0.0000000000
6257  -6.590  -73.597  12.314 0.0000000000
6258  -7.652  -73.463  12.291 0.0000000000
6259  -8.671  -73.405  12.425 0.0000000000
6260  -9.596  -73.539  12.588 0.0000000000
6261  -10.473  -73.985  12.736 0.0000000000
6262  -11.075  -74.172  12.526 0.0000000000
6263  -18.984  -73.593  12.472 0.0000000000
6264  -19.628  -73.667  11.718 0.0000000000
6272  -5.745  -74.116  11.890 0.0000000000
6273  -6.156  -74.009  11.725 0.0000000000
6274  -7.189  -73.791  11.382 0.0000000000
6275  -8.418  -73.259  11.452 0.0000000000
6276  -9.424  -73.096  11.783 0.0000000000
6277  -10.336  -73.259  11.983 0.0000000000
6278  -11.225  -73.783  11.881 0.0000000000
6289  -7.418  -74.119  10.928 0.0000000000
6290  -8.103  -73.830  10.636 0.0000000000
6291  -8.688  -73.573  10.043 0.0000000000
6292  -11.499  -73.449  10.755 0.0000000000
6293  -11.886  -73.672  9.883 0.0000000000
6310  -8.516  -74.087  9.999 0.0000000000
6311  -9.069  -73.778  9.362 0.0000000000
6312  -11.568  -72.927  9.785 0.0000000000
6313  -12.036  -73.435  9.006 0.0000000000
6893  -19.385  -72.713  28.053 0.0000000000
6894  -19.923  -72.722  27.475 0.0000000000
6901  -20.616  -72.679  26.886 0.0000000000
6902  -21.282  -72.760  26.313 0.0000000000
6905  -21.895  -72.754  25.697 0.0000000000
6906  -22.556  -72.749  25.096 0.0000000000
6907  -23.004  -72.490  24.766 0.0000000000
6910  -19.706  -73.130  24.514 0.0000000000
6911  -20.057  -73.070  24.328 0.0000000000
6912  -22.885  -72.757  24.550 0.0000000000
6913  -23.383  -72.360  24.303 0.0000000000
6915  -19.524  -72.914  23.994 0.0000000000
6916  -20.255  -72.941  23.720 0.0000000000
6917  -20.661  -72.992  23.272 0.0000000000
6918  -23.036  -72.738  23.816 0.0000000000
6919  -23.604  -72.253  23.501 0.0000000000
6921  -19.583  -72.890  23.074 0.0000000000
6922  -20.345  -72.964  22.987 0.0000000000
6923  -20.664  -73.007  23.002 0.0000000000
6924  -22.812  -72.660  22.820 0.0000000000
6925  -23.453  -72.092  22.673 0.0000000000
6935  -22.692  -72.313  21.955 0.0000000000
6936  -23.289  -71.992  22.321 0.0000000000
6948  -20.907  -72.470  20.138 0.0000000000
6949  -21.610  -72.820  20.471 0.0000000000
6950  -22.080  -72.840  21.076 0.0000000000
6962  -19.212  -72.057  19.179 0.0000000000
6963  -19.849  -72.651  19.369 0.0000000000
6964  -20.611  -72.942  19.627 0.0000000000
6965  -21.176  -73.157  19.868 0.0000000000
6975  -18.709  -72.063  18.623 0.0000000000
6976  -19.246  -72.678  18.862 0.0000000000
6988  -17.834  -72.610  17.262 0.0000000000
6989  -18.154  -72.184  17.819 0.0000000000
7038  -8.724  -73.179  10.662 0.0000000000
7039  -9.338  -72.881  10.901 0.0000000000
7040  -10.170  -72.798  11.163 0.0000000000
7041  -10.880  -73.100  11.313 0.0000000000
7052  -8.676  -73.355  10.329 0.0000000000
7053  -9.203  -72.963  9.981 0.0000000000
7054  -10.081  -72.603  10.238 0.0000000000
7055  -10.916  -72.697  10.520 0.0000000000
7070  -9.476  -73.041  9.144 0.0000000000
7071  -10.041  -72.629  9.285 0.0000000000
7072  -10.850  -72.466  9.511 0.0000000000
7685  -18.499  -71.331  27.584 0.0000000000
7686  -19.612  -72.098  27.729 0.0000000000
7687  -20.234  -72.387  27.268 0.0000000000
7695  -18.797  -71.029  26.894 0.0000000000
7696  -19.555  -71.398  26.770 0.0000000000
7697  -20.582  -72.063  26.919 0.0000000000
7698  -21.040  -72.430  26.558 0.0000000000
7704  -19.837  -71.296  26.282 0.0000000000
7705  -20.413  -71.484  26.107 0.0000000000
7706  -21.500  -72.175  26.059 0.0000000000
7707  -22.401  -72.379  25.287 0.0000000000
7708  -22.801  -72.444  24.941 0.0000000000
7713  -20.578  -71.307  25.500 0.0000000000
7714  -21.190  -71.529  25.442 0.0000000000
7715  -22.193  -71.801  25.187 0.0000000000
7716  -23.136  -72.009  24.740 0.0000000000
7720  -23.815  -71.746  23.979 0.0000000000
7723  -23.938  -71.561  23.128 0.0000000000
7728  -22.959  -71.712  21.748 0.0000000000
7729  -23.477  -71.508  22.256 0.0000000000
7738  -20.086  -71.419  20.088 0.0000000000
7739  -20.448  -71.651  20.233 0.0000000000
7740  -21.332  -71.764  20.594 0.0000000000
7741  -22.318  -71.761  21.197 0.0000000000
7752  -18.899  -71.371  19.054 0.0000000000
7753  -19.700  -71.464  19.772 0.0000000000
7754  -20.266  -72.270  19.876 0.0000000000
8495  -17.772  -70.800  27.400 0.0000000000
8499  -17.392  -70.365  27.013 0.0000000000
8500  -18.177  -70.481  26.744 0.0000000000
8501  -18.941  -70.816  26.488 0.0000000000
8506  -18.612  -70.288  26.022 0.0000000000
8507  -19.493  -70.891  25.956 0.0000000000
8508  -20.096  -71.097  25.480 0.0000000000
8512  -18.848  -70.229  25.396 0.0000000000
8513  -19.507  -70.550  24.955 0.0000000000
8514  -20.510  -71.054  24.858 0.0000000000
8515  -21.576  -71.251  24.595 0.0000000000
8516  -22.648  -71.334  24.394 0.0000000000
8517  -23.444  -71.357  24.085 0.0000000000
8521  -19.939  -70.494  24.226 0.0000000000
8522  -20.812  -70.640  23.958 0.0000000000
8523  -21.974  -70.688  23.842 0.0000000000
8524  -23.058  -70.710  23.734 0.0000000000
8525  -23.886  -70.844  23.480 0.0000000000
8529  -23.871  -70.665  22.655 0.0000000000
8533  -23.086  -71.178  21.615 0.0000000000
8534  -23.610  -70.378  21.747 0.0000000000
8542  -20.208  -71.136  20.183 0.0000000000
8543  -20.868  -70.878  20.485 0.0000000000
8544  -21.847  -70.859  20.761 0.0000000000
8545  -22.893  -70.524  21.038 0.0000000000
8546  -23.578  -69.791  21.046 0.0000000000
8560  -20.121  -70.303  20.088 0.0000000000
8561  -20.889  -70.199  20.360 0.0000000000
9314  -17.289  -69.513  26.396 0.0000000000
9315  -18.037  -69.744  26.109 0.0000000000
9319  -17.708  -69.127  25.779 0.0000000000
9320  -18.258  -69.485  25.454 0.0000000000
9323  -18.697  -69.620  24.723 0.0000000000
9324  -19.310  -70.015  24.211 0.0000000000
9330  -18.938  -69.325  23.948 0.0000000000
9331  -19.829  -69.771  23.432 0.0000000000
9332  -21.195  -69.980  23.268 0.0000000000
9333  -22.377  -70.009  23.249 0.0000000000
9334  -23.333  -70.096  23.093 0.0000000000
9335  -23.762  -70.153  22.797 0.0000000000
9343  -21.677  -69.294  22.763 0.0000000000
9344  -22.756  -69.364  22.719 0.0000000000
9345  -23.482  -69.479  22.490 0.0000000000
9346  -23.766  -69.561  22.104 0.0000000000
9347  -23.942  -68.922  21.612 0.0000000000
9352  -23.830  -69.349  21.405 0.0000000000
9353  -24.101  -68.699  21.141 0.0000000000
9358  -21.429  -70.275  20.439 0.0000000000
9359  -22.253  -70.022  20.421 0.0000000000
9360  -23.210  -69.616  20.510 0.0000000000
9361  -23.893  -68.946  20.640 0.0000000000
9362  -24.189  -68.551  20.779 0.0000000000
9372  -21.206  -69.449  20.060 0.0000000000
9373  -22.628  -69.207  20.036 0.0000000000
9374  -23.548  -68.943  20.161 0.0000000000
9375  -23.879  -68.774  20.255 0.0000000000
10209  -18.257  -68.978  24.946 0.0000000000
10216  -18.329  -68.467  24.363 0.0000000000
10235  -23.143  -68.729  22.276 0.0000000000
10236  -23.751  -68.847  22.026 0.0000000000
10237  -23.882  -68.871  21.838 0.0000000000
10247  -23.509  -68.173  21.778 0.0000000000
10248  -24.055  -68.367  21.475 0.0000000000
10253  -24.227  -68.421  20.501 0.0000000000
10254  -24.355  -68.175  20.822 0.0000000000
10264  -24.101  -68.448  19.989 0.0000000000
10265  -24.453  -68.017  20.248 0.0000000000
11174  -24.346  -67.759  21.016 0.0000000000
