#!ascii label  , from subject ab_data vox2ras=TkReg
932
89971  -43.381  0.550  -2.834 0.0000000000
89972  -43.808  1.075  -2.549 0.0000000000
89978  -42.963  0.742  -3.462 0.0000000000
89979  -43.481  1.152  -3.131 0.0000000000
89988  -41.893  0.713  -4.717 0.0000000000
89989  -42.344  0.720  -4.118 0.0000000000
91039  -44.203  1.989  -2.663 0.0000000000
91046  -43.323  1.807  -3.552 0.0000000000
91047  -43.720  1.725  -3.039 0.0000000000
91053  -42.253  1.299  -4.571 0.0000000000
91054  -42.706  1.596  -4.165 0.0000000000
91061  -42.006  1.717  -5.183 0.0000000000
91062  -42.373  1.759  -4.654 0.0000000000
91073  -41.451  1.585  -6.077 0.0000000000
92226  -44.218  2.572  -2.891 0.0000000000
92233  -43.375  2.403  -3.607 0.0000000000
92234  -43.764  2.654  -3.251 0.0000000000
92235  -44.255  2.872  -2.972 0.0000000000
92242  -43.066  2.495  -3.961 0.0000000000
92243  -43.366  2.684  -3.641 0.0000000000
92249  -42.223  2.742  -5.312 0.0000000000
92250  -42.544  2.447  -4.665 0.0000000000
92257  -41.781  2.569  -5.881 0.0000000000
93298  -43.739  3.832  -3.494 0.0000000000
93299  -44.402  3.484  -3.077 0.0000000000
93309  -42.839  3.371  -4.275 0.0000000000
93310  -43.293  3.204  -3.740 0.0000000000
93317  -42.037  3.533  -5.642 0.0000000000
93318  -42.450  3.492  -4.965 0.0000000000
93324  -41.574  3.455  -6.337 0.0000000000
93337  -41.150  3.351  -6.979 0.0000000000
94365  -43.616  4.935  -3.579 0.0000000000
94366  -44.242  4.547  -3.242 0.0000000000
94375  -42.637  4.390  -4.517 0.0000000000
94376  -43.119  4.208  -3.891 0.0000000000
94383  -41.727  4.452  -5.934 0.0000000000
94384  -42.194  4.456  -5.218 0.0000000000
94390  -40.865  4.878  -7.055 0.0000000000
94391  -41.138  4.397  -6.720 0.0000000000
94404  -40.866  3.867  -7.140 0.0000000000
95540  -44.490  6.098  -2.864 0.0000000000
95541  -44.877  5.824  -2.761 0.0000000000
95554  -43.518  5.695  -3.572 0.0000000000
95555  -44.115  5.795  -3.112 0.0000000000
95556  -44.674  5.038  -2.993 0.0000000000
95565  -42.338  5.263  -4.750 0.0000000000
95566  -42.943  5.512  -4.059 0.0000000000
95575  -41.442  5.258  -6.189 0.0000000000
95576  -41.840  5.545  -5.423 0.0000000000
95582  -40.721  5.211  -7.288 0.0000000000
95583  -41.047  5.505  -6.792 0.0000000000
96775  -44.542  6.654  -2.880 0.0000000000
96776  -45.351  6.704  -2.634 0.0000000000
96785  -43.515  6.506  -3.684 0.0000000000
96786  -44.058  6.823  -3.286 0.0000000000
96793  -42.317  6.362  -4.721 0.0000000000
96794  -42.947  6.664  -4.216 0.0000000000
96804  -41.467  6.329  -6.133 0.0000000000
96805  -41.833  6.619  -5.368 0.0000000000
96817  -40.712  5.928  -7.341 0.0000000000
96818  -41.045  6.462  -6.929 0.0000000000
96834  -40.422  6.480  -7.953 0.0000000000
96835  -40.748  6.507  -7.375 0.0000000000
97936  -44.870  7.763  -2.886 0.0000000000
97937  -45.838  7.643  -2.710 0.0000000000
97946  -43.772  7.617  -3.566 0.0000000000
97947  -44.289  7.450  -3.166 0.0000000000
97954  -42.693  7.524  -4.580 0.0000000000
97955  -43.279  7.328  -4.053 0.0000000000
97964  -41.733  7.479  -5.736 0.0000000000
97965  -42.079  7.274  -5.079 0.0000000000
97980  -41.330  7.330  -6.613 0.0000000000
97992  -40.600  7.566  -7.841 0.0000000000
97993  -40.846  7.107  -7.326 0.0000000000
99156  -44.626  8.848  -2.973 0.0000000000
99157  -45.390  8.662  -2.743 0.0000000000
99158  -46.335  8.553  -2.478 0.0000000000
99165  -43.764  8.527  -3.572 0.0000000000
99166  -44.203  8.280  -3.219 0.0000000000
99175  -42.868  8.400  -4.752 0.0000000000
99176  -43.336  8.243  -4.141 0.0000000000
99187  -41.823  8.046  -5.713 0.0000000000
99188  -42.227  8.235  -5.350 0.0000000000
99202  -41.723  8.326  -6.229 0.0000000000
99203  -42.200  8.813  -5.915 0.0000000000
99215  -40.693  8.000  -7.776 0.0000000000
99216  -41.067  8.199  -7.367 0.0000000000
99228  -40.589  8.169  -8.226 0.0000000000
99229  -40.964  8.897  -8.064 0.0000000000
100332  -47.802  9.818  -1.596 0.0000000000
100341  -44.573  9.459  -3.116 0.0000000000
100342  -45.024  9.542  -2.872 0.0000000000
100343  -45.854  9.599  -2.566 0.0000000000
100344  -46.989  9.644  -2.132 0.0000000000
100352  -43.597  9.023  -3.883 0.0000000000
100353  -44.096  9.340  -3.397 0.0000000000
100362  -42.793  8.755  -5.093 0.0000000000
100363  -43.286  9.201  -4.703 0.0000000000
100372  -42.693  9.231  -5.586 0.0000000000
100373  -43.237  9.967  -5.419 0.0000000000
100383  -41.639  8.838  -6.927 0.0000000000
100384  -42.195  9.447  -6.595 0.0000000000
100398  -41.559  9.379  -7.555 0.0000000000
100399  -42.074  10.159  -7.381 0.0000000000
100416  -41.298  9.669  -8.643 0.0000000000
101587  -47.495  10.501  -1.789 0.0000000000
101588  -48.170  10.633  -1.361 0.0000000000
101597  -44.658  10.183  -3.206 0.0000000000
101598  -45.331  10.548  -2.783 0.0000000000
101599  -46.222  10.654  -2.455 0.0000000000
101600  -46.989  10.917  -2.157 0.0000000000
101609  -43.748  9.707  -4.051 0.0000000000
101610  -44.237  10.594  -3.869 0.0000000000
101618  -43.713  10.399  -4.786 0.0000000000
101619  -44.141  11.183  -4.579 0.0000000000
101625  -42.869  10.200  -6.161 0.0000000000
101626  -43.409  10.906  -5.828 0.0000000000
101636  -42.512  10.693  -6.967 0.0000000000
101637  -42.988  10.968  -6.525 0.0000000000
101650  -41.809  10.321  -8.070 0.0000000000
101651  -42.221  10.878  -7.777 0.0000000000
101662  -41.694  10.837  -8.883 0.0000000000
101663  -41.995  10.899  -8.283 0.0000000000
101859  -31.502  10.201  -20.460 0.0000000000
101883  -31.556  10.691  -21.408 0.0000000000
101899  -31.379  11.255  -22.141 0.0000000000
101927  -27.232  11.516  -25.326 0.0000000000
102882  -46.807  12.130  -1.919 0.0000000000
102883  -47.487  11.500  -1.667 0.0000000000
102884  -48.140  11.420  -1.326 0.0000000000
102894  -44.811  11.696  -3.164 0.0000000000
102895  -45.677  11.614  -2.552 0.0000000000
102896  -46.468  11.566  -2.260 0.0000000000
102897  -46.932  11.543  -1.994 0.0000000000
102907  -44.392  11.824  -4.115 0.0000000000
102914  -43.887  11.349  -5.244 0.0000000000
102915  -44.220  11.899  -4.942 0.0000000000
102920  -43.763  11.899  -5.934 0.0000000000
102921  -44.020  11.905  -5.435 0.0000000000
102927  -42.867  11.333  -6.983 0.0000000000
102928  -43.304  11.638  -6.684 0.0000000000
102935  -42.646  11.595  -7.597 0.0000000000
102936  -43.017  11.676  -7.210 0.0000000000
102942  -41.891  11.475  -8.933 0.0000000000
102943  -42.169  11.507  -8.453 0.0000000000
103116  -32.003  11.143  -21.853 0.0000000000
103117  -32.647  11.350  -21.850 0.0000000000
103118  -33.599  11.460  -21.745 0.0000000000
103119  -34.540  11.949  -21.781 0.0000000000
103120  -35.165  12.439  -21.338 0.0000000000
103130  -29.961  11.528  -22.913 0.0000000000
103131  -30.782  11.876  -22.649 0.0000000000
103132  -31.806  11.827  -22.310 0.0000000000
103133  -32.748  11.966  -22.344 0.0000000000
103134  -33.595  12.191  -22.277 0.0000000000
103135  -34.051  12.530  -22.101 0.0000000000
103144  -28.877  11.681  -24.040 0.0000000000
103145  -29.432  12.154  -23.601 0.0000000000
103146  -30.072  12.235  -23.151 0.0000000000
103152  -27.834  11.708  -25.079 0.0000000000
103153  -28.487  12.200  -24.867 0.0000000000
103154  -29.053  12.347  -24.360 0.0000000000
103160  -26.178  11.486  -25.970 0.0000000000
103161  -26.883  11.735  -25.943 0.0000000000
103162  -27.539  12.124  -25.887 0.0000000000
103163  -28.100  12.302  -25.577 0.0000000000
103169  -25.204  11.412  -26.619 0.0000000000
103170  -25.922  11.572  -26.683 0.0000000000
103171  -26.685  11.892  -26.717 0.0000000000
103172  -27.227  12.075  -26.486 0.0000000000
103178  -24.134  11.947  -27.290 0.0000000000
103179  -24.798  11.623  -27.385 0.0000000000
103180  -25.563  11.729  -27.399 0.0000000000
103181  -26.295  11.997  -27.414 0.0000000000
103186  -24.184  12.722  -27.624 0.0000000000
103187  -24.602  12.325  -27.762 0.0000000000
103188  -25.224  12.199  -27.884 0.0000000000
103189  -25.906  12.404  -27.867 0.0000000000
103194  -24.285  13.131  -27.784 0.0000000000
103195  -24.542  13.069  -27.807 0.0000000000
103196  -25.021  12.989  -27.902 0.0000000000
103197  -25.576  12.898  -27.967 0.0000000000
104038  -46.659  13.020  -1.951 0.0000000000
104039  -47.354  12.646  -1.611 0.0000000000
104040  -48.116  12.177  -1.273 0.0000000000
104052  -45.074  13.088  -3.173 0.0000000000
104053  -45.444  12.700  -2.651 0.0000000000
104054  -46.155  12.440  -2.273 0.0000000000
104067  -44.626  12.847  -3.769 0.0000000000
104076  -44.415  12.730  -4.674 0.0000000000
104085  -43.944  12.409  -6.108 0.0000000000
104086  -44.198  12.525  -5.637 0.0000000000
104095  -43.783  12.587  -6.648 0.0000000000
104096  -44.063  12.685  -6.206 0.0000000000
104104  -42.831  12.075  -7.842 0.0000000000
104105  -43.204  12.250  -7.505 0.0000000000
104112  -42.606  12.233  -8.282 0.0000000000
104113  -42.912  12.363  -7.993 0.0000000000
104275  -33.931  13.169  -22.050 0.0000000000
104276  -34.477  12.893  -21.838 0.0000000000
104277  -35.316  13.204  -21.366 0.0000000000
104287  -31.103  12.726  -22.550 0.0000000000
104288  -31.952  12.686  -22.448 0.0000000000
104289  -32.787  12.741  -22.487 0.0000000000
104290  -33.530  12.947  -22.264 0.0000000000
104291  -33.984  12.874  -22.040 0.0000000000
104302  -29.863  12.855  -23.590 0.0000000000
104303  -30.459  12.749  -23.103 0.0000000000
104311  -28.991  12.906  -24.960 0.0000000000
104312  -29.441  12.881  -24.263 0.0000000000
104317  -28.064  12.565  -26.185 0.0000000000
104318  -28.523  12.930  -25.801 0.0000000000
104326  -27.261  12.200  -27.029 0.0000000000
104327  -27.764  12.465  -26.807 0.0000000000
104328  -28.342  13.041  -26.772 0.0000000000
104336  -23.679  12.541  -27.263 0.0000000000
104337  -26.973  12.210  -27.556 0.0000000000
104338  -27.600  12.482  -27.599 0.0000000000
104339  -28.124  13.003  -27.537 0.0000000000
104347  -23.926  13.274  -27.919 0.0000000000
104348  -23.880  13.608  -28.469 0.0000000000
104349  -26.570  12.469  -28.059 0.0000000000
104350  -27.251  12.693  -28.281 0.0000000000
104351  -27.818  12.964  -28.092 0.0000000000
104358  -24.339  13.255  -27.995 0.0000000000
104359  -24.489  13.411  -28.499 0.0000000000
104360  -25.433  13.289  -28.546 0.0000000000
104361  -26.192  13.040  -28.383 0.0000000000
104362  -26.768  12.835  -28.497 0.0000000000
104374  -22.249  14.711  -31.507 0.0000000000
104375  -22.212  15.033  -31.300 0.0000000000
105149  -46.700  13.741  -2.137 0.0000000000
105150  -47.206  13.587  -1.759 0.0000000000
105151  -48.053  13.410  -1.267 0.0000000000
105159  -45.252  13.646  -3.222 0.0000000000
105160  -45.486  13.709  -2.916 0.0000000000
105161  -46.089  13.508  -2.405 0.0000000000
105173  -45.058  13.886  -3.592 0.0000000000
105174  -45.339  13.943  -3.244 0.0000000000
105181  -44.628  13.737  -4.404 0.0000000000
105187  -44.432  13.555  -5.351 0.0000000000
105192  -43.982  13.205  -6.855 0.0000000000
105193  -44.213  13.329  -6.340 0.0000000000
105201  -43.772  13.436  -7.437 0.0000000000
105202  -44.069  13.549  -6.909 0.0000000000
105211  -43.101  13.037  -8.367 0.0000000000
105348  -34.133  13.399  -21.981 0.0000000000
105349  -34.524  13.814  -21.779 0.0000000000
105350  -35.577  14.177  -21.246 0.0000000000
105351  -36.058  14.760  -20.903 0.0000000000
105362  -31.391  13.400  -22.768 0.0000000000
105363  -32.082  13.330  -22.687 0.0000000000
105364  -32.825  13.460  -22.698 0.0000000000
105365  -33.646  13.773  -22.364 0.0000000000
105366  -34.050  14.473  -22.256 0.0000000000
105377  -30.234  13.323  -23.516 0.0000000000
105378  -30.735  13.491  -23.153 0.0000000000
105388  -29.310  13.464  -24.755 0.0000000000
105389  -29.850  13.697  -24.163 0.0000000000
105390  -30.360  13.800  -23.640 0.0000000000
105397  -28.949  13.806  -25.502 0.0000000000
105398  -29.346  14.103  -24.845 0.0000000000
105405  -28.581  13.862  -26.504 0.0000000000
105413  -23.266  13.201  -27.426 0.0000000000
105414  -28.430  13.796  -27.420 0.0000000000
105423  -23.281  14.139  -28.564 0.0000000000
105424  -23.943  13.788  -28.753 0.0000000000
105425  -27.630  13.296  -28.512 0.0000000000
105426  -28.118  13.673  -28.203 0.0000000000
105435  -24.200  14.109  -29.338 0.0000000000
105436  -25.193  13.832  -29.404 0.0000000000
105437  -26.084  13.699  -29.077 0.0000000000
105438  -27.015  13.460  -28.884 0.0000000000
105439  -27.723  13.888  -28.773 0.0000000000
105445  -24.833  14.247  -29.835 0.0000000000
105456  -22.619  14.928  -31.554 0.0000000000
106205  -47.037  14.189  -2.045 0.0000000000
106206  -47.620  14.466  -1.654 0.0000000000
106215  -45.947  14.454  -2.688 0.0000000000
106216  -46.548  14.418  -2.369 0.0000000000
106217  -47.106  14.748  -2.127 0.0000000000
106227  -45.217  14.549  -3.692 0.0000000000
106228  -45.490  14.596  -3.270 0.0000000000
106238  -44.978  14.735  -4.214 0.0000000000
106239  -45.303  15.052  -3.775 0.0000000000
106247  -44.635  14.600  -5.093 0.0000000000
106254  -44.450  14.429  -6.003 0.0000000000
106261  -43.938  14.554  -7.660 0.0000000000
106262  -44.203  14.289  -6.916 0.0000000000
106269  -43.549  14.267  -8.321 0.0000000000
106400  -34.647  14.899  -21.801 0.0000000000
106401  -35.512  15.130  -21.320 0.0000000000
106402  -36.026  15.328  -20.973 0.0000000000
106410  -31.628  13.717  -22.956 0.0000000000
106411  -32.058  13.917  -23.037 0.0000000000
106412  -32.792  14.215  -23.034 0.0000000000
106413  -33.377  14.848  -22.883 0.0000000000
106414  -33.949  15.142  -22.401 0.0000000000
106421  -30.573  14.753  -23.669 0.0000000000
106422  -31.082  14.306  -23.274 0.0000000000
106423  -31.987  14.622  -23.358 0.0000000000
106424  -32.687  14.927  -23.363 0.0000000000
106425  -33.047  15.191  -23.303 0.0000000000
106436  -30.271  14.480  -23.813 0.0000000000
106437  -30.618  14.029  -23.465 0.0000000000
106448  -29.016  14.771  -25.245 0.0000000000
106449  -29.470  14.814  -24.406 0.0000000000
106459  -28.866  14.723  -26.167 0.0000000000
106468  -29.051  14.689  -27.262 0.0000000000
106469  -29.992  14.807  -27.675 0.0000000000
106470  -30.309  14.869  -27.850 0.0000000000
106479  -28.824  14.291  -28.150 0.0000000000
106480  -29.758  14.805  -28.190 0.0000000000
106481  -30.330  14.907  -28.104 0.0000000000
106490  -25.936  14.188  -29.737 0.0000000000
106491  -26.679  14.214  -29.630 0.0000000000
106492  -27.619  14.420  -29.496 0.0000000000
106493  -28.387  14.432  -28.963 0.0000000000
106494  -29.146  14.847  -28.758 0.0000000000
106503  -25.391  14.546  -30.245 0.0000000000
106504  -26.280  14.551  -30.372 0.0000000000
106505  -27.151  14.713  -30.421 0.0000000000
106512  -25.411  15.042  -30.694 0.0000000000
106513  -25.872  14.946  -30.938 0.0000000000
106514  -26.599  14.989  -30.983 0.0000000000
106517  -22.743  14.686  -32.311 0.0000000000
106518  -23.067  14.973  -32.041 0.0000000000
106529  -21.603  14.629  -33.518 0.0000000000
106530  -22.149  14.443  -32.849 0.0000000000
107220  -46.310  14.930  -2.577 0.0000000000
107221  -46.850  15.334  -2.481 0.0000000000
107230  -46.177  15.454  -2.930 0.0000000000
107231  -46.708  15.756  -2.791 0.0000000000
107240  -45.256  15.696  -4.212 0.0000000000
107241  -45.635  15.736  -3.643 0.0000000000
107248  -44.892  15.655  -4.941 0.0000000000
107255  -44.593  15.460  -5.748 0.0000000000
107262  -44.098  15.447  -7.302 0.0000000000
107263  -44.394  15.377  -6.507 0.0000000000
107268  -43.752  15.392  -8.104 0.0000000000
107275  -43.321  15.283  -8.858 0.0000000000
107372  -36.753  15.604  -20.430 0.0000000000
107379  -36.280  15.901  -20.815 0.0000000000
107380  -36.736  16.240  -20.509 0.0000000000
107386  -34.038  15.832  -22.131 0.0000000000
107387  -34.873  15.901  -21.666 0.0000000000
107388  -35.666  15.893  -21.221 0.0000000000
107393  -33.143  15.558  -23.126 0.0000000000
107394  -33.405  15.716  -22.656 0.0000000000
107400  -30.279  15.069  -23.766 0.0000000000
107401  -30.661  15.121  -23.769 0.0000000000
107402  -31.327  15.085  -23.747 0.0000000000
107403  -32.089  15.234  -23.833 0.0000000000
107404  -32.932  15.516  -23.722 0.0000000000
107413  -29.818  15.316  -23.888 0.0000000000
107414  -30.844  15.516  -24.075 0.0000000000
107415  -31.435  15.586  -24.411 0.0000000000
107416  -32.351  15.587  -24.525 0.0000000000
107417  -33.288  15.793  -24.703 0.0000000000
107429  -28.956  15.594  -24.867 0.0000000000
107430  -29.375  15.661  -24.274 0.0000000000
107431  -31.836  15.875  -25.027 0.0000000000
107432  -32.647  15.944  -25.270 0.0000000000
107433  -33.287  16.104  -25.333 0.0000000000
107445  -28.823  15.602  -25.736 0.0000000000
107454  -28.949  15.552  -26.631 0.0000000000
107455  -29.477  15.476  -27.460 0.0000000000
107456  -30.226  15.106  -27.750 0.0000000000
107466  -30.108  15.499  -28.014 0.0000000000
107467  -30.455  15.071  -27.925 0.0000000000
107472  -28.251  14.899  -29.570 0.0000000000
107473  -28.880  15.435  -29.505 0.0000000000
107474  -29.608  15.594  -28.714 0.0000000000
107477  -24.597  14.678  -30.126 0.0000000000
107478  -25.038  15.090  -30.533 0.0000000000
107479  -28.099  15.382  -30.299 0.0000000000
107480  -28.658  15.883  -30.106 0.0000000000
107487  -24.452  15.482  -30.595 0.0000000000
107488  -25.347  15.501  -31.055 0.0000000000
107489  -26.309  15.671  -31.567 0.0000000000
107490  -27.289  15.480  -31.138 0.0000000000
107497  -22.082  16.096  -32.654 0.0000000000
107498  -22.681  15.513  -32.401 0.0000000000
107499  -22.922  15.395  -31.728 0.0000000000
107500  -24.833  15.982  -31.381 0.0000000000
107501  -25.534  15.965  -31.882 0.0000000000
107502  -26.047  16.117  -32.036 0.0000000000
107515  -21.077  16.340  -33.477 0.0000000000
107516  -21.694  15.627  -33.164 0.0000000000
107517  -22.519  14.986  -32.816 0.0000000000
107528  -20.841  16.084  -33.928 0.0000000000
107529  -21.103  15.169  -34.031 0.0000000000
108185  -46.177  16.273  -3.462 0.0000000000
108196  -45.481  16.253  -4.121 0.0000000000
108197  -45.817  16.801  -4.005 0.0000000000
108205  -45.261  16.779  -4.685 0.0000000000
108206  -45.642  17.395  -4.358 0.0000000000
108214  -44.103  17.174  -6.147 0.0000000000
108215  -44.564  16.660  -5.692 0.0000000000
108223  -44.096  16.565  -6.675 0.0000000000
108224  -44.485  16.027  -6.191 0.0000000000
108230  -43.707  16.442  -7.678 0.0000000000
108237  -43.165  16.366  -9.267 0.0000000000
108238  -43.451  16.359  -8.497 0.0000000000
108326  -37.438  16.837  -19.639 0.0000000000
108329  -35.099  17.638  -20.730 0.0000000000
108330  -36.051  16.969  -20.674 0.0000000000
108331  -36.926  16.936  -20.260 0.0000000000
108334  -32.889  17.154  -21.918 0.0000000000
108335  -33.827  16.783  -21.560 0.0000000000
108336  -35.154  16.803  -21.266 0.0000000000
108337  -35.833  16.375  -21.017 0.0000000000
108340  -32.954  16.457  -22.883 0.0000000000
108341  -33.302  16.388  -22.194 0.0000000000
108343  -30.197  15.582  -23.806 0.0000000000
108344  -30.513  15.587  -23.901 0.0000000000
108345  -33.697  16.448  -23.905 0.0000000000
108346  -33.949  16.790  -24.030 0.0000000000
108351  -29.716  16.069  -23.922 0.0000000000
108352  -30.416  16.019  -24.085 0.0000000000
108353  -30.851  15.787  -24.439 0.0000000000
108354  -33.694  16.656  -24.891 0.0000000000
108355  -33.889  16.723  -24.270 0.0000000000
108365  -28.797  16.342  -25.316 0.0000000000
108366  -29.198  16.345  -24.647 0.0000000000
108367  -29.905  16.641  -24.483 0.0000000000
108368  -30.891  16.276  -24.942 0.0000000000
108369  -31.974  16.551  -25.377 0.0000000000
108370  -32.954  16.593  -25.593 0.0000000000
108382  -28.800  16.580  -26.231 0.0000000000
108383  -28.946  17.289  -26.590 0.0000000000
108395  -28.994  16.084  -26.936 0.0000000000
108396  -29.301  16.654  -27.326 0.0000000000
108407  -29.800  16.584  -28.355 0.0000000000
108416  -28.926  16.272  -29.902 0.0000000000
108417  -29.467  16.567  -29.323 0.0000000000
108420  -27.928  16.123  -31.083 0.0000000000
108421  -28.635  16.533  -30.613 0.0000000000
108422  -29.104  16.926  -30.013 0.0000000000
108424  -22.804  15.499  -30.626 0.0000000000
108425  -23.611  15.439  -30.331 0.0000000000
108426  -26.426  16.393  -31.999 0.0000000000
108427  -27.256  16.571  -31.710 0.0000000000
108428  -28.151  16.836  -31.354 0.0000000000
108432  -21.630  16.689  -32.774 0.0000000000
108433  -22.284  16.665  -32.398 0.0000000000
108434  -23.130  16.329  -31.948 0.0000000000
108435  -23.937  16.254  -31.403 0.0000000000
108436  -24.911  16.466  -32.165 0.0000000000
108437  -25.874  16.666  -32.357 0.0000000000
108438  -26.618  16.993  -32.222 0.0000000000
108452  -20.640  16.913  -33.622 0.0000000000
108453  -21.104  16.785  -33.156 0.0000000000
109086  -44.626  17.915  -5.190 0.0000000000
109094  -43.565  17.768  -6.373 0.0000000000
109095  -44.109  17.635  -5.812 0.0000000000
109103  -42.534  18.016  -7.624 0.0000000000
109104  -43.334  17.424  -7.232 0.0000000000
109109  -42.498  17.815  -8.440 0.0000000000
109110  -43.167  17.255  -8.069 0.0000000000
109117  -42.609  17.463  -9.370 0.0000000000
109118  -43.099  17.138  -8.782 0.0000000000
109220  -37.385  17.759  -19.162 0.0000000000
109221  -37.929  17.780  -18.547 0.0000000000
109224  -36.053  18.245  -19.747 0.0000000000
109225  -36.758  17.830  -19.644 0.0000000000
109228  -33.497  18.529  -20.606 0.0000000000
109229  -34.423  18.472  -20.338 0.0000000000
109230  -35.517  18.159  -20.167 0.0000000000
109231  -36.319  17.629  -20.137 0.0000000000
109233  -32.654  17.891  -21.687 0.0000000000
109234  -33.079  17.924  -21.207 0.0000000000
109235  -34.140  17.690  -20.925 0.0000000000
109238  -32.767  17.608  -22.431 0.0000000000
109241  -33.327  17.387  -23.576 0.0000000000
109242  -33.787  16.940  -23.879 0.0000000000
109247  -33.631  17.562  -24.670 0.0000000000
109248  -33.836  17.049  -24.204 0.0000000000
109255  -28.941  16.723  -25.089 0.0000000000
109256  -29.290  17.027  -25.046 0.0000000000
109257  -30.083  17.309  -25.147 0.0000000000
109258  -31.152  17.325  -25.499 0.0000000000
109259  -32.309  17.429  -25.795 0.0000000000
109260  -33.281  17.394  -25.508 0.0000000000
109268  -28.872  16.936  -25.475 0.0000000000
109269  -29.286  17.572  -25.906 0.0000000000
109270  -30.341  17.957  -25.986 0.0000000000
109271  -31.398  18.104  -26.093 0.0000000000
109272  -32.278  18.219  -26.217 0.0000000000
109282  -29.444  17.901  -26.941 0.0000000000
109283  -29.624  18.300  -27.569 0.0000000000
109293  -29.761  17.539  -27.851 0.0000000000
109294  -29.859  18.191  -28.159 0.0000000000
109303  -29.950  17.686  -28.800 0.0000000000
109304  -29.942  18.241  -28.544 0.0000000000
109307  -29.190  17.540  -30.569 0.0000000000
109308  -29.624  17.616  -29.793 0.0000000000
109310  -27.946  17.612  -31.713 0.0000000000
109311  -28.644  17.569  -31.192 0.0000000000
109316  -21.008  18.387  -32.741 0.0000000000
109317  -21.541  17.741  -32.565 0.0000000000
109318  -22.562  17.548  -32.251 0.0000000000
109319  -23.482  17.344  -32.143 0.0000000000
109320  -24.324  17.238  -32.278 0.0000000000
109321  -25.216  17.479  -32.627 0.0000000000
109322  -26.312  17.753  -32.748 0.0000000000
109323  -27.202  17.621  -32.230 0.0000000000
109339  -20.567  17.959  -33.189 0.0000000000
109340  -21.159  17.275  -32.857 0.0000000000
109341  -25.653  18.120  -32.982 0.0000000000
109342  -26.074  18.283  -33.085 0.0000000000
109352  -20.249  17.483  -33.790 0.0000000000
109972  -42.516  19.013  -6.722 0.0000000000
109973  -43.110  18.775  -6.392 0.0000000000
109982  -41.348  19.221  -7.731 0.0000000000
109983  -42.021  18.890  -7.263 0.0000000000
109984  -42.768  18.289  -6.880 0.0000000000
109990  -41.177  19.098  -8.361 0.0000000000
109991  -41.795  18.538  -7.994 0.0000000000
109998  -41.306  19.038  -9.181 0.0000000000
109999  -41.933  18.477  -8.831 0.0000000000
110008  -40.750  19.243  -10.598 0.0000000000
110009  -41.296  19.050  -10.059 0.0000000000
110010  -41.985  18.350  -9.749 0.0000000000
110018  -40.792  19.022  -11.435 0.0000000000
110019  -41.279  18.582  -11.008 0.0000000000
110031  -40.994  18.756  -12.243 0.0000000000
110093  -38.636  19.162  -16.518 0.0000000000
110101  -38.617  18.732  -17.145 0.0000000000
110108  -36.333  19.364  -18.717 0.0000000000
110109  -37.060  18.884  -18.724 0.0000000000
110110  -38.001  18.855  -18.078 0.0000000000
110118  -35.219  19.560  -19.137 0.0000000000
110119  -35.976  18.974  -19.147 0.0000000000
110120  -36.835  18.385  -19.205 0.0000000000
110128  -33.726  19.360  -20.151 0.0000000000
110129  -34.857  19.278  -19.610 0.0000000000
110130  -35.578  18.655  -19.627 0.0000000000
110138  -32.778  18.333  -21.388 0.0000000000
110139  -33.073  19.001  -21.009 0.0000000000
110143  -32.871  18.375  -21.849 0.0000000000
110144  -33.796  18.918  -22.036 0.0000000000
110145  -34.654  19.230  -22.425 0.0000000000
110154  -33.352  18.281  -22.875 0.0000000000
110155  -34.554  19.009  -23.371 0.0000000000
110156  -35.115  19.425  -22.845 0.0000000000
110164  -33.708  18.314  -24.139 0.0000000000
110165  -34.585  18.952  -24.783 0.0000000000
110174  -32.959  17.998  -25.981 0.0000000000
110175  -33.750  18.380  -25.520 0.0000000000
110176  -34.415  19.342  -25.714 0.0000000000
110182  -29.762  18.778  -26.509 0.0000000000
110183  -30.640  18.883  -26.385 0.0000000000
110184  -31.726  18.866  -26.592 0.0000000000
110185  -32.922  18.813  -26.480 0.0000000000
110186  -33.841  19.267  -26.270 0.0000000000
110187  -34.294  19.657  -26.176 0.0000000000
110196  -29.381  19.048  -27.240 0.0000000000
110197  -29.622  18.716  -27.835 0.0000000000
110209  -29.652  19.249  -27.915 0.0000000000
110210  -29.842  18.710  -28.344 0.0000000000
110219  -29.976  18.585  -29.384 0.0000000000
110220  -29.999  18.428  -28.784 0.0000000000
110223  -29.095  18.240  -31.003 0.0000000000
110224  -29.565  18.560  -30.403 0.0000000000
110232  -27.751  18.329  -32.085 0.0000000000
110233  -28.494  18.809  -31.464 0.0000000000
110234  -29.166  18.830  -30.967 0.0000000000
110244  -20.760  19.045  -32.858 0.0000000000
110245  -21.317  18.799  -32.578 0.0000000000
110246  -22.045  18.561  -32.407 0.0000000000
110247  -23.030  18.458  -32.509 0.0000000000
110248  -24.007  18.050  -32.501 0.0000000000
110249  -24.594  17.816  -32.586 0.0000000000
110250  -26.451  18.673  -33.058 0.0000000000
110251  -27.144  18.590  -32.639 0.0000000000
110252  -27.793  19.090  -32.188 0.0000000000
110266  -23.247  18.926  -32.878 0.0000000000
110267  -23.746  18.731  -32.988 0.0000000000
110268  -24.806  18.435  -33.040 0.0000000000
110269  -25.791  18.724  -33.282 0.0000000000
110918  -41.674  19.780  -7.441 0.0000000000
110919  -42.283  19.629  -6.942 0.0000000000
110929  -40.883  20.493  -8.422 0.0000000000
110930  -40.965  19.995  -8.066 0.0000000000
110940  -40.707  20.301  -8.808 0.0000000000
110941  -40.807  19.616  -8.860 0.0000000000
110951  -40.513  19.871  -9.730 0.0000000000
110952  -40.906  19.412  -9.417 0.0000000000
110962  -40.222  19.770  -10.870 0.0000000000
110975  -40.397  19.594  -12.124 0.0000000000
110993  -39.329  20.336  -13.640 0.0000000000
110994  -40.043  19.756  -13.456 0.0000000000
111016  -39.485  19.626  -14.433 0.0000000000
111017  -39.948  19.390  -14.104 0.0000000000
111028  -38.375  20.207  -15.770 0.0000000000
111029  -38.930  19.497  -15.440 0.0000000000
111038  -38.243  19.907  -16.550 0.0000000000
111039  -38.597  19.445  -16.089 0.0000000000
111048  -37.910  19.837  -17.448 0.0000000000
111058  -35.952  19.641  -18.668 0.0000000000
111059  -36.461  19.810  -18.413 0.0000000000
111060  -37.243  19.753  -18.093 0.0000000000
111071  -34.812  19.949  -19.108 0.0000000000
111072  -35.404  19.825  -18.819 0.0000000000
111073  -35.863  20.066  -18.528 0.0000000000
111082  -33.617  19.910  -20.517 0.0000000000
111083  -34.437  20.301  -19.776 0.0000000000
111084  -35.269  20.513  -20.031 0.0000000000
111095  -33.959  19.590  -21.308 0.0000000000
111096  -34.517  20.105  -20.885 0.0000000000
111097  -35.314  20.279  -20.627 0.0000000000
111110  -34.423  19.320  -21.899 0.0000000000
111111  -35.254  19.799  -22.099 0.0000000000
111112  -35.515  20.138  -21.440 0.0000000000
111123  -35.243  19.627  -24.408 0.0000000000
111124  -35.650  20.102  -23.552 0.0000000000
111134  -35.058  19.885  -25.293 0.0000000000
111135  -35.458  20.707  -24.800 0.0000000000
111141  -34.644  20.209  -26.057 0.0000000000
111142  -34.970  20.888  -25.490 0.0000000000
111145  -29.763  19.941  -26.881 0.0000000000
111146  -30.133  19.801  -26.469 0.0000000000
111147  -31.025  19.742  -26.610 0.0000000000
111148  -32.181  19.837  -26.829 0.0000000000
111149  -33.314  19.823  -26.826 0.0000000000
111150  -34.065  19.969  -26.526 0.0000000000
111154  -29.677  20.053  -27.559 0.0000000000
111155  -32.367  20.350  -27.027 0.0000000000
111156  -32.760  20.262  -27.108 0.0000000000
111167  -29.938  19.752  -28.371 0.0000000000
111168  -29.860  19.171  -28.341 0.0000000000
111178  -30.246  19.416  -29.060 0.0000000000
111179  -30.012  18.997  -28.717 0.0000000000
111189  -30.029  19.519  -29.838 0.0000000000
111199  -28.761  19.811  -31.457 0.0000000000
111200  -29.345  19.710  -30.817 0.0000000000
111206  -21.038  19.550  -32.563 0.0000000000
111207  -21.642  19.421  -32.539 0.0000000000
111208  -22.368  19.281  -32.664 0.0000000000
111209  -22.925  19.119  -32.830 0.0000000000
111210  -26.843  19.149  -32.967 0.0000000000
111211  -27.300  19.720  -32.693 0.0000000000
111212  -28.194  20.037  -31.994 0.0000000000
111217  -22.721  19.527  -32.972 0.0000000000
111218  -23.283  19.393  -33.222 0.0000000000
111219  -24.205  19.329  -33.477 0.0000000000
111220  -25.228  19.441  -33.511 0.0000000000
111221  -26.393  19.675  -33.347 0.0000000000
111222  -27.039  20.468  -33.093 0.0000000000
111903  -41.607  20.385  -7.741 0.0000000000
111911  -40.877  20.737  -8.765 0.0000000000
111912  -41.264  20.686  -8.315 0.0000000000
111918  -40.564  20.865  -9.461 0.0000000000
111919  -41.082  21.083  -9.188 0.0000000000
111925  -39.585  21.147  -10.887 0.0000000000
111926  -39.947  20.750  -10.314 0.0000000000
111933  -39.445  21.143  -11.613 0.0000000000
111934  -39.756  20.434  -11.316 0.0000000000
111943  -39.267  21.122  -12.455 0.0000000000
111944  -39.680  20.425  -12.325 0.0000000000
111959  -39.000  21.028  -13.273 0.0000000000
111960  -39.414  20.536  -13.025 0.0000000000
111980  -38.942  20.698  -14.025 0.0000000000
111992  -38.234  20.783  -15.606 0.0000000000
111993  -38.604  20.710  -14.965 0.0000000000
112003  -37.931  20.795  -16.038 0.0000000000
112014  -37.678  20.769  -16.794 0.0000000000
112026  -36.883  20.161  -18.218 0.0000000000
112027  -37.646  20.456  -17.895 0.0000000000
112038  -35.075  20.146  -18.889 0.0000000000
112039  -35.509  20.278  -18.858 0.0000000000
112040  -36.568  20.322  -18.706 0.0000000000
112041  -37.919  20.639  -18.847 0.0000000000
112053  -35.005  20.303  -19.173 0.0000000000
112054  -35.663  20.446  -19.500 0.0000000000
112055  -37.433  20.585  -19.951 0.0000000000
112056  -38.320  20.962  -19.569 0.0000000000
112068  -36.229  20.346  -20.456 0.0000000000
112069  -37.290  20.730  -21.083 0.0000000000
112083  -35.998  20.326  -22.103 0.0000000000
112084  -36.480  20.470  -21.652 0.0000000000
112085  -37.242  20.995  -21.697 0.0000000000
112094  -36.282  21.654  -22.979 0.0000000000
112109  -34.698  21.214  -26.010 0.0000000000
112112  -29.886  20.456  -26.616 0.0000000000
112113  -30.368  20.511  -26.654 0.0000000000
112114  -31.294  20.453  -26.850 0.0000000000
112115  -31.983  20.501  -27.003 0.0000000000
112116  -33.772  20.305  -26.814 0.0000000000
112117  -34.221  20.825  -26.699 0.0000000000
112122  -29.792  21.154  -27.123 0.0000000000
112123  -30.715  21.047  -26.925 0.0000000000
112124  -31.533  21.039  -27.192 0.0000000000
112125  -32.428  20.854  -27.265 0.0000000000
112126  -33.406  20.713  -27.151 0.0000000000
112127  -33.876  21.102  -27.084 0.0000000000
112132  -29.618  20.960  -28.020 0.0000000000
112134  -30.362  20.478  -29.005 0.0000000000
112135  -31.187  20.871  -29.626 0.0000000000
112136  -31.744  21.025  -29.955 0.0000000000
112139  -30.438  20.511  -30.239 0.0000000000
112140  -31.410  20.884  -30.296 0.0000000000
112141  -31.747  21.198  -30.272 0.0000000000
112144  -28.947  20.687  -31.503 0.0000000000
112145  -29.593  20.858  -30.867 0.0000000000
112149  -21.982  20.100  -32.740 0.0000000000
112150  -22.418  19.761  -32.882 0.0000000000
112151  -27.728  21.033  -32.747 0.0000000000
112152  -28.449  21.050  -32.135 0.0000000000
112158  -22.666  20.110  -33.271 0.0000000000
112159  -25.456  20.617  -33.746 0.0000000000
112160  -26.566  20.898  -33.460 0.0000000000
112161  -27.160  21.056  -33.212 0.0000000000
112823  -40.699  21.299  -9.665 0.0000000000
112824  -40.826  21.497  -9.902 0.0000000000
112830  -39.780  21.526  -10.484 0.0000000000
112831  -40.339  21.623  -10.115 0.0000000000
112837  -39.621  21.855  -11.011 0.0000000000
112838  -39.911  22.348  -11.296 0.0000000000
112845  -39.622  21.890  -11.884 0.0000000000
112846  -40.101  22.531  -11.767 0.0000000000
112858  -39.328  21.769  -12.822 0.0000000000
112872  -38.913  21.675  -13.908 0.0000000000
112884  -38.193  21.204  -15.604 0.0000000000
112885  -38.727  21.832  -15.209 0.0000000000
112886  -39.479  22.096  -15.557 0.0000000000
112887  -40.420  22.170  -15.791 0.0000000000
112900  -38.045  21.400  -16.134 0.0000000000
112901  -38.694  21.805  -16.251 0.0000000000
112902  -39.893  21.823  -16.453 0.0000000000
112903  -40.973  22.228  -16.506 0.0000000000
112913  -38.068  21.329  -17.014 0.0000000000
112914  -39.197  21.534  -17.243 0.0000000000
112915  -40.666  22.016  -17.553 0.0000000000
112916  -41.382  22.518  -17.085 0.0000000000
112926  -38.503  21.117  -18.043 0.0000000000
112927  -39.718  21.520  -18.372 0.0000000000
112928  -40.556  22.180  -18.669 0.0000000000
112939  -38.970  21.173  -19.133 0.0000000000
112940  -40.074  21.995  -19.536 0.0000000000
112941  -40.584  22.535  -19.182 0.0000000000
112955  -37.995  21.273  -20.820 0.0000000000
112956  -38.889  21.780  -20.320 0.0000000000
112957  -39.732  22.364  -20.148 0.0000000000
112969  -37.799  21.739  -21.614 0.0000000000
112970  -38.372  21.849  -21.028 0.0000000000
112983  -37.102  21.364  -22.187 0.0000000000
113011  -34.422  21.742  -26.350 0.0000000000
113015  -33.468  22.120  -27.264 0.0000000000
113016  -33.998  21.616  -26.923 0.0000000000
113020  -30.839  21.719  -27.338 0.0000000000
113021  -31.837  21.822  -27.574 0.0000000000
113022  -32.932  21.545  -27.472 0.0000000000
113023  -33.572  21.392  -27.214 0.0000000000
113026  -31.210  22.003  -27.559 0.0000000000
113029  -30.773  21.934  -28.781 0.0000000000
113030  -31.493  21.500  -29.562 0.0000000000
113031  -32.364  22.240  -30.421 0.0000000000
113034  -30.071  21.406  -30.784 0.0000000000
113035  -30.869  21.338  -30.789 0.0000000000
113036  -31.577  21.627  -30.701 0.0000000000
113037  -32.180  22.079  -30.875 0.0000000000
113039  -28.865  21.540  -31.956 0.0000000000
113040  -29.508  21.629  -31.495 0.0000000000
113041  -30.421  21.853  -31.402 0.0000000000
113042  -31.206  21.880  -31.410 0.0000000000
113043  -31.862  22.057  -31.509 0.0000000000
113046  -27.781  22.178  -32.811 0.0000000000
113047  -28.375  21.907  -32.475 0.0000000000
113048  -29.154  22.120  -32.497 0.0000000000
113049  -30.115  21.985  -32.311 0.0000000000
113050  -31.019  22.029  -32.241 0.0000000000
113051  -31.552  22.098  -31.991 0.0000000000
113058  -22.945  20.532  -33.673 0.0000000000
113060  -25.995  21.790  -33.679 0.0000000000
113061  -27.055  21.868  -33.242 0.0000000000
113062  -28.693  22.531  -33.646 0.0000000000
113063  -29.151  22.226  -33.422 0.0000000000
113064  -29.903  21.980  -33.278 0.0000000000
113065  -30.752  21.925  -33.214 0.0000000000
113071  -28.947  22.215  -34.246 0.0000000000
113072  -29.740  22.015  -34.300 0.0000000000
113073  -30.450  21.910  -33.973 0.0000000000
113709  -39.962  22.025  -10.541 0.0000000000
113710  -40.415  22.310  -10.678 0.0000000000
113715  -40.003  22.368  -10.866 0.0000000000
113716  -40.453  22.756  -11.234 0.0000000000
113723  -39.884  22.364  -12.354 0.0000000000
113724  -40.615  23.162  -12.226 0.0000000000
113736  -39.781  22.434  -13.136 0.0000000000
113737  -40.454  23.095  -13.315 0.0000000000
113751  -39.657  22.489  -14.212 0.0000000000
113752  -40.594  23.097  -14.087 0.0000000000
113764  -39.447  22.313  -14.955 0.0000000000
113765  -40.414  22.610  -14.920 0.0000000000
113766  -41.248  22.666  -15.684 0.0000000000
113781  -41.791  23.082  -16.533 0.0000000000
113782  -42.297  23.644  -16.658 0.0000000000
113791  -41.164  22.618  -18.330 0.0000000000
113792  -41.835  23.159  -17.670 0.0000000000
113793  -42.187  23.442  -17.032 0.0000000000
113805  -40.967  22.844  -18.935 0.0000000000
113806  -41.455  23.372  -18.602 0.0000000000
113818  -40.152  22.762  -20.028 0.0000000000
113819  -40.730  23.261  -19.538 0.0000000000
113820  -41.162  23.384  -19.062 0.0000000000
113830  -39.093  22.686  -20.756 0.0000000000
113831  -39.691  23.159  -20.504 0.0000000000
113832  -40.307  23.318  -20.093 0.0000000000
113843  -37.883  23.031  -21.949 0.0000000000
113844  -38.626  22.758  -21.210 0.0000000000
113845  -39.148  23.136  -20.898 0.0000000000
113857  -37.268  22.355  -22.415 0.0000000000
113886  -34.950  22.502  -25.341 0.0000000000
113891  -33.373  23.019  -27.341 0.0000000000
113892  -34.087  22.638  -26.729 0.0000000000
113896  -31.175  22.946  -27.913 0.0000000000
113897  -31.706  22.718  -27.786 0.0000000000
113898  -32.588  22.654  -27.633 0.0000000000
113901  -31.139  22.374  -27.779 0.0000000000
113904  -32.583  22.649  -29.932 0.0000000000
113905  -33.187  23.077  -30.044 0.0000000000
113907  -32.785  22.440  -30.830 0.0000000000
113908  -33.318  22.915  -30.618 0.0000000000
113911  -32.577  22.361  -31.658 0.0000000000
113912  -33.310  22.930  -31.633 0.0000000000
113915  -28.117  22.739  -32.661 0.0000000000
113916  -28.574  22.473  -32.809 0.0000000000
113917  -28.890  22.356  -32.942 0.0000000000
113918  -31.577  22.115  -32.428 0.0000000000
113919  -32.137  22.205  -32.423 0.0000000000
113920  -33.067  22.725  -32.646 0.0000000000
113926  -28.688  22.512  -33.205 0.0000000000
113927  -31.571  22.094  -33.058 0.0000000000
113928  -32.370  22.663  -33.554 0.0000000000
113929  -33.123  23.402  -33.509 0.0000000000
113935  -30.408  22.122  -34.533 0.0000000000
113936  -31.264  22.362  -34.358 0.0000000000
113937  -32.105  23.219  -34.392 0.0000000000
114583  -40.992  23.651  -12.812 0.0000000000
114594  -41.130  23.582  -13.475 0.0000000000
114605  -41.227  23.438  -14.119 0.0000000000
114617  -40.986  23.077  -14.462 0.0000000000
114618  -41.605  23.393  -14.850 0.0000000000
114631  -41.783  23.280  -15.726 0.0000000000
114641  -42.261  23.999  -17.833 0.0000000000
114650  -41.995  24.254  -18.334 0.0000000000
114660  -41.116  24.421  -19.546 0.0000000000
114661  -41.417  24.176  -19.025 0.0000000000
114671  -39.940  24.439  -20.605 0.0000000000
114672  -40.548  24.218  -20.097 0.0000000000
114684  -37.831  23.745  -22.066 0.0000000000
114685  -38.338  24.040  -21.655 0.0000000000
114686  -39.250  23.992  -21.104 0.0000000000
114699  -37.015  23.249  -22.875 0.0000000000
114700  -37.355  23.624  -22.620 0.0000000000
114701  -37.832  24.339  -22.127 0.0000000000
114713  -36.779  23.323  -23.200 0.0000000000
114729  -34.753  24.385  -25.830 0.0000000000
114735  -33.570  23.651  -26.987 0.0000000000
114736  -34.236  23.839  -26.435 0.0000000000
114742  -31.465  23.165  -27.858 0.0000000000
114743  -31.870  23.443  -27.756 0.0000000000
114744  -32.749  23.903  -27.427 0.0000000000
114746  -31.651  23.990  -29.243 0.0000000000
114747  -32.054  23.992  -29.213 0.0000000000
114750  -31.976  23.480  -29.341 0.0000000000
114751  -33.072  23.513  -29.520 0.0000000000
114752  -34.012  23.801  -29.775 0.0000000000
114755  -33.715  23.390  -30.242 0.0000000000
114756  -34.476  24.006  -30.569 0.0000000000
114759  -33.931  23.533  -31.246 0.0000000000
114760  -34.502  24.480  -31.673 0.0000000000
114762  -33.807  24.049  -32.762 0.0000000000
114769  -32.673  23.579  -34.141 0.0000000000
115701  -37.503  25.137  -22.482 0.0000000000
115713  -36.699  24.777  -23.207 0.0000000000
115733  -34.817  25.414  -25.917 0.0000000000
115737  -33.627  24.532  -27.069 0.0000000000
115738  -34.393  25.257  -26.649 0.0000000000
115742  -31.194  23.466  -28.056 0.0000000000
115743  -32.057  24.173  -28.050 0.0000000000
115744  -33.277  24.643  -27.814 0.0000000000
115745  -34.290  25.139  -27.503 0.0000000000
115748  -30.870  22.767  -28.572 0.0000000000
115749  -31.480  23.899  -28.897 0.0000000000
115750  -33.013  24.336  -28.811 0.0000000000
115751  -34.801  25.025  -28.466 0.0000000000
115754  -31.355  22.640  -29.336 0.0000000000
115755  -33.755  23.985  -29.332 0.0000000000
115756  -34.814  24.567  -29.617 0.0000000000
115759  -35.326  24.939  -30.966 0.0000000000
116633  -36.067  26.013  -24.230 0.0000000000
116651  -34.910  25.925  -26.441 0.0000000000
148660  -24.523  11.482  -26.565 0.0000000000
148662  -23.866  11.821  -26.692 0.0000000000
148670  -22.380  15.446  -30.475 0.0000000000
148671  -23.044  14.670  -28.919 0.0000000000
148672  -23.666  14.407  -29.255 0.0000000000
148677  -23.083  14.903  -29.418 0.0000000000
148678  -23.443  14.579  -29.262 0.0000000000
148679  -23.828  14.776  -29.813 0.0000000000
148751  -35.735  21.460  -24.220 0.0000000000
148755  -35.057  24.377  -25.060 0.0000000000
148756  -36.939  22.831  -22.830 0.0000000000
148757  -35.804  22.390  -24.217 0.0000000000
148758  -35.688  25.385  -24.459 0.0000000000
148759  -35.730  25.752  -24.478 0.0000000000
148762  -35.413  25.057  -24.735 0.0000000000
148763  -34.940  24.909  -25.510 0.0000000000
148764  -35.863  23.940  -24.159 0.0000000000
148765  -35.853  26.459  -24.697 0.0000000000
148766  -35.763  25.985  -24.504 0.0000000000
148772  -35.128  25.397  -25.311 0.0000000000
148774  -35.815  26.652  -24.898 0.0000000000
148775  -35.530  26.153  -24.859 0.0000000000
148779  -35.165  26.333  -25.917 0.0000000000
148789  -23.617  20.245  -33.791 0.0000000000
148790  -24.602  20.057  -33.726 0.0000000000
148792  -24.469  20.755  -33.991 0.0000000000
148821  -29.526  21.718  -27.822 0.0000000000
148822  -29.803  21.649  -28.354 0.0000000000
148823  -30.840  22.160  -27.605 0.0000000000
148824  -31.969  21.750  -30.115 0.0000000000
148825  -30.281  22.366  -27.890 0.0000000000
148826  -30.817  22.709  -27.889 0.0000000000
148827  -30.663  22.449  -28.794 0.0000000000
148828  -31.029  23.173  -28.002 0.0000000000
148829  -30.861  22.954  -28.019 0.0000000000
148830  -30.423  22.541  -28.507 0.0000000000
148831  -30.740  22.587  -28.956 0.0000000000
