#!ascii label  , from subject ab_data vox2ras=TkReg
832
58503  -32.952  -24.156  14.138 0.0000000000
58504  -33.650  -24.248  13.979 0.0000000000
58505  -34.158  -24.049  14.205 0.0000000000
58525  -33.167  -24.659  13.329 0.0000000000
58526  -33.975  -24.462  13.408 0.0000000000
58527  -34.544  -24.106  13.913 0.0000000000
58546  -33.404  -24.810  12.487 0.0000000000
58547  -34.078  -24.420  12.502 0.0000000000
58567  -33.604  -24.494  11.580 0.0000000000
58568  -34.082  -24.018  11.847 0.0000000000
59772  -31.836  -23.111  17.326 0.0000000000
59786  -32.289  -23.334  16.854 0.0000000000
59787  -33.235  -22.947  16.249 0.0000000000
59788  -34.019  -22.723  15.955 0.0000000000
59789  -34.517  -22.543  15.861 0.0000000000
59802  -32.169  -23.881  16.101 0.0000000000
59803  -32.993  -23.403  15.848 0.0000000000
59804  -33.897  -23.156  15.623 0.0000000000
59805  -34.604  -22.780  15.639 0.0000000000
59819  -32.651  -23.878  15.123 0.0000000000
59820  -33.618  -23.710  14.824 0.0000000000
59821  -34.693  -23.481  14.829 0.0000000000
59833  -34.486  -24.189  13.225 0.0000000000
59834  -35.143  -23.700  13.620 0.0000000000
59844  -34.576  -23.841  12.506 0.0000000000
59845  -35.133  -23.027  12.396 0.0000000000
59854  -33.750  -23.847  11.267 0.0000000000
59855  -34.304  -23.205  11.410 0.0000000000
59856  -34.799  -22.773  11.654 0.0000000000
61014  -31.411  -22.765  17.498 0.0000000000
61015  -32.051  -22.769  17.264 0.0000000000
61030  -32.686  -22.702  16.775 0.0000000000
61031  -33.483  -22.492  16.290 0.0000000000
61032  -34.318  -22.349  16.058 0.0000000000
61033  -35.118  -22.306  15.958 0.0000000000
61034  -36.180  -22.146  16.021 0.0000000000
61035  -37.166  -22.138  16.148 0.0000000000
61036  -37.842  -22.063  16.125 0.0000000000
61048  -35.435  -22.626  15.472 0.0000000000
61049  -36.478  -22.388  15.462 0.0000000000
61050  -37.523  -22.227  15.459 0.0000000000
61051  -38.119  -22.049  15.798 0.0000000000
61062  -35.712  -22.902  14.623 0.0000000000
61063  -36.772  -22.401  14.495 0.0000000000
61064  -37.401  -22.239  14.824 0.0000000000
61072  -35.893  -22.817  13.520 0.0000000000
61073  -36.491  -22.127  13.309 0.0000000000
61081  -35.877  -22.222  12.543 0.0000000000
61082  -36.339  -21.868  12.739 0.0000000000
61090  -34.640  -22.611  11.295 0.0000000000
61091  -35.165  -22.228  11.467 0.0000000000
62226  -30.723  -22.014  17.465 0.0000000000
62227  -31.543  -22.142  17.244 0.0000000000
62228  -32.211  -22.291  17.025 0.0000000000
62244  -29.942  -21.091  17.164 0.0000000000
62245  -30.890  -21.383  16.922 0.0000000000
62246  -31.800  -21.655  16.747 0.0000000000
62247  -32.806  -21.989  16.582 0.0000000000
62248  -33.854  -21.949  16.303 0.0000000000
62249  -34.804  -21.851  16.191 0.0000000000
62250  -35.802  -21.687  16.190 0.0000000000
62251  -36.835  -21.623  16.383 0.0000000000
62252  -37.682  -21.643  16.412 0.0000000000
62253  -38.362  -21.633  16.174 0.0000000000
62254  -38.961  -21.400  15.962 0.0000000000
62271  -38.066  -22.070  15.402 0.0000000000
62272  -38.529  -21.735  15.457 0.0000000000
62273  -39.205  -21.302  15.393 0.0000000000
62285  -37.331  -22.151  14.499 0.0000000000
62286  -37.880  -21.929  14.706 0.0000000000
62287  -38.772  -21.353  14.521 0.0000000000
62288  -39.375  -21.245  14.929 0.0000000000
62299  -37.193  -21.870  13.886 0.0000000000
62300  -37.908  -21.265  13.574 0.0000000000
62301  -38.580  -21.150  13.798 0.0000000000
62308  -36.222  -21.754  12.451 0.0000000000
62309  -36.816  -21.363  12.629 0.0000000000
62310  -37.551  -21.013  12.842 0.0000000000
62320  -35.952  -21.618  11.864 0.0000000000
62321  -36.392  -21.074  11.362 0.0000000000
62336  -36.242  -20.947  10.719 0.0000000000
63519  -28.782  -20.588  16.430 0.0000000000
63520  -29.294  -20.501  16.519 0.0000000000
63521  -30.228  -20.585  16.490 0.0000000000
63522  -31.137  -20.939  16.240 0.0000000000
63523  -32.151  -21.165  16.131 0.0000000000
63524  -33.197  -21.310  16.038 0.0000000000
63525  -34.227  -21.311  15.995 0.0000000000
63526  -35.224  -21.148  16.136 0.0000000000
63527  -36.326  -20.820  16.389 0.0000000000
63528  -37.423  -21.017  16.608 0.0000000000
63529  -38.184  -21.100  16.520 0.0000000000
63530  -38.821  -21.045  16.340 0.0000000000
63544  -28.610  -20.352  15.781 0.0000000000
63545  -29.572  -20.034  15.845 0.0000000000
63546  -30.498  -20.254  15.753 0.0000000000
63547  -31.465  -20.435  15.573 0.0000000000
63548  -32.540  -20.566  15.598 0.0000000000
63549  -33.533  -20.666  15.549 0.0000000000
63550  -34.530  -20.644  15.598 0.0000000000
63551  -35.441  -20.441  15.787 0.0000000000
63552  -36.053  -20.186  15.913 0.0000000000
63553  -39.455  -21.024  16.036 0.0000000000
63554  -39.739  -20.498  15.886 0.0000000000
63566  -28.987  -19.863  14.952 0.0000000000
63567  -29.956  -19.766  15.044 0.0000000000
63568  -30.707  -20.096  15.091 0.0000000000
63569  -31.282  -20.126  14.908 0.0000000000
63570  -39.434  -21.111  14.550 0.0000000000
63571  -39.810  -20.935  15.268 0.0000000000
63572  -40.103  -20.312  15.545 0.0000000000
63585  -38.523  -20.985  13.371 0.0000000000
63586  -39.101  -20.988  13.823 0.0000000000
63587  -39.867  -20.743  14.278 0.0000000000
63588  -40.252  -20.432  14.992 0.0000000000
63602  -37.452  -20.795  12.382 0.0000000000
63603  -38.109  -20.736  12.776 0.0000000000
63604  -38.893  -20.715  13.030 0.0000000000
63605  -39.558  -20.672  13.424 0.0000000000
63623  -37.112  -20.690  11.675 0.0000000000
63624  -37.850  -20.423  11.931 0.0000000000
63625  -38.673  -20.305  12.213 0.0000000000
63626  -39.336  -20.396  12.741 0.0000000000
63647  -36.789  -20.568  10.714 0.0000000000
63648  -37.640  -20.226  11.015 0.0000000000
63649  -38.273  -20.128  11.483 0.0000000000
63670  -37.276  -20.097  10.304 0.0000000000
64930  -36.555  -20.123  16.177 0.0000000000
64931  -37.203  -20.284  16.464 0.0000000000
64932  -38.057  -20.489  16.569 0.0000000000
64933  -38.519  -20.714  16.440 0.0000000000
64940  -32.003  -20.073  15.023 0.0000000000
64941  -32.899  -20.019  15.086 0.0000000000
64942  -33.831  -20.077  15.052 0.0000000000
64943  -34.747  -19.988  15.170 0.0000000000
64944  -35.571  -19.722  15.361 0.0000000000
64945  -36.274  -19.745  15.693 0.0000000000
64946  -36.956  -19.675  15.988 0.0000000000
64947  -37.844  -19.732  16.271 0.0000000000
64948  -38.953  -20.190  16.197 0.0000000000
64949  -39.876  -19.882  15.804 0.0000000000
64959  -30.388  -19.778  14.781 0.0000000000
64960  -30.772  -19.812  14.573 0.0000000000
64961  -31.438  -19.756  14.398 0.0000000000
64962  -32.318  -19.582  14.359 0.0000000000
64963  -33.225  -19.493  14.583 0.0000000000
64964  -34.084  -19.438  14.654 0.0000000000
64965  -34.884  -19.389  14.805 0.0000000000
64966  -40.560  -19.803  15.404 0.0000000000
64967  -41.095  -19.384  14.876 0.0000000000
64976  -30.175  -19.485  14.385 0.0000000000
64977  -30.717  -19.461  13.934 0.0000000000
64978  -31.504  -19.348  13.581 0.0000000000
64979  -32.289  -19.233  13.634 0.0000000000
64980  -40.024  -20.527  13.743 0.0000000000
64981  -40.581  -20.159  14.191 0.0000000000
64982  -41.391  -19.394  13.941 0.0000000000
64994  -31.269  -19.095  12.610 0.0000000000
64995  -39.998  -20.326  13.127 0.0000000000
64996  -40.686  -19.766  12.885 0.0000000000
64997  -41.540  -19.149  12.642 0.0000000000
65015  -38.750  -20.024  11.577 0.0000000000
65016  -39.558  -19.901  11.916 0.0000000000
65017  -40.715  -19.196  11.569 0.0000000000
65018  -41.318  -18.967  11.856 0.0000000000
65041  -37.735  -19.907  10.421 0.0000000000
65042  -38.492  -19.747  10.763 0.0000000000
65043  -39.670  -19.289  10.616 0.0000000000
65044  -40.445  -18.825  10.380 0.0000000000
65074  -39.817  -18.776  9.819 0.0000000000
65075  -40.319  -18.554  9.842 0.0000000000
66277  -35.983  -19.410  15.284 0.0000000000
66278  -36.502  -19.237  15.309 0.0000000000
66279  -37.397  -19.097  15.566 0.0000000000
66280  -38.413  -19.136  15.832 0.0000000000
66281  -39.410  -19.243  15.789 0.0000000000
66282  -40.168  -19.276  15.605 0.0000000000
66291  -32.818  -19.197  13.999 0.0000000000
66292  -33.471  -18.963  14.064 0.0000000000
66293  -34.402  -18.826  14.231 0.0000000000
66294  -35.605  -18.910  14.660 0.0000000000
66295  -36.769  -18.483  14.622 0.0000000000
66296  -37.865  -18.471  15.095 0.0000000000
66297  -38.896  -18.510  15.342 0.0000000000
66298  -39.894  -18.605  15.422 0.0000000000
66299  -40.848  -18.830  15.350 0.0000000000
66300  -41.901  -18.785  14.929 0.0000000000
66301  -42.726  -18.345  14.427 0.0000000000
66302  -43.233  -18.089  14.073 0.0000000000
66312  -31.967  -19.059  13.050 0.0000000000
66313  -32.712  -18.759  13.253 0.0000000000
66314  -33.683  -18.393  13.374 0.0000000000
66315  -34.828  -18.224  13.490 0.0000000000
66316  -35.977  -18.157  13.917 0.0000000000
66317  -36.548  -18.017  14.060 0.0000000000
66318  -42.242  -18.912  13.757 0.0000000000
66319  -42.957  -18.406  13.489 0.0000000000
66320  -43.306  -18.081  13.738 0.0000000000
66334  -31.920  -18.551  12.404 0.0000000000
66335  -32.850  -18.005  12.270 0.0000000000
66336  -34.031  -17.956  12.705 0.0000000000
66337  -34.608  -17.919  12.881 0.0000000000
66338  -42.327  -18.804  12.787 0.0000000000
66339  -42.598  -18.267  12.400 0.0000000000
66357  -41.230  -18.860  11.513 0.0000000000
66358  -41.766  -18.632  11.759 0.0000000000
66359  -42.217  -17.882  11.439 0.0000000000
66377  -41.090  -18.636  10.925 0.0000000000
66378  -41.537  -17.948  10.659 0.0000000000
66379  -42.017  -17.616  10.889 0.0000000000
66396  -40.079  -18.303  9.435 0.0000000000
66397  -40.850  -18.113  9.795 0.0000000000
66398  -41.303  -17.860  10.051 0.0000000000
67612  -36.821  -17.968  14.143 0.0000000000
67613  -37.357  -17.949  14.314 0.0000000000
67614  -38.337  -17.949  14.581 0.0000000000
67615  -39.368  -17.956  14.816 0.0000000000
67616  -40.412  -17.893  15.023 0.0000000000
67617  -41.368  -17.930  15.123 0.0000000000
67618  -42.283  -17.788  14.967 0.0000000000
67619  -43.119  -17.634  14.604 0.0000000000
67631  -34.904  -17.896  12.959 0.0000000000
67632  -35.485  -17.779  13.127 0.0000000000
67633  -36.625  -17.570  13.518 0.0000000000
67634  -37.748  -17.458  13.827 0.0000000000
67635  -38.783  -17.454  14.020 0.0000000000
67636  -39.799  -17.402  14.282 0.0000000000
67637  -40.410  -17.336  14.534 0.0000000000
67638  -43.284  -18.041  13.510 0.0000000000
67639  -43.520  -17.546  13.731 0.0000000000
67654  -33.042  -17.750  11.599 0.0000000000
67655  -33.633  -17.632  11.875 0.0000000000
67656  -34.721  -17.611  12.360 0.0000000000
67657  -35.895  -17.261  12.490 0.0000000000
67658  -36.508  -17.280  12.864 0.0000000000
67659  -43.152  -17.885  12.988 0.0000000000
67660  -43.510  -17.280  12.708 0.0000000000
67676  -34.225  -17.430  11.260 0.0000000000
67677  -35.173  -17.213  11.567 0.0000000000
67678  -35.889  -16.910  11.753 0.0000000000
67679  -42.951  -17.558  11.957 0.0000000000
67680  -43.377  -17.036  11.899 0.0000000000
67693  -34.850  -17.254  10.605 0.0000000000
67694  -35.612  -16.929  10.956 0.0000000000
67695  -41.905  -17.464  10.508 0.0000000000
67696  -42.532  -17.215  10.892 0.0000000000
67697  -43.063  -17.082  11.452 0.0000000000
67710  -35.470  -17.016  10.018 0.0000000000
67711  -40.961  -17.537  9.409 0.0000000000
67712  -41.494  -17.381  9.809 0.0000000000
67713  -42.038  -17.164  10.292 0.0000000000
68826  -40.861  -17.330  14.790 0.0000000000
68827  -41.546  -16.993  14.712 0.0000000000
68828  -42.491  -16.898  14.673 0.0000000000
68829  -43.296  -16.734  14.228 0.0000000000
68830  -43.812  -16.293  13.925 0.0000000000
68845  -36.786  -17.258  12.986 0.0000000000
68846  -37.275  -17.135  13.101 0.0000000000
68847  -38.188  -16.963  13.293 0.0000000000
68848  -39.233  -16.912  13.477 0.0000000000
68849  -40.474  -16.798  13.850 0.0000000000
68850  -41.315  -16.385  13.991 0.0000000000
68851  -43.782  -16.727  13.800 0.0000000000
68852  -44.301  -16.277  13.629 0.0000000000
68853  -44.871  -16.034  13.356 0.0000000000
68869  -36.189  -16.942  12.176 0.0000000000
68870  -36.689  -16.969  12.487 0.0000000000
68871  -37.602  -16.604  12.499 0.0000000000
68872  -38.574  -16.474  12.743 0.0000000000
68873  -39.540  -16.384  12.832 0.0000000000
68874  -40.341  -16.235  12.829 0.0000000000
68875  -43.912  -16.784  13.243 0.0000000000
68876  -44.570  -16.415  12.952 0.0000000000
68877  -45.155  -15.998  12.821 0.0000000000
68890  -36.368  -16.758  11.932 0.0000000000
68891  -36.905  -16.542  11.838 0.0000000000
68892  -37.567  -16.258  11.719 0.0000000000
68893  -43.893  -16.680  12.322 0.0000000000
68894  -44.636  -16.172  11.970 0.0000000000
68895  -45.306  -15.783  12.283 0.0000000000
68907  -36.312  -16.672  11.316 0.0000000000
68908  -37.030  -16.291  10.951 0.0000000000
68909  -37.640  -16.068  11.238 0.0000000000
68910  -42.762  -16.804  10.626 0.0000000000
68911  -43.446  -16.573  11.025 0.0000000000
68912  -44.245  -16.136  11.240 0.0000000000
68921  -36.174  -16.654  10.442 0.0000000000
68922  -36.683  -16.295  9.994 0.0000000000
68923  -41.655  -16.870  9.566 0.0000000000
68924  -42.311  -16.644  9.937 0.0000000000
68925  -43.044  -16.271  10.222 0.0000000000
70104  -41.897  -16.350  14.333 0.0000000000
70105  -42.544  -16.158  14.104 0.0000000000
70106  -43.376  -15.860  13.908 0.0000000000
70107  -44.113  -15.822  13.877 0.0000000000
70122  -40.965  -16.220  13.276 0.0000000000
70123  -41.669  -15.917  13.490 0.0000000000
70124  -42.507  -15.505  13.417 0.0000000000
70125  -43.281  -15.267  13.535 0.0000000000
70126  -44.638  -15.691  13.673 0.0000000000
70127  -45.297  -15.483  13.375 0.0000000000
70128  -45.874  -15.022  13.133 0.0000000000
70145  -38.128  -16.222  12.153 0.0000000000
70146  -38.812  -16.030  12.159 0.0000000000
70147  -39.694  -15.864  12.146 0.0000000000
70148  -40.772  -15.750  12.337 0.0000000000
70149  -41.687  -15.473  12.645 0.0000000000
70150  -42.255  -15.190  12.711 0.0000000000
70151  -45.646  -15.514  12.718 0.0000000000
70152  -46.228  -15.002  12.680 0.0000000000
70164  -38.126  -15.958  11.578 0.0000000000
70165  -38.830  -15.646  11.424 0.0000000000
70166  -39.773  -15.410  11.338 0.0000000000
70167  -40.526  -15.311  11.482 0.0000000000
70168  -45.150  -15.763  11.873 0.0000000000
70169  -45.758  -15.435  11.947 0.0000000000
70170  -46.484  -14.940  12.147 0.0000000000
70181  -37.176  -16.064  10.350 0.0000000000
70182  -37.805  -15.767  10.699 0.0000000000
70183  -38.763  -15.246  10.519 0.0000000000
70184  -39.538  -15.089  10.580 0.0000000000
70185  -44.047  -16.072  10.849 0.0000000000
70186  -44.750  -15.636  11.130 0.0000000000
70187  -45.576  -15.108  11.221 0.0000000000
70198  -37.196  -15.909  9.759 0.0000000000
70199  -37.822  -15.354  9.629 0.0000000000
70200  -38.457  -14.937  9.779 0.0000000000
70201  -42.819  -16.084  9.847 0.0000000000
70202  -43.547  -15.719  10.114 0.0000000000
70203  -44.391  -15.095  10.252 0.0000000000
70218  -43.097  -15.110  9.191 0.0000000000
71330  -43.924  -15.321  13.770 0.0000000000
71331  -44.346  -15.456  13.752 0.0000000000
71343  -42.892  -15.004  13.048 0.0000000000
71344  -43.678  -14.703  13.380 0.0000000000
71345  -44.627  -14.921  13.674 0.0000000000
71346  -45.576  -14.617  13.469 0.0000000000
71347  -46.569  -14.491  13.479 0.0000000000
71348  -47.157  -14.186  13.844 0.0000000000
71362  -41.130  -15.285  11.811 0.0000000000
71363  -41.750  -15.082  12.056 0.0000000000
71364  -42.498  -14.780  12.274 0.0000000000
71365  -43.195  -14.611  12.743 0.0000000000
71366  -46.950  -14.665  12.717 0.0000000000
71367  -47.372  -14.268  13.369 0.0000000000
71380  -40.112  -15.099  10.861 0.0000000000
71381  -40.733  -15.021  11.062 0.0000000000
71382  -41.262  -14.943  11.301 0.0000000000
71383  -41.880  -14.762  11.392 0.0000000000
71384  -46.248  -14.870  11.532 0.0000000000
71385  -47.070  -14.592  11.846 0.0000000000
71386  -47.564  -14.326  12.607 0.0000000000
71397  -39.076  -14.802  10.033 0.0000000000
71398  -39.774  -14.785  10.148 0.0000000000
71399  -40.414  -14.687  10.263 0.0000000000
71400  -40.923  -14.705  10.605 0.0000000000
71401  -41.375  -14.639  10.775 0.0000000000
71402  -45.110  -14.871  10.609 0.0000000000
71403  -45.868  -14.539  10.807 0.0000000000
71404  -46.601  -14.489  11.135 0.0000000000
71417  -38.083  -14.888  9.088 0.0000000000
71418  -38.641  -14.657  9.430 0.0000000000
71419  -39.259  -14.437  9.444 0.0000000000
71420  -39.971  -14.452  9.672 0.0000000000
71421  -43.818  -14.719  9.496 0.0000000000
71422  -44.701  -14.456  9.913 0.0000000000
71423  -45.342  -14.334  10.262 0.0000000000
71435  -37.729  -14.806  8.404 0.0000000000
71436  -38.409  -14.411  8.613 0.0000000000
71437  -39.174  -14.082  8.773 0.0000000000
71455  -38.253  -14.056  7.811 0.0000000000
72706  -44.302  -14.218  13.291 0.0000000000
72707  -45.024  -14.041  13.455 0.0000000000
72708  -45.943  -13.733  13.571 0.0000000000
72709  -46.853  -13.787  13.914 0.0000000000
72710  -47.527  -13.833  13.905 0.0000000000
72722  -43.106  -14.381  12.189 0.0000000000
72723  -43.726  -14.096  12.668 0.0000000000
72724  -44.494  -13.571  12.823 0.0000000000
72725  -45.232  -13.389  13.179 0.0000000000
72726  -48.028  -13.692  13.174 0.0000000000
72727  -48.639  -13.072  13.173 0.0000000000
72728  -48.943  -12.783  13.102 0.0000000000
72740  -42.593  -14.360  11.491 0.0000000000
72741  -43.342  -13.813  11.699 0.0000000000
72742  -43.946  -13.550  12.166 0.0000000000
72743  -47.143  -14.208  11.172 0.0000000000
72744  -47.909  -13.957  11.805 0.0000000000
72745  -48.708  -13.363  12.458 0.0000000000
72746  -49.057  -12.944  12.820 0.0000000000
72756  -40.739  -14.483  10.077 0.0000000000
72757  -41.121  -14.316  10.104 0.0000000000
72758  -41.876  -14.170  10.496 0.0000000000
72759  -42.733  -13.819  10.913 0.0000000000
72760  -45.725  -14.112  10.319 0.0000000000
72761  -46.396  -13.914  10.526 0.0000000000
72762  -47.416  -13.734  10.829 0.0000000000
72772  -39.706  -14.088  9.170 0.0000000000
72773  -40.437  -14.012  9.416 0.0000000000
72774  -41.171  -13.781  9.597 0.0000000000
72775  -41.756  -13.498  9.716 0.0000000000
72776  -43.662  -14.211  9.039 0.0000000000
72777  -44.210  -13.983  9.263 0.0000000000
72778  -45.296  -13.668  9.684 0.0000000000
72779  -46.193  -13.273  9.933 0.0000000000
72789  -38.835  -13.913  8.201 0.0000000000
72790  -39.634  -13.550  8.371 0.0000000000
72791  -40.357  -13.269  8.497 0.0000000000
72793  -44.372  -13.297  8.623 0.0000000000
72794  -45.094  -12.966  8.900 0.0000000000
72807  -38.800  -13.524  7.378 0.0000000000
72808  -39.636  -13.014  7.491 0.0000000000
74076  -46.509  -13.176  13.723 0.0000000000
74077  -47.242  -13.214  13.907 0.0000000000
74078  -47.781  -13.359  13.838 0.0000000000
74084  -44.987  -13.029  12.657 0.0000000000
74085  -45.755  -12.712  13.106 0.0000000000
74086  -46.792  -12.561  13.490 0.0000000000
74087  -47.835  -12.729  13.546 0.0000000000
74088  -48.662  -12.474  13.283 0.0000000000
74089  -49.201  -12.527  13.003 0.0000000000
74100  -43.773  -13.359  11.613 0.0000000000
74101  -44.357  -12.991  11.812 0.0000000000
74102  -45.072  -12.526  12.253 0.0000000000
74103  -48.018  -13.613  11.070 0.0000000000
74104  -48.581  -13.340  11.468 0.0000000000
74105  -49.379  -12.712  12.173 0.0000000000
74115  -42.377  -13.479  10.232 0.0000000000
74116  -43.330  -13.018  10.710 0.0000000000
74117  -44.109  -12.406  10.945 0.0000000000
74118  -46.893  -13.307  10.332 0.0000000000
74119  -47.836  -13.044  10.509 0.0000000000
74120  -48.974  -12.740  10.997 0.0000000000
74121  -49.596  -12.227  11.363 0.0000000000
74130  -40.764  -13.382  8.900 0.0000000000
74131  -41.276  -13.105  8.959 0.0000000000
74132  -42.222  -12.753  9.330 0.0000000000
74133  -43.027  -12.229  9.762 0.0000000000
74134  -45.753  -12.866  9.336 0.0000000000
74135  -46.644  -12.661  9.804 0.0000000000
74136  -47.340  -12.199  10.025 0.0000000000
74146  -40.139  -12.777  7.833 0.0000000000
74147  -40.682  -12.671  8.124 0.0000000000
74148  -41.294  -12.368  8.272 0.0000000000
74149  -41.917  -12.030  8.462 0.0000000000
74161  -39.940  -12.358  7.227 0.0000000000
75424  -46.334  -12.012  12.882 0.0000000000
75425  -47.155  -11.893  13.129 0.0000000000
75426  -48.109  -11.751  13.252 0.0000000000
75427  -48.978  -11.938  13.273 0.0000000000
75428  -49.658  -12.030  12.906 0.0000000000
75436  -44.764  -12.182  11.428 0.0000000000
75437  -45.628  -11.928  12.028 0.0000000000
75438  -46.585  -11.383  12.230 0.0000000000
75439  -47.387  -11.245  12.852 0.0000000000
75440  -49.931  -11.614  12.008 0.0000000000
75441  -50.324  -10.940  11.830 0.0000000000
75449  -43.677  -12.051  10.216 0.0000000000
75450  -44.309  -11.735  10.583 0.0000000000
75451  -45.047  -11.458  10.946 0.0000000000
75452  -45.854  -11.232  11.305 0.0000000000
75453  -48.256  -12.172  10.336 0.0000000000
75454  -49.186  -11.988  10.671 0.0000000000
75455  -49.894  -11.609  11.055 0.0000000000
75456  -50.398  -11.004  11.419 0.0000000000
75467  -42.588  -11.840  9.015 0.0000000000
75468  -43.213  -11.483  9.551 0.0000000000
75471  -47.539  -11.551  9.793 0.0000000000
75472  -48.504  -11.403  10.103 0.0000000000
75483  -40.332  -12.199  7.522 0.0000000000
75484  -40.564  -11.800  7.544 0.0000000000
75485  -41.278  -11.643  7.792 0.0000000000
75486  -42.120  -11.378  8.303 0.0000000000
75500  -40.030  -11.747  7.138 0.0000000000
75501  -40.634  -11.312  7.382 0.0000000000
75502  -41.164  -11.295  7.458 0.0000000000
76835  -48.589  -11.446  13.151 0.0000000000
76836  -49.116  -11.341  13.068 0.0000000000
76837  -49.754  -11.334  12.706 0.0000000000
76845  -47.188  -10.828  12.225 0.0000000000
76846  -48.096  -10.792  12.821 0.0000000000
76847  -49.154  -10.605  12.623 0.0000000000
76848  -50.130  -10.711  12.297 0.0000000000
76849  -50.841  -10.430  11.757 0.0000000000
76850  -51.372  -9.991  11.423 0.0000000000
76858  -43.789  -11.321  9.972 0.0000000000
76859  -44.333  -10.912  10.178 0.0000000000
76860  -45.320  -10.551  10.411 0.0000000000
76861  -46.533  -10.572  11.220 0.0000000000
76862  -49.366  -11.329  10.436 0.0000000000
76863  -50.063  -10.843  10.609 0.0000000000
76864  -51.019  -10.412  11.037 0.0000000000
76865  -51.642  -9.933  11.058 0.0000000000
76871  -42.743  -11.116  8.911 0.0000000000
76872  -43.420  -10.528  9.340 0.0000000000
76873  -44.365  -10.032  9.679 0.0000000000
76874  -45.072  -9.683  9.804 0.0000000000
76876  -47.713  -10.829  9.464 0.0000000000
76877  -48.870  -10.546  9.820 0.0000000000
76878  -49.746  -10.185  10.047 0.0000000000
76886  -40.149  -11.454  7.369 0.0000000000
76887  -40.140  -11.226  7.380 0.0000000000
76888  -41.632  -11.135  7.762 0.0000000000
76889  -42.443  -10.550  8.189 0.0000000000
76890  -43.168  -9.786  8.639 0.0000000000
76894  -48.497  -9.767  9.196 0.0000000000
76907  -41.333  -10.881  7.184 0.0000000000
76908  -42.293  -10.146  7.406 0.0000000000
78171  -47.410  -10.314  11.816 0.0000000000
78172  -48.151  -9.801  11.963 0.0000000000
78173  -49.318  -9.694  12.225 0.0000000000
78174  -50.382  -9.660  12.202 0.0000000000
78175  -51.286  -9.602  11.962 0.0000000000
78176  -51.693  -9.450  11.447 0.0000000000
78185  -45.938  -9.715  10.273 0.0000000000
78186  -47.004  -9.527  10.980 0.0000000000
78187  -47.707  -8.971  11.255 0.0000000000
78188  -50.451  -10.168  10.398 0.0000000000
78189  -51.139  -9.672  10.500 0.0000000000
78190  -51.821  -9.307  10.908 0.0000000000
78198  -43.734  -9.462  9.123 0.0000000000
78199  -44.447  -9.119  9.406 0.0000000000
78200  -45.285  -8.940  9.708 0.0000000000
78201  -49.194  -9.805  9.586 0.0000000000
78202  -50.055  -9.454  9.725 0.0000000000
78203  -50.888  -9.053  9.904 0.0000000000
78210  -42.843  -9.567  7.952 0.0000000000
78211  -43.438  -9.037  8.443 0.0000000000
78215  -49.614  -8.743  9.072 0.0000000000
78222  -42.608  -9.377  7.080 0.0000000000
79415  -48.482  -8.895  11.737 0.0000000000
79416  -49.381  -8.505  11.996 0.0000000000
79417  -50.670  -8.684  12.152 0.0000000000
79418  -51.631  -8.721  11.973 0.0000000000
79419  -52.003  -8.666  11.343 0.0000000000
79425  -46.173  -8.822  10.169 0.0000000000
79426  -47.040  -8.426  10.415 0.0000000000
79427  -47.995  -8.321  11.075 0.0000000000
79428  -48.613  -8.294  11.522 0.0000000000
79429  -51.524  -8.927  10.331 0.0000000000
79430  -52.032  -8.558  10.689 0.0000000000
79439  -43.957  -8.646  8.870 0.0000000000
79440  -44.649  -8.228  9.080 0.0000000000
79441  -45.678  -8.243  9.574 0.0000000000
79442  -46.345  -8.276  9.937 0.0000000000
79443  -50.365  -8.684  9.408 0.0000000000
79444  -51.206  -8.335  9.689 0.0000000000
79445  -51.796  -8.432  10.212 0.0000000000
79454  -43.218  -8.770  7.746 0.0000000000
79455  -43.724  -8.207  8.180 0.0000000000
79456  -44.120  -8.139  8.653 0.0000000000
79459  -49.875  -8.172  8.908 0.0000000000
79460  -50.501  -8.197  9.255 0.0000000000
79465  -43.134  -8.373  7.090 0.0000000000
79466  -43.439  -8.230  7.642 0.0000000000
80630  -49.298  -7.897  11.743 0.0000000000
80631  -49.884  -7.718  11.897 0.0000000000
80632  -51.112  -7.779  12.143 0.0000000000
80633  -52.124  -7.760  11.836 0.0000000000
80634  -52.666  -7.277  11.423 0.0000000000
80639  -47.041  -7.974  10.108 0.0000000000
80640  -47.528  -7.849  10.346 0.0000000000
80641  -48.756  -7.577  11.101 0.0000000000
80642  -49.681  -6.993  11.324 0.0000000000
80643  -52.467  -7.951  11.088 0.0000000000
80644  -52.900  -7.233  10.853 0.0000000000
80649  -44.695  -7.818  8.796 0.0000000000
80650  -45.252  -7.622  8.956 0.0000000000
80651  -46.576  -7.621  9.679 0.0000000000
80652  -47.722  -7.062  9.957 0.0000000000
80653  -48.498  -6.690  10.278 0.0000000000
80654  -51.438  -7.726  9.521 0.0000000000
80655  -52.205  -7.763  10.116 0.0000000000
80656  -52.748  -6.876  10.204 0.0000000000
80665  -43.863  -7.814  8.020 0.0000000000
80666  -44.344  -7.570  8.355 0.0000000000
80667  -45.124  -6.937  8.509 0.0000000000
80670  -50.577  -7.543  9.006 0.0000000000
80677  -43.342  -7.947  7.155 0.0000000000
80678  -43.606  -7.682  7.495 0.0000000000
80679  -44.144  -6.993  7.631 0.0000000000
80689  -43.257  -7.882  6.806 0.0000000000
80690  -43.430  -7.278  6.653 0.0000000000
81820  -50.573  -6.953  11.772 0.0000000000
81821  -51.569  -6.945  11.959 0.0000000000
81822  -52.418  -6.640  11.693 0.0000000000
81823  -52.936  -6.620  11.338 0.0000000000
81828  -49.214  -6.607  10.687 0.0000000000
81829  -50.161  -6.293  10.876 0.0000000000
81830  -51.207  -6.344  11.491 0.0000000000
81831  -51.834  -6.408  11.690 0.0000000000
81832  -53.104  -6.293  10.570 0.0000000000
81833  -53.260  -5.825  10.205 0.0000000000
81836  -45.889  -6.819  8.889 0.0000000000
81837  -46.864  -6.303  9.136 0.0000000000
81838  -47.966  -6.140  9.675 0.0000000000
81839  -48.878  -6.068  10.061 0.0000000000
81840  -49.473  -6.125  10.413 0.0000000000
81841  -51.627  -7.137  9.287 0.0000000000
81842  -52.401  -6.803  9.587 0.0000000000
81843  -52.959  -6.146  9.686 0.0000000000
81844  -53.182  -6.206  9.863 0.0000000000
81851  -44.772  -6.420  7.951 0.0000000000
81852  -45.552  -6.260  8.396 0.0000000000
81853  -46.120  -6.198  8.689 0.0000000000
81856  -52.036  -6.415  8.949 0.0000000000
81857  -52.559  -6.291  9.248 0.0000000000
81867  -43.811  -6.859  7.077 0.0000000000
81868  -44.284  -6.364  7.270 0.0000000000
81880  -43.718  -6.480  6.403 0.0000000000
81881  -44.008  -6.404  6.844 0.0000000000
82924  -52.660  -6.122  11.555 0.0000000000
82925  -52.830  -6.303  11.548 0.0000000000
82930  -50.421  -5.775  10.520 0.0000000000
82931  -51.038  -5.861  10.859 0.0000000000
82932  -52.072  -5.708  11.306 0.0000000000
82933  -53.014  -5.833  11.211 0.0000000000
82934  -53.294  -5.551  10.438 0.0000000000
82937  -46.967  -5.601  8.818 0.0000000000
82938  -47.553  -5.591  9.096 0.0000000000
82939  -48.491  -5.300  9.336 0.0000000000
82940  -49.735  -5.556  10.034 0.0000000000
82941  -50.822  -5.387  10.341 0.0000000000
82942  -51.444  -5.446  10.738 0.0000000000
82943  -53.202  -5.665  9.292 0.0000000000
82944  -53.471  -5.399  9.669 0.0000000000
82945  -53.852  -4.898  9.246 0.0000000000
82948  -44.964  -5.952  7.785 0.0000000000
82949  -45.327  -5.810  7.927 0.0000000000
82950  -46.266  -5.443  8.333 0.0000000000
82951  -47.258  -5.103  8.670 0.0000000000
82952  -47.860  -5.117  8.931 0.0000000000
82955  -52.711  -5.686  8.767 0.0000000000
82956  -53.475  -5.284  9.017 0.0000000000
82957  -53.707  -5.074  9.138 0.0000000000
82965  -44.871  -5.654  7.423 0.0000000000
82966  -45.649  -5.153  7.648 0.0000000000
82967  -46.057  -4.923  7.834 0.0000000000
82981  -43.932  -6.088  6.350 0.0000000000
82982  -44.257  -5.810  6.609 0.0000000000
82994  -43.856  -5.953  6.036 0.0000000000
82995  -44.235  -5.302  5.831 0.0000000000
83002  -43.800  -5.766  5.297 0.0000000000
83003  -44.147  -5.000  5.012 0.0000000000
84064  -52.220  -5.183  10.917 0.0000000000
84065  -52.708  -5.045  10.823 0.0000000000
84066  -53.408  -4.837  10.781 0.0000000000
84069  -48.621  -4.803  9.075 0.0000000000
84070  -49.241  -4.667  9.222 0.0000000000
84071  -50.481  -4.743  9.710 0.0000000000
84072  -51.781  -4.800  10.404 0.0000000000
84073  -52.699  -4.288  10.312 0.0000000000
84074  -53.674  -4.847  10.094 0.0000000000
84075  -54.020  -4.509  9.444 0.0000000000
84079  -46.295  -4.789  7.926 0.0000000000
84080  -46.869  -4.484  8.084 0.0000000000
84081  -48.179  -4.469  8.642 0.0000000000
84082  -49.188  -3.903  8.666 0.0000000000
84083  -52.870  -5.236  8.474 0.0000000000
84084  -53.225  -5.014  8.499 0.0000000000
84085  -54.072  -4.534  8.678 0.0000000000
84089  -44.805  -5.250  6.858 0.0000000000
84090  -45.284  -4.724  7.019 0.0000000000
84091  -46.057  -4.331  7.502 0.0000000000
84092  -46.759  -3.788  7.482 0.0000000000
84096  -53.489  -4.521  7.766 0.0000000000
84103  -44.768  -4.823  6.367 0.0000000000
84104  -45.188  -4.152  6.509 0.0000000000
84119  -44.589  -4.482  5.620 0.0000000000
84130  -44.620  -4.086  4.787 0.0000000000
85265  -53.361  -4.474  10.319 0.0000000000
85266  -53.654  -4.605  10.226 0.0000000000
85270  -50.097  -3.948  9.072 0.0000000000
85271  -51.135  -3.928  9.510 0.0000000000
85272  -52.167  -3.502  9.733 0.0000000000
85273  -53.270  -3.601  9.994 0.0000000000
85274  -54.122  -3.897  9.866 0.0000000000
85275  -55.126  -3.534  9.127 0.0000000000
85280  -47.555  -3.677  7.775 0.0000000000
85281  -48.674  -3.223  7.953 0.0000000000
85282  -49.774  -3.198  8.487 0.0000000000
85283  -50.782  -3.223  8.945 0.0000000000
85284  -51.451  -3.297  9.335 0.0000000000
85290  -45.628  -3.805  6.799 0.0000000000
85291  -46.354  -3.338  6.878 0.0000000000
85292  -47.109  -3.148  7.146 0.0000000000
85293  -47.809  -2.935  7.403 0.0000000000
85299  -44.964  -4.105  6.065 0.0000000000
85300  -45.345  -3.465  6.171 0.0000000000
85301  -45.845  -3.105  6.447 0.0000000000
85311  -44.950  -3.717  5.566 0.0000000000
85312  -45.334  -2.994  5.560 0.0000000000
85326  -45.004  -3.350  5.077 0.0000000000
85327  -45.382  -2.785  4.900 0.0000000000
85341  -45.085  -3.444  4.507 0.0000000000
85342  -45.565  -3.031  4.039 0.0000000000
86478  -52.251  -2.884  9.514 0.0000000000
86479  -52.842  -2.597  9.625 0.0000000000
86480  -54.115  -2.741  9.851 0.0000000000
86481  -55.194  -2.716  9.786 0.0000000000
86488  -48.950  -2.548  7.691 0.0000000000
86489  -49.497  -2.592  7.965 0.0000000000
86490  -50.456  -2.344  8.305 0.0000000000
86491  -51.745  -2.577  9.116 0.0000000000
86492  -52.412  -2.126  9.260 0.0000000000
86499  -46.816  -2.726  6.686 0.0000000000
86500  -47.420  -2.412  6.786 0.0000000000
86501  -48.377  -2.328  7.311 0.0000000000
86502  -49.267  -2.083  7.590 0.0000000000
86503  -49.851  -2.143  7.876 0.0000000000
86508  -45.719  -2.669  6.027 0.0000000000
86509  -46.380  -2.445  6.278 0.0000000000
86510  -46.912  -2.364  6.470 0.0000000000
86515  -45.857  -2.287  5.475 0.0000000000
86516  -46.044  -2.270  5.900 0.0000000000
86523  -45.972  -2.142  4.703 0.0000000000
86524  -46.398  -1.808  4.633 0.0000000000
86533  -45.992  -2.417  4.127 0.0000000000
87704  -52.898  -1.689  9.331 0.0000000000
87705  -53.831  -1.771  9.702 0.0000000000
87706  -54.973  -1.806  9.879 0.0000000000
87707  -55.862  -1.619  10.169 0.0000000000
87712  -50.615  -1.842  8.101 0.0000000000
87713  -51.203  -1.627  8.310 0.0000000000
87714  -52.177  -1.660  8.928 0.0000000000
87722  -47.460  -2.079  6.523 0.0000000000
87723  -47.873  -1.920  6.636 0.0000000000
87724  -48.836  -1.463  6.943 0.0000000000
87725  -50.186  -1.560  7.712 0.0000000000
87726  -50.913  -1.211  7.905 0.0000000000
87734  -46.602  -2.080  6.069 0.0000000000
87735  -47.121  -1.964  6.238 0.0000000000
87736  -48.066  -1.351  6.156 0.0000000000
87737  -48.647  -1.109  6.432 0.0000000000
87744  -46.151  -2.056  5.530 0.0000000000
87745  -46.420  -1.961  5.723 0.0000000000
87746  -47.274  -1.415  5.535 0.0000000000
87747  -47.879  -1.179  5.693 0.0000000000
87754  -46.159  -1.958  5.301 0.0000000000
87755  -46.497  -1.657  5.088 0.0000000000
87756  -47.011  -1.313  4.907 0.0000000000
87763  -46.679  -1.604  4.607 0.0000000000
88778  -52.674  -1.221  9.024 0.0000000000
88779  -53.471  -0.813  9.298 0.0000000000
88780  -54.544  -1.030  9.740 0.0000000000
88781  -55.506  -0.835  9.852 0.0000000000
88789  -51.292  -1.034  8.092 0.0000000000
88790  -52.156  -0.739  8.508 0.0000000000
88791  -53.205  -0.162  8.852 0.0000000000
88797  -48.956  -0.990  6.583 0.0000000000
88798  -49.636  -0.770  6.892 0.0000000000
88799  -50.943  -0.608  7.592 0.0000000000
88800  -51.868  0.047  7.826 0.0000000000
88807  -48.183  -1.031  5.814 0.0000000000
88808  -48.772  -0.667  6.130 0.0000000000
88809  -49.661  -0.160  6.395 0.0000000000
88814  -47.413  -1.140  5.125 0.0000000000
88815  -48.046  -0.826  5.317 0.0000000000
88816  -48.784  -0.196  5.487 0.0000000000
88822  -47.510  -0.983  4.674 0.0000000000
88823  -48.109  -0.402  4.459 0.0000000000
89878  -53.770  -0.070  9.231 0.0000000000
89879  -54.659  0.015  9.554 0.0000000000
89889  -52.711  0.276  8.379 0.0000000000
89890  -53.730  0.548  8.936 0.0000000000
89891  -54.585  1.036  9.348 0.0000000000
89898  -50.318  -0.086  6.849 0.0000000000
89899  -51.164  0.525  7.143 0.0000000000
89900  -52.227  0.864  7.734 0.0000000000
89908  -49.395  0.164  5.856 0.0000000000
89909  -50.236  0.602  6.336 0.0000000000
89910  -50.927  1.282  6.619 0.0000000000
89916  -48.561  -0.100  4.944 0.0000000000
89917  -49.137  0.596  5.159 0.0000000000
89923  -48.593  0.565  4.305 0.0000000000
89924  -49.151  1.277  4.582 0.0000000000
90952  -53.052  1.041  8.337 0.0000000000
90953  -53.910  1.612  8.639 0.0000000000
90963  -51.686  1.524  7.160 0.0000000000
90964  -52.802  1.796  7.714 0.0000000000
90965  -53.570  2.397  8.054 0.0000000000
90974  -49.768  0.919  5.702 0.0000000000
90975  -50.427  1.603  5.952 0.0000000000
90976  -51.273  2.054  6.469 0.0000000000
90984  -49.719  1.609  5.180 0.0000000000
90985  -50.343  2.211  5.432 0.0000000000
90992  -48.880  1.524  3.883 0.0000000000
90993  -49.459  2.104  4.298 0.0000000000
90999  -48.712  1.987  3.026 0.0000000000
91000  -49.124  2.178  3.606 0.0000000000
92149  -52.084  2.388  6.985 0.0000000000
92150  -52.931  2.858  7.373 0.0000000000
92160  -50.878  2.492  5.896 0.0000000000
92161  -51.655  3.049  6.354 0.0000000000
92162  -52.317  2.999  6.842 0.0000000000
92171  -50.034  2.455  4.880 0.0000000000
92172  -50.629  3.015  5.277 0.0000000000
92173  -51.109  3.040  5.810 0.0000000000
92180  -49.840  3.018  4.292 0.0000000000
92181  -50.226  2.971  4.740 0.0000000000
92187  -49.033  2.574  3.197 0.0000000000
92188  -49.371  2.836  3.602 0.0000000000
92194  -49.114  2.955  3.104 0.0000000000
93217  -51.915  3.952  6.210 0.0000000000
93226  -50.941  3.824  5.079 0.0000000000
93227  -51.343  3.686  5.674 0.0000000000
93234  -50.033  3.488  4.094 0.0000000000
93235  -50.407  3.594  4.482 0.0000000000
93242  -49.814  3.695  3.590 0.0000000000
93243  -50.161  3.750  3.968 0.0000000000
93250  -48.989  3.967  2.350 0.0000000000
93251  -49.275  3.478  2.991 0.0000000000
94278  -51.333  4.324  5.252 0.0000000000
94279  -51.946  4.719  5.630 0.0000000000
94288  -51.053  4.622  4.660 0.0000000000
94289  -51.518  4.799  5.114 0.0000000000
94297  -49.937  4.294  3.311 0.0000000000
94298  -50.346  4.384  3.764 0.0000000000
94307  -49.177  4.440  2.187 0.0000000000
94308  -49.623  4.507  2.720 0.0000000000
94309  -50.037  4.625  3.185 0.0000000000
94317  -49.347  4.828  1.883 0.0000000000
95473  -52.161  5.283  5.400 0.0000000000
95483  -51.259  5.182  4.547 0.0000000000
95484  -51.811  5.558  4.877 0.0000000000
95491  -50.966  5.375  4.098 0.0000000000
95492  -51.453  6.131  4.125 0.0000000000
95498  -49.888  5.064  2.604 0.0000000000
95499  -50.281  5.353  2.984 0.0000000000
95504  -49.777  5.377  2.163 0.0000000000
95505  -50.199  6.108  2.274 0.0000000000
96730  -50.992  6.275  3.499 0.0000000000
