#!ascii label  , from subject ab_data vox2ras=TkReg
318
106339  -14.144  15.692  -16.464 0.0000000000
106340  -14.921  15.550  -16.736 0.0000000000
106352  -13.470  15.856  -16.574 0.0000000000
106353  -14.118  15.845  -16.594 0.0000000000
106354  -14.789  15.595  -16.677 0.0000000000
106358  -9.335  16.190  -16.321 0.0000000000
106359  -9.956  16.242  -16.309 0.0000000000
106360  -11.037  16.166  -16.626 0.0000000000
106361  -12.365  16.069  -16.627 0.0000000000
106362  -13.261  15.989  -16.609 0.0000000000
106363  -13.766  15.955  -16.610 0.0000000000
107322  -15.870  15.107  -17.246 0.0000000000
107323  -16.794  14.981  -17.449 0.0000000000
107324  -17.378  14.961  -17.273 0.0000000000
107332  -6.923  15.618  -15.758 0.0000000000
107333  -8.797  16.437  -16.495 0.0000000000
107334  -9.034  16.245  -16.361 0.0000000000
107335  -14.710  15.812  -16.755 0.0000000000
107336  -15.456  15.482  -17.042 0.0000000000
107337  -16.470  15.012  -17.628 0.0000000000
107338  -17.384  14.983  -17.514 0.0000000000
107339  -17.857  15.394  -16.978 0.0000000000
107344  -7.077  16.240  -16.021 0.0000000000
107345  -8.416  16.801  -16.846 0.0000000000
107346  -9.146  16.485  -16.464 0.0000000000
107347  -10.303  16.429  -16.368 0.0000000000
107348  -11.502  16.329  -16.592 0.0000000000
107349  -12.558  16.265  -16.564 0.0000000000
107350  -13.386  16.232  -16.539 0.0000000000
107351  -14.178  16.129  -16.673 0.0000000000
107352  -15.106  15.937  -16.966 0.0000000000
107353  -16.057  15.504  -17.814 0.0000000000
107354  -17.343  15.155  -18.248 0.0000000000
107355  -18.328  15.250  -17.599 0.0000000000
107359  -16.673  15.653  -18.345 0.0000000000
108276  -18.300  17.071  -14.731 0.0000000000
108284  -17.991  16.753  -15.729 0.0000000000
108285  -18.376  16.973  -15.725 0.0000000000
108291  -6.072  16.250  -15.813 0.0000000000
108292  -10.775  17.174  -16.118 0.0000000000
108293  -11.392  17.048  -16.063 0.0000000000
108294  -12.352  17.032  -16.064 0.0000000000
108295  -13.114  17.067  -16.064 0.0000000000
108296  -17.981  16.341  -16.677 0.0000000000
108297  -18.414  16.661  -16.882 0.0000000000
108302  -5.969  17.755  -16.967 0.0000000000
108303  -6.406  17.527  -16.891 0.0000000000
108304  -7.458  17.284  -16.940 0.0000000000
108305  -8.387  17.068  -16.955 0.0000000000
108306  -9.424  16.932  -16.584 0.0000000000
108307  -10.666  16.858  -16.330 0.0000000000
108308  -11.923  16.687  -16.455 0.0000000000
108309  -12.853  16.609  -16.340 0.0000000000
108310  -13.745  16.666  -16.439 0.0000000000
108311  -14.591  16.455  -16.687 0.0000000000
108312  -15.527  16.301  -17.205 0.0000000000
108313  -16.034  16.687  -17.735 0.0000000000
108316  -16.320  16.032  -18.011 0.0000000000
108317  -17.248  16.373  -18.396 0.0000000000
109182  -5.511  18.129  -16.911 0.0000000000
109184  -8.812  17.817  -15.938 0.0000000000
109185  -9.763  17.798  -15.990 0.0000000000
109186  -10.684  17.615  -15.770 0.0000000000
109187  -11.840  17.433  -15.469 0.0000000000
109188  -12.865  17.398  -15.500 0.0000000000
109189  -13.948  17.250  -16.047 0.0000000000
109190  -15.030  17.307  -16.165 0.0000000000
109191  -16.262  17.493  -16.681 0.0000000000
109192  -17.208  17.755  -16.523 0.0000000000
109193  -18.792  17.179  -15.905 0.0000000000
109199  -5.962  17.837  -17.227 0.0000000000
109200  -6.600  17.675  -16.828 0.0000000000
109201  -7.471  17.594  -16.567 0.0000000000
109202  -8.557  17.424  -16.502 0.0000000000
109203  -9.583  17.380  -16.317 0.0000000000
109204  -10.305  17.359  -16.166 0.0000000000
109205  -14.233  16.841  -16.505 0.0000000000
109206  -14.774  16.838  -16.593 0.0000000000
109207  -15.520  16.881  -16.881 0.0000000000
109212  -5.949  17.774  -17.585 0.0000000000
109213  -6.149  17.923  -17.268 0.0000000000
110004  -1.728  18.578  -10.503 0.0000000000
110005  -2.116  19.081  -10.961 0.0000000000
110015  -2.223  18.502  -11.393 0.0000000000
110024  -2.778  18.457  -12.218 0.0000000000
110025  -3.245  18.450  -12.858 0.0000000000
110038  -3.946  18.694  -13.688 0.0000000000
110050  -5.327  19.981  -15.113 0.0000000000
110067  -5.177  19.564  -15.655 0.0000000000
110068  -5.167  19.000  -16.323 0.0000000000
110069  -6.678  18.899  -16.394 0.0000000000
110072  -9.216  17.957  -15.298 0.0000000000
110074  -12.046  17.774  -14.955 0.0000000000
110075  -12.391  17.620  -15.114 0.0000000000
110076  -16.179  18.167  -15.611 0.0000000000
110077  -16.924  18.349  -15.675 0.0000000000
110078  -17.585  18.806  -15.980 0.0000000000
110086  -4.782  18.925  -17.193 0.0000000000
110087  -5.129  18.505  -17.044 0.0000000000
110088  -6.487  18.369  -16.824 0.0000000000
110089  -6.860  18.027  -16.561 0.0000000000
110090  -17.620  18.151  -16.427 0.0000000000
110097  -4.759  18.409  -17.689 0.0000000000
110098  -5.610  17.771  -18.022 0.0000000000
110099  -6.113  18.076  -17.577 0.0000000000
110105  -4.730  18.149  -18.577 0.0000000000
110106  -5.480  17.945  -19.216 0.0000000000
110113  -3.911  18.709  -19.862 0.0000000000
110114  -4.521  18.349  -19.705 0.0000000000
110925  -1.017  19.992  -7.520 0.0000000000
110926  -1.141  19.551  -8.087 0.0000000000
110937  -1.342  19.541  -9.036 0.0000000000
110947  -1.643  19.538  -9.901 0.0000000000
110948  -2.032  19.644  -10.632 0.0000000000
110958  -2.450  19.628  -11.277 0.0000000000
110959  -2.898  19.891  -11.790 0.0000000000
110968  -2.743  19.191  -11.817 0.0000000000
110969  -3.278  19.505  -12.414 0.0000000000
110970  -3.843  19.866  -12.973 0.0000000000
110981  -3.713  19.062  -13.161 0.0000000000
110982  -5.426  20.704  -14.620 0.0000000000
110983  -5.507  20.747  -14.857 0.0000000000
110999  -5.267  20.067  -15.365 0.0000000000
111000  -5.357  20.604  -15.370 0.0000000000
111019  -5.149  19.524  -15.900 0.0000000000
111020  -5.040  19.752  -16.123 0.0000000000
111024  -17.058  19.485  -15.550 0.0000000000
111032  -4.494  19.607  -17.270 0.0000000000
111033  -4.759  19.426  -16.783 0.0000000000
111034  -6.562  19.172  -16.672 0.0000000000
111043  -4.305  19.181  -18.036 0.0000000000
111044  -6.055  18.493  -18.062 0.0000000000
111045  -6.332  18.966  -17.324 0.0000000000
111052  -3.732  19.586  -19.193 0.0000000000
111053  -4.116  19.130  -18.803 0.0000000000
111054  -6.014  18.279  -18.764 0.0000000000
111064  -3.593  19.352  -19.933 0.0000000000
111065  -3.921  18.954  -19.467 0.0000000000
111900  -0.895  20.670  -7.305 0.0000000000
111907  -1.076  20.574  -7.962 0.0000000000
111908  -1.300  20.529  -8.680 0.0000000000
111915  -1.582  20.509  -9.476 0.0000000000
111921  -1.919  20.517  -10.211 0.0000000000
111922  -2.309  20.544  -10.865 0.0000000000
111929  -2.737  20.588  -11.449 0.0000000000
111930  -3.178  20.572  -12.005 0.0000000000
111937  -3.651  20.578  -12.558 0.0000000000
111938  -5.308  21.683  -13.838 0.0000000000
111947  -5.458  21.425  -14.273 0.0000000000
111948  -5.604  21.315  -14.813 0.0000000000
111965  -5.484  21.254  -15.347 0.0000000000
111984  -5.176  20.785  -15.828 0.0000000000
111995  -4.371  20.516  -17.113 0.0000000000
111996  -4.685  20.615  -16.473 0.0000000000
112006  -3.829  20.495  -18.124 0.0000000000
112007  -4.029  20.400  -17.770 0.0000000000
112008  -6.086  18.861  -18.444 0.0000000000
112018  -3.747  20.234  -18.511 0.0000000000
112019  -3.984  19.713  -18.244 0.0000000000
112031  -3.510  20.377  -19.375 0.0000000000
112816  -0.957  21.239  -7.680 0.0000000000
112817  -1.178  21.536  -8.258 0.0000000000
112820  -1.501  21.481  -9.073 0.0000000000
112825  -1.810  21.432  -9.811 0.0000000000
112826  -2.145  21.424  -10.468 0.0000000000
112833  -2.534  21.463  -11.082 0.0000000000
112834  -2.964  21.442  -11.664 0.0000000000
112840  -3.406  21.442  -12.205 0.0000000000
112841  -4.729  22.619  -13.320 0.0000000000
112848  -5.185  22.297  -13.659 0.0000000000
112849  -5.537  22.149  -14.216 0.0000000000
112861  -5.788  22.026  -14.977 0.0000000000
112876  -5.337  21.726  -15.801 0.0000000000
112890  -4.394  21.432  -17.057 0.0000000000
112891  -4.934  21.793  -16.475 0.0000000000
112905  -3.786  20.839  -18.159 0.0000000000
112906  -4.099  21.612  -17.914 0.0000000000
112919  -3.638  21.409  -18.721 0.0000000000
112920  -4.019  22.026  -18.386 0.0000000000
113688  -0.438  22.534  -6.572 0.0000000000
113692  -0.763  22.593  -7.262 0.0000000000
113693  -1.078  22.582  -7.932 0.0000000000
113698  -1.416  22.497  -8.666 0.0000000000
113701  -1.739  22.374  -9.434 0.0000000000
113705  -2.016  22.235  -10.098 0.0000000000
113706  -2.311  22.299  -10.655 0.0000000000
113712  -2.405  24.351  -12.260 0.0000000000
113713  -3.138  22.121  -11.906 0.0000000000
113718  -2.597  23.989  -12.729 0.0000000000
113719  -3.657  23.488  -13.100 0.0000000000
113720  -4.555  23.124  -13.290 0.0000000000
113726  -5.134  23.015  -13.652 0.0000000000
113727  -5.528  23.015  -14.345 0.0000000000
113740  -5.649  22.915  -15.281 0.0000000000
113755  -5.421  22.850  -16.221 0.0000000000
113769  -4.696  22.536  -17.398 0.0000000000
113770  -4.915  22.394  -16.814 0.0000000000
113784  -4.409  22.533  -18.148 0.0000000000
114546  -0.104  23.421  -6.202 0.0000000000
114548  -0.480  23.489  -6.846 0.0000000000
114554  -1.266  23.494  -8.230 0.0000000000
114560  -1.712  23.515  -9.065 0.0000000000
114561  -1.903  24.077  -9.257 0.0000000000
114565  -1.998  23.035  -9.862 0.0000000000
114566  -2.043  23.874  -9.698 0.0000000000
114570  -2.155  22.757  -10.305 0.0000000000
114571  -2.489  24.959  -11.860 0.0000000000
114574  -2.452  24.548  -12.371 0.0000000000
114577  -2.745  24.058  -13.008 0.0000000000
114578  -3.780  23.883  -13.343 0.0000000000
114579  -4.581  23.478  -13.451 0.0000000000
114585  -3.968  24.216  -13.664 0.0000000000
114586  -4.785  23.922  -13.768 0.0000000000
114587  -5.413  23.926  -14.629 0.0000000000
114597  -5.461  23.908  -15.529 0.0000000000
114609  -5.355  23.931  -16.182 0.0000000000
114623  -5.239  23.410  -16.898 0.0000000000
115568  -1.454  24.465  -8.483 0.0000000000
115569  -1.781  24.302  -8.986 0.0000000000
115573  -1.730  24.848  -8.866 0.0000000000
115574  -1.977  24.643  -9.358 0.0000000000
115578  -2.588  25.827  -11.178 0.0000000000
115582  -2.551  25.404  -11.792 0.0000000000
115586  -2.487  24.984  -12.637 0.0000000000
115587  -2.788  24.334  -13.296 0.0000000000
115591  -2.535  24.985  -13.381 0.0000000000
115592  -3.201  24.445  -13.772 0.0000000000
115593  -4.031  24.542  -14.029 0.0000000000
115594  -4.732  24.488  -14.352 0.0000000000
115601  -2.621  24.999  -14.020 0.0000000000
115602  -3.228  24.890  -14.369 0.0000000000
115603  -4.068  24.977  -14.685 0.0000000000
115604  -4.959  24.645  -14.990 0.0000000000
115613  -4.403  25.104  -15.231 0.0000000000
115614  -5.069  24.794  -15.679 0.0000000000
116490  -1.105  25.137  -8.034 0.0000000000
116495  -2.270  27.518  -8.972 0.0000000000
116496  -2.481  27.316  -9.384 0.0000000000
116499  -1.846  25.301  -9.064 0.0000000000
116500  -2.727  26.779  -10.222 0.0000000000
116503  -2.621  26.348  -11.040 0.0000000000
116506  -2.617  26.056  -11.903 0.0000000000
116509  -2.497  25.869  -12.814 0.0000000000
116512  -2.465  25.738  -13.691 0.0000000000
116518  -2.695  25.592  -14.515 0.0000000000
116519  -3.264  25.314  -14.923 0.0000000000
116520  -3.796  25.317  -15.188 0.0000000000
116527  -2.905  25.751  -15.115 0.0000000000
116528  -3.343  25.684  -15.336 0.0000000000
116529  -4.181  25.560  -15.632 0.0000000000
116530  -4.958  25.271  -16.044 0.0000000000
117368  -2.085  27.921  -8.796 0.0000000000
117369  -2.297  27.713  -9.041 0.0000000000
117370  -2.564  27.470  -9.587 0.0000000000
117373  -2.736  27.220  -10.312 0.0000000000
117376  -2.700  27.024  -11.165 0.0000000000
117379  -2.624  26.875  -12.159 0.0000000000
117382  -2.460  26.702  -13.202 0.0000000000
117385  -2.568  26.436  -14.120 0.0000000000
117387  -2.832  26.320  -14.965 0.0000000000
117388  -3.218  26.545  -15.148 0.0000000000
117395  -2.992  25.980  -15.358 0.0000000000
117396  -3.448  26.224  -15.489 0.0000000000
117397  -4.195  26.193  -15.931 0.0000000000
118178  -1.773  28.381  -8.694 0.0000000000
118180  -2.336  28.084  -9.183 0.0000000000
118183  -2.656  27.970  -9.725 0.0000000000
118185  -2.801  27.948  -10.491 0.0000000000
118186  -2.756  28.216  -10.791 0.0000000000
118188  -2.661  27.843  -11.321 0.0000000000
118189  -2.790  28.091  -10.974 0.0000000000
118191  -2.358  27.858  -12.546 0.0000000000
118193  -2.690  27.476  -13.742 0.0000000000
118194  -3.656  27.815  -13.907 0.0000000000
118195  -4.299  28.043  -13.915 0.0000000000
118197  -2.829  26.776  -14.385 0.0000000000
118198  -3.415  26.955  -14.656 0.0000000000
118199  -4.638  27.696  -14.442 0.0000000000
118200  -5.371  28.007  -14.622 0.0000000000
118205  -3.520  26.622  -15.215 0.0000000000
118206  -4.255  26.826  -15.435 0.0000000000
118983  -2.586  28.771  -9.852 0.0000000000
118985  -2.700  28.723  -10.639 0.0000000000
118986  -2.727  28.371  -10.972 0.0000000000
118988  -2.493  28.617  -11.462 0.0000000000
118989  -2.679  28.221  -11.149 0.0000000000
118991  -2.033  28.840  -12.408 0.0000000000
118994  -2.169  28.652  -13.158 0.0000000000
118995  -2.903  28.601  -13.533 0.0000000000
118996  -4.013  28.669  -13.666 0.0000000000
118997  -4.996  28.920  -13.627 0.0000000000
118998  -5.638  29.077  -13.639 0.0000000000
119006  -4.763  28.315  -13.900 0.0000000000
119007  -5.616  28.557  -14.048 0.0000000000
119008  -5.947  29.041  -13.715 0.0000000000
119774  -2.680  29.596  -10.988 0.0000000000
119801  -3.242  29.587  -13.505 0.0000000000
119802  -4.322  29.623  -13.467 0.0000000000
119803  -5.272  29.630  -13.486 0.0000000000
148685  -18.327  17.622  -18.320 0.0000000000
148686  -18.209  17.130  -18.462 0.0000000000
148687  -18.395  15.262  -18.287 0.0000000000
148688  -18.970  17.438  -18.593 0.0000000000
148689  -18.996  18.275  -18.540 0.0000000000
148690  -18.063  17.427  -18.313 0.0000000000
148691  -18.287  15.053  -18.335 0.0000000000
148692  -18.613  15.512  -18.235 0.0000000000
148693  -19.360  17.379  -18.375 0.0000000000
148694  -18.109  17.804  -18.026 0.0000000000
148695  -18.217  15.490  -18.471 0.0000000000
148696  -18.853  15.894  -18.210 0.0000000000
148697  -18.813  16.036  -17.810 0.0000000000
148698  -19.010  16.633  -18.401 0.0000000000
148699  -17.731  17.628  -17.748 0.0000000000
148700  -18.113  18.706  -16.841 0.0000000000
148701  -18.341  19.162  -17.227 0.0000000000
148704  -18.366  18.245  -17.848 0.0000000000
148705  -18.421  18.797  -17.424 0.0000000000
