#!ascii label  , from subject ab_data vox2ras=TkReg
1569
90928  -39.711  1.321  10.506 0.0000000000
90929  -39.628  1.719  10.010 0.0000000000
90934  -39.701  1.247  9.549 0.0000000000
90935  -39.637  1.823  9.751 0.0000000000
90940  -39.908  1.220  8.815 0.0000000000
90941  -41.558  1.388  9.218 0.0000000000
90949  -40.397  1.278  8.446 0.0000000000
90950  -40.911  1.451  8.329 0.0000000000
90951  -41.296  1.812  8.523 0.0000000000
92105  -39.613  2.225  10.215 0.0000000000
92106  -39.603  1.945  10.024 0.0000000000
92116  -39.751  2.083  9.372 0.0000000000
92117  -39.622  2.064  9.810 0.0000000000
92118  -41.871  2.348  10.024 0.0000000000
92119  -42.035  2.868  10.027 0.0000000000
92126  -40.152  2.015  8.614 0.0000000000
92127  -41.716  2.464  8.974 0.0000000000
92128  -41.977  2.874  9.640 0.0000000000
92137  -40.624  2.134  8.296 0.0000000000
92138  -41.103  2.616  8.118 0.0000000000
92139  -41.392  2.709  8.331 0.0000000000
92147  -41.276  3.259  7.822 0.0000000000
92148  -41.334  3.118  8.007 0.0000000000
93163  -39.398  3.208  10.773 0.0000000000
93164  -42.040  3.095  10.919 0.0000000000
93165  -42.062  3.592  10.856 0.0000000000
93174  -39.603  3.048  9.741 0.0000000000
93175  -42.044  2.919  10.288 0.0000000000
93176  -42.128  3.397  10.243 0.0000000000
93181  -40.002  3.002  8.757 0.0000000000
93182  -40.400  3.577  8.393 0.0000000000
93183  -41.714  3.071  8.492 0.0000000000
93184  -42.147  3.384  9.141 0.0000000000
93192  -40.380  2.548  8.393 0.0000000000
93193  -40.705  3.188  8.024 0.0000000000
93194  -41.593  3.292  8.010 0.0000000000
93195  -42.072  3.579  8.209 0.0000000000
93204  -41.211  3.534  7.573 0.0000000000
93205  -41.517  3.602  7.552 0.0000000000
93206  -41.855  3.718  7.637 0.0000000000
94219  -42.015  3.655  11.116 0.0000000000
94220  -42.124  4.207  11.170 0.0000000000
94229  -39.691  4.105  10.156 0.0000000000
94230  -40.132  4.638  9.791 0.0000000000
94231  -42.441  4.320  10.048 0.0000000000
94235  -39.863  3.558  9.411 0.0000000000
94236  -40.256  4.114  9.027 0.0000000000
94237  -42.591  4.387  8.812 0.0000000000
94242  -40.616  4.147  7.926 0.0000000000
94243  -42.273  4.190  7.700 0.0000000000
94250  -41.045  4.249  7.014 0.0000000000
94251  -41.477  4.164  6.911 0.0000000000
94252  -41.926  4.199  7.027 0.0000000000
94262  -41.090  4.716  6.394 0.0000000000
94263  -41.392  4.637  6.223 0.0000000000
94264  -41.735  4.464  6.179 0.0000000000
94276  -41.542  4.808  5.857 0.0000000000
94277  -41.627  4.616  5.982 0.0000000000
95410  -42.593  5.181  11.049 0.0000000000
95423  -42.940  5.444  9.962 0.0000000000
95424  -43.279  6.113  9.928 0.0000000000
95429  -40.464  5.161  9.431 0.0000000000
95430  -43.034  5.270  8.906 0.0000000000
95431  -43.387  5.924  9.325 0.0000000000
95437  -40.654  4.975  8.380 0.0000000000
95438  -42.592  5.074  8.040 0.0000000000
95439  -43.266  5.792  8.400 0.0000000000
95446  -40.823  5.046  7.150 0.0000000000
95447  -41.084  5.593  6.670 0.0000000000
95448  -42.395  4.861  7.017 0.0000000000
95449  -42.987  5.689  7.368 0.0000000000
95457  -40.961  4.728  6.591 0.0000000000
95458  -41.141  5.169  6.187 0.0000000000
95459  -42.202  4.783  6.152 0.0000000000
95460  -42.755  5.555  6.303 0.0000000000
95470  -41.494  5.056  5.809 0.0000000000
95471  -41.819  5.067  5.696 0.0000000000
95472  -42.392  5.495  5.651 0.0000000000
96658  -42.783  5.954  11.028 0.0000000000
96659  -43.231  6.470  10.640 0.0000000000
96663  -40.723  6.248  9.955 0.0000000000
96664  -41.107  6.668  9.185 0.0000000000
96665  -43.564  6.614  9.809 0.0000000000
96671  -40.859  5.851  8.886 0.0000000000
96672  -41.147  6.495  8.355 0.0000000000
96673  -43.791  6.566  8.869 0.0000000000
96674  -44.130  6.937  8.239 0.0000000000
96682  -40.896  5.692  7.988 0.0000000000
96683  -41.150  6.201  7.308 0.0000000000
96684  -43.688  6.368  7.850 0.0000000000
96685  -44.254  6.960  7.491 0.0000000000
96695  -41.409  6.210  6.305 0.0000000000
96696  -43.624  6.425  6.704 0.0000000000
96697  -44.359  7.143  6.754 0.0000000000
96706  -41.716  6.042  5.383 0.0000000000
96707  -42.245  6.059  5.141 0.0000000000
96708  -43.136  6.420  5.390 0.0000000000
96719  -42.112  6.752  4.578 0.0000000000
96720  -42.645  6.903  4.507 0.0000000000
96721  -43.270  7.190  4.592 0.0000000000
97750  -32.843  7.907  15.581 0.0000000000
97751  -33.673  7.804  15.425 0.0000000000
97752  -34.667  7.686  15.401 0.0000000000
97821  -43.800  7.263  10.531 0.0000000000
97822  -44.446  7.894  10.189 0.0000000000
97826  -41.016  7.458  9.757 0.0000000000
97827  -41.307  7.413  8.827 0.0000000000
97828  -44.000  7.271  9.556 0.0000000000
97829  -44.580  7.792  9.161 0.0000000000
97833  -41.324  7.287  7.949 0.0000000000
97834  -44.203  7.253  8.798 0.0000000000
97835  -44.668  7.624  8.150 0.0000000000
97836  -45.160  8.022  7.628 0.0000000000
97844  -41.440  7.312  6.920 0.0000000000
97845  -44.804  7.576  7.239 0.0000000000
97846  -45.394  8.089  7.017 0.0000000000
97852  -41.681  7.440  5.612 0.0000000000
97853  -44.118  7.158  5.957 0.0000000000
97854  -44.918  7.751  6.397 0.0000000000
97855  -45.520  8.231  6.401 0.0000000000
97864  -41.853  7.363  4.459 0.0000000000
97865  -43.865  7.448  5.094 0.0000000000
97866  -44.698  8.030  5.513 0.0000000000
97867  -45.376  8.233  5.896 0.0000000000
97879  -42.404  7.733  3.857 0.0000000000
97880  -43.046  7.573  3.970 0.0000000000
97881  -43.692  7.955  4.366 0.0000000000
97882  -44.301  8.139  4.855 0.0000000000
97892  -42.671  8.357  3.465 0.0000000000
97893  -42.969  8.172  3.548 0.0000000000
97894  -43.377  8.156  3.833 0.0000000000
98967  -32.247  8.287  15.484 0.0000000000
98977  -31.914  8.777  15.258 0.0000000000
98978  -32.776  8.701  14.704 0.0000000000
98979  -34.144  8.284  14.751 0.0000000000
98980  -35.171  8.157  14.851 0.0000000000
98981  -35.725  7.977  14.830 0.0000000000
98990  -33.250  9.264  14.122 0.0000000000
98991  -33.852  8.969  14.146 0.0000000000
98992  -34.826  8.725  14.244 0.0000000000
98993  -36.009  8.576  14.209 0.0000000000
99003  -36.304  9.103  13.458 0.0000000000
99038  -45.141  8.394  9.640 0.0000000000
99044  -41.062  8.549  9.030 0.0000000000
99045  -41.355  7.944  8.437 0.0000000000
99046  -45.196  8.233  8.608 0.0000000000
99047  -45.819  8.830  8.924 0.0000000000
99050  -41.048  9.021  8.326 0.0000000000
99051  -41.315  8.407  7.835 0.0000000000
99052  -45.196  8.138  8.027 0.0000000000
99053  -45.903  8.554  7.745 0.0000000000
99054  -46.545  9.013  7.384 0.0000000000
99062  -41.505  8.474  6.551 0.0000000000
99063  -45.966  8.514  6.694 0.0000000000
99064  -46.479  8.928  6.872 0.0000000000
99071  -41.599  8.658  5.495 0.0000000000
99072  -45.919  8.537  5.989 0.0000000000
99073  -46.387  8.947  6.170 0.0000000000
99081  -41.727  8.391  4.553 0.0000000000
99082  -44.819  8.537  4.961 0.0000000000
99083  -45.600  8.843  5.279 0.0000000000
99084  -46.171  8.951  5.730 0.0000000000
99094  -41.927  8.456  3.692 0.0000000000
99095  -43.764  8.503  3.991 0.0000000000
99096  -44.406  8.808  4.365 0.0000000000
99097  -45.053  8.866  4.774 0.0000000000
99108  -42.468  8.736  3.333 0.0000000000
99109  -42.983  8.809  3.186 0.0000000000
99110  -43.513  8.767  3.570 0.0000000000
99111  -43.938  8.850  3.897 0.0000000000
100166  -31.705  9.616  15.152 0.0000000000
100167  -32.207  9.760  14.537 0.0000000000
100177  -32.781  9.703  14.080 0.0000000000
100178  -33.635  9.807  13.624 0.0000000000
100179  -34.590  9.316  13.651 0.0000000000
100180  -35.239  9.033  13.783 0.0000000000
100186  -33.991  10.337  13.248 0.0000000000
100187  -34.500  9.996  13.193 0.0000000000
100188  -35.588  9.604  13.061 0.0000000000
100189  -36.700  9.320  12.941 0.0000000000
100196  -35.919  10.202  12.455 0.0000000000
100197  -36.526  9.918  12.153 0.0000000000
100204  -36.761  10.195  11.540 0.0000000000
100205  -37.302  9.877  11.203 0.0000000000
100218  -37.531  10.203  10.515 0.0000000000
100219  -38.202  9.869  10.196 0.0000000000
100222  -46.290  9.278  9.343 0.0000000000
100228  -38.449  10.104  9.410 0.0000000000
100229  -39.194  9.854  9.216 0.0000000000
100230  -40.170  9.205  9.698 0.0000000000
100231  -46.366  9.190  8.690 0.0000000000
100232  -46.841  9.577  8.939 0.0000000000
100237  -39.565  10.093  8.443 0.0000000000
100238  -40.446  9.687  8.274 0.0000000000
100239  -41.068  9.170  7.980 0.0000000000
100240  -46.232  8.926  8.331 0.0000000000
100241  -46.761  9.285  7.952 0.0000000000
100242  -47.512  9.977  8.298 0.0000000000
100246  -40.795  10.117  6.990 0.0000000000
100247  -41.193  9.327  7.330 0.0000000000
100248  -46.970  9.387  7.012 0.0000000000
100249  -47.523  9.979  7.269 0.0000000000
100252  -40.853  10.245  6.332 0.0000000000
100253  -41.278  9.640  6.082 0.0000000000
100254  -46.840  9.440  6.310 0.0000000000
100255  -47.360  9.989  6.419 0.0000000000
100259  -41.489  9.406  4.834 0.0000000000
100260  -45.944  9.791  4.969 0.0000000000
100261  -46.563  9.610  5.622 0.0000000000
100262  -47.082  9.890  5.961 0.0000000000
100267  -41.683  9.385  3.824 0.0000000000
100268  -44.753  9.668  4.156 0.0000000000
100269  -45.231  9.340  4.630 0.0000000000
100278  -42.175  9.684  3.070 0.0000000000
100279  -42.802  9.499  2.960 0.0000000000
100280  -43.496  9.716  3.236 0.0000000000
100281  -44.095  9.316  3.761 0.0000000000
100293  -42.358  10.339  2.744 0.0000000000
100294  -42.694  10.176  2.763 0.0000000000
100295  -43.072  10.025  2.843 0.0000000000
101380  -31.799  10.524  14.819 0.0000000000
101395  -32.265  10.514  14.241 0.0000000000
101396  -32.851  10.566  13.737 0.0000000000
101410  -33.508  10.783  13.318 0.0000000000
101411  -34.302  10.855  12.832 0.0000000000
101412  -34.957  10.314  12.862 0.0000000000
101425  -34.580  11.317  12.397 0.0000000000
101426  -35.399  10.869  12.318 0.0000000000
101427  -36.092  10.451  12.178 0.0000000000
101438  -35.816  11.258  11.678 0.0000000000
101439  -36.371  10.747  11.577 0.0000000000
101440  -36.867  10.378  11.239 0.0000000000
101452  -36.494  11.233  10.956 0.0000000000
101453  -37.046  10.816  10.638 0.0000000000
101454  -37.642  10.460  10.079 0.0000000000
101455  -42.490  11.018  10.671 0.0000000000
101456  -43.230  10.773  10.741 0.0000000000
101457  -44.077  10.840  10.702 0.0000000000
101467  -37.417  10.992  9.665 0.0000000000
101468  -37.947  10.471  9.335 0.0000000000
101469  -38.494  10.293  8.898 0.0000000000
101470  -42.863  10.846  10.112 0.0000000000
101471  -43.555  10.721  9.965 0.0000000000
101472  -44.414  10.809  9.752 0.0000000000
101479  -37.545  11.092  8.873 0.0000000000
101480  -38.083  10.859  8.351 0.0000000000
101481  -38.936  10.414  8.251 0.0000000000
101482  -39.646  10.317  7.942 0.0000000000
101483  -42.962  10.836  9.389 0.0000000000
101484  -43.773  10.599  9.045 0.0000000000
101485  -44.745  10.775  8.603 0.0000000000
101486  -45.391  11.068  7.833 0.0000000000
101487  -48.196  10.460  8.756 0.0000000000
101488  -48.954  11.170  8.225 0.0000000000
101489  -49.724  11.668  8.376 0.0000000000
101492  -38.562  10.993  7.675 0.0000000000
101493  -39.230  10.847  7.359 0.0000000000
101494  -40.040  10.480  7.299 0.0000000000
101495  -43.080  10.808  8.487 0.0000000000
101496  -43.893  10.468  7.988 0.0000000000
101497  -44.751  10.700  7.419 0.0000000000
101498  -45.608  11.001  6.890 0.0000000000
101499  -48.240  10.594  7.629 0.0000000000
101500  -48.817  11.369  7.123 0.0000000000
101503  -39.671  10.995  6.754 0.0000000000
101504  -40.309  10.717  6.306 0.0000000000
101505  -40.862  10.346  5.873 0.0000000000
101506  -43.135  10.788  7.483 0.0000000000
101507  -43.957  10.593  6.890 0.0000000000
101508  -44.860  10.650  6.319 0.0000000000
101509  -45.850  10.759  5.851 0.0000000000
101510  -46.389  10.803  5.508 0.0000000000
101511  -48.067  10.791  6.579 0.0000000000
101512  -48.543  11.607  6.632 0.0000000000
101515  -40.591  10.773  5.440 0.0000000000
101516  -41.142  10.243  5.160 0.0000000000
101517  -43.217  10.811  6.514 0.0000000000
101518  -43.932  10.737  5.724 0.0000000000
101519  -44.929  10.558  5.277 0.0000000000
101520  -45.761  10.345  5.100 0.0000000000
101521  -46.611  10.524  5.438 0.0000000000
101522  -47.314  10.587  5.802 0.0000000000
101526  -40.857  10.891  4.553 0.0000000000
101527  -41.363  10.222  4.163 0.0000000000
101528  -44.126  10.676  4.691 0.0000000000
101529  -44.776  10.236  4.381 0.0000000000
101530  -45.380  9.938  4.531 0.0000000000
101534  -41.211  11.004  3.695 0.0000000000
101535  -41.672  10.479  3.175 0.0000000000
101536  -43.830  10.515  3.730 0.0000000000
101537  -44.315  9.971  3.689 0.0000000000
101543  -42.077  10.611  2.623 0.0000000000
101544  -42.545  10.823  2.571 0.0000000000
101545  -43.193  10.705  2.857 0.0000000000
102692  -31.911  11.519  14.647 0.0000000000
102693  -32.408  11.213  14.045 0.0000000000
102706  -32.373  11.926  14.219 0.0000000000
102707  -32.812  11.623  13.588 0.0000000000
102708  -33.461  11.646  12.948 0.0000000000
102720  -33.977  11.755  12.371 0.0000000000
102721  -34.568  11.782  11.937 0.0000000000
102735  -35.288  11.801  11.448 0.0000000000
102736  -36.035  11.511  11.156 0.0000000000
102743  -47.757  11.990  10.900 0.0000000000
102744  -48.733  12.365  10.960 0.0000000000
102749  -35.647  12.094  10.732 0.0000000000
102750  -36.365  11.798  10.329 0.0000000000
102751  -36.979  11.485  9.874 0.0000000000
102755  -44.943  11.123  10.569 0.0000000000
102756  -45.855  11.428  10.347 0.0000000000
102757  -46.826  11.761  10.000 0.0000000000
102758  -47.717  12.150  9.485 0.0000000000
102761  -51.784  11.788  9.757 0.0000000000
102762  -52.524  11.997  10.186 0.0000000000
102766  -36.625  12.045  9.465 0.0000000000
102767  -37.124  11.595  9.102 0.0000000000
102769  -42.200  11.205  9.817 0.0000000000
102770  -45.270  11.179  9.514 0.0000000000
102771  -46.130  11.530  9.146 0.0000000000
102772  -47.051  11.830  8.693 0.0000000000
102773  -47.844  12.288  8.297 0.0000000000
102775  -51.158  12.131  9.039 0.0000000000
102776  -51.871  12.577  9.256 0.0000000000
102777  -52.256  12.760  9.692 0.0000000000
102781  -36.820  12.211  8.712 0.0000000000
102782  -37.401  11.860  8.035 0.0000000000
102783  -38.095  11.433  7.631 0.0000000000
102784  -41.708  11.669  8.966 0.0000000000
102785  -42.461  11.170  8.940 0.0000000000
102786  -45.556  11.258  8.563 0.0000000000
102787  -46.309  11.535  7.676 0.0000000000
102788  -47.344  12.079  7.514 0.0000000000
102789  -48.026  12.430  7.360 0.0000000000
102790  -49.468  11.856  7.614 0.0000000000
102791  -50.289  12.378  8.294 0.0000000000
102792  -51.334  12.774  8.582 0.0000000000
102793  -51.766  12.955  8.790 0.0000000000
102796  -37.887  11.937  7.249 0.0000000000
102797  -38.636  11.646  6.868 0.0000000000
102798  -39.272  11.295  6.764 0.0000000000
102799  -41.873  11.816  7.764 0.0000000000
102800  -42.438  11.264  8.095 0.0000000000
102801  -46.408  11.275  6.333 0.0000000000
102802  -47.125  11.751  6.581 0.0000000000
102803  -47.782  12.191  6.734 0.0000000000
102804  -49.174  11.984  6.885 0.0000000000
102805  -49.504  12.285  7.657 0.0000000000
102809  -38.880  12.027  6.232 0.0000000000
102810  -39.520  11.613  5.958 0.0000000000
102811  -40.180  11.129  5.702 0.0000000000
102812  -42.004  11.827  6.623 0.0000000000
102813  -42.535  11.259  7.000 0.0000000000
102814  -46.456  11.047  5.756 0.0000000000
102815  -46.977  11.246  5.661 0.0000000000
102816  -47.860  11.579  6.282 0.0000000000
102817  -48.618  11.951  6.546 0.0000000000
102821  -39.807  11.999  4.619 0.0000000000
102822  -40.269  11.380  5.041 0.0000000000
102823  -41.903  11.874  5.556 0.0000000000
102824  -42.767  11.116  5.608 0.0000000000
102825  -43.569  10.838  5.049 0.0000000000
102826  -47.146  10.929  5.476 0.0000000000
102827  -47.346  11.120  5.693 0.0000000000
102831  -40.054  12.185  3.989 0.0000000000
102832  -40.494  11.719  3.880 0.0000000000
102833  -41.856  12.109  4.971 0.0000000000
102834  -42.465  11.699  4.388 0.0000000000
102835  -43.392  11.011  4.391 0.0000000000
102838  -41.295  11.568  2.770 0.0000000000
102839  -41.763  10.998  2.596 0.0000000000
102840  -42.829  11.791  3.235 0.0000000000
102841  -43.271  11.232  3.462 0.0000000000
102846  -41.655  12.028  2.222 0.0000000000
102847  -42.080  11.536  2.291 0.0000000000
102848  -42.716  11.579  2.683 0.0000000000
102849  -43.151  11.361  2.907 0.0000000000
103902  -32.563  12.672  14.058 0.0000000000
103903  -32.992  12.682  13.252 0.0000000000
103904  -33.496  12.406  12.632 0.0000000000
103908  -51.180  13.300  12.912 0.0000000000
103909  -52.852  12.647  12.707 0.0000000000
103913  -33.376  13.129  12.754 0.0000000000
103914  -33.916  12.947  12.030 0.0000000000
103915  -34.586  12.435  11.462 0.0000000000
103917  -49.524  12.574  11.358 0.0000000000
103918  -50.493  13.018  11.815 0.0000000000
103919  -51.447  13.555  11.899 0.0000000000
103920  -53.063  12.501  11.816 0.0000000000
103924  -34.487  13.179  11.363 0.0000000000
103925  -35.019  12.750  10.841 0.0000000000
103927  -48.526  12.373  10.000 0.0000000000
103928  -49.361  12.603  10.333 0.0000000000
103929  -50.159  12.969  10.660 0.0000000000
103930  -50.962  13.418  10.889 0.0000000000
103931  -52.946  12.575  10.923 0.0000000000
103935  -35.633  12.702  9.936 0.0000000000
103936  -36.197  12.342  9.692 0.0000000000
103939  -48.509  12.442  8.882 0.0000000000
103940  -49.272  12.658  9.300 0.0000000000
103941  -49.974  12.978  9.643 0.0000000000
103942  -50.629  13.274  9.876 0.0000000000
103943  -52.551  12.845  10.234 0.0000000000
103948  -35.747  13.141  9.391 0.0000000000
103949  -36.191  12.784  9.040 0.0000000000
103952  -48.541  12.478  7.900 0.0000000000
103953  -49.256  12.622  8.337 0.0000000000
103954  -49.944  13.124  8.692 0.0000000000
103955  -50.373  13.352  9.136 0.0000000000
103956  -51.991  13.092  9.190 0.0000000000
103957  -52.256  13.067  9.765 0.0000000000
103961  -36.828  12.794  7.955 0.0000000000
103962  -37.215  12.458  7.665 0.0000000000
103963  -41.332  12.497  8.542 0.0000000000
103964  -48.547  12.444  7.242 0.0000000000
103965  -49.081  12.470  7.557 0.0000000000
103966  -49.939  12.731  8.134 0.0000000000
103967  -50.874  13.057  8.312 0.0000000000
103968  -51.488  13.147  8.691 0.0000000000
103973  -36.979  13.208  7.379 0.0000000000
103974  -37.443  12.704  7.012 0.0000000000
103975  -38.056  12.209  6.804 0.0000000000
103976  -41.624  12.573  7.471 0.0000000000
103977  -48.274  12.347  6.809 0.0000000000
103978  -48.820  12.292  6.866 0.0000000000
103979  -49.268  12.313  7.370 0.0000000000
103984  -37.874  13.037  6.350 0.0000000000
103985  -38.430  12.656  6.172 0.0000000000
103986  -39.006  12.246  5.920 0.0000000000
103987  -41.657  12.595  6.435 0.0000000000
103988  -48.098  12.130  6.513 0.0000000000
103989  -48.367  12.099  6.536 0.0000000000
103992  -38.744  13.054  5.547 0.0000000000
103993  -39.198  12.664  5.244 0.0000000000
103994  -41.648  12.624  5.482 0.0000000000
103997  -39.769  12.718  3.843 0.0000000000
103998  -40.163  12.287  3.644 0.0000000000
103999  -41.888  12.549  4.618 0.0000000000
104000  -42.288  12.476  3.736 0.0000000000
104003  -39.972  13.006  3.089 0.0000000000
104004  -40.410  12.556  2.959 0.0000000000
104005  -42.616  12.513  2.952 0.0000000000
104009  -41.234  12.584  2.182 0.0000000000
104010  -41.955  12.561  1.976 0.0000000000
104011  -42.341  12.504  2.404 0.0000000000
105012  -52.531  13.420  13.033 0.0000000000
105018  -33.090  13.764  13.264 0.0000000000
105021  -51.915  13.745  12.757 0.0000000000
105022  -52.338  13.643  12.503 0.0000000000
105023  -52.804  13.302  12.180 0.0000000000
105028  -33.511  13.907  12.679 0.0000000000
105029  -33.841  14.130  12.183 0.0000000000
105031  -52.050  13.791  11.959 0.0000000000
105032  -52.443  13.528  11.553 0.0000000000
105033  -52.901  13.145  11.446 0.0000000000
105039  -34.296  14.089  11.625 0.0000000000
105040  -34.781  13.797  10.965 0.0000000000
105042  -51.801  13.578  11.044 0.0000000000
105043  -52.240  13.421  10.776 0.0000000000
105044  -52.644  13.210  10.844 0.0000000000
105049  -35.198  13.564  10.306 0.0000000000
105051  -51.309  13.401  10.023 0.0000000000
105052  -51.883  13.362  10.159 0.0000000000
105053  -52.296  13.233  10.228 0.0000000000
105058  -35.542  13.574  9.666 0.0000000000
105059  -35.924  13.602  9.097 0.0000000000
105061  -41.000  13.303  9.182 0.0000000000
105062  -50.456  13.326  8.681 0.0000000000
105063  -50.884  13.524  9.064 0.0000000000
105064  -51.554  13.350  9.269 0.0000000000
105065  -52.019  13.238  9.684 0.0000000000
105069  -36.353  13.552  8.411 0.0000000000
105070  -41.330  13.382  8.243 0.0000000000
105071  -50.321  13.150  8.414 0.0000000000
105072  -50.637  13.246  8.465 0.0000000000
105073  -51.132  13.376  8.628 0.0000000000
105079  -36.746  13.640  7.691 0.0000000000
105080  -37.152  13.666  6.997 0.0000000000
105081  -41.635  13.413  7.238 0.0000000000
105086  -37.802  13.601  6.295 0.0000000000
105087  -38.116  13.240  6.093 0.0000000000
105088  -41.635  13.435  6.205 0.0000000000
105092  -38.084  13.975  5.862 0.0000000000
105093  -38.515  13.614  5.563 0.0000000000
105094  -38.927  13.258  5.233 0.0000000000
105095  -41.712  13.378  5.170 0.0000000000
105098  -38.895  13.967  5.020 0.0000000000
105099  -39.229  13.608  4.526 0.0000000000
105100  -41.946  13.243  4.245 0.0000000000
105101  -42.266  13.299  3.501 0.0000000000
105105  -39.830  13.649  3.040 0.0000000000
105106  -40.176  13.206  2.745 0.0000000000
105107  -42.479  13.459  2.775 0.0000000000
105111  -40.186  14.134  2.369 0.0000000000
105112  -40.640  13.658  2.053 0.0000000000
105113  -41.611  13.422  1.771 0.0000000000
105114  -42.304  13.608  2.023 0.0000000000
105119  -40.965  14.214  1.559 0.0000000000
105120  -41.377  14.167  1.534 0.0000000000
105121  -42.003  14.148  1.578 0.0000000000
106091  -34.861  14.706  11.313 0.0000000000
106098  -35.369  14.503  10.734 0.0000000000
106099  -35.975  14.662  10.360 0.0000000000
106102  -41.054  14.385  9.920 0.0000000000
106108  -35.547  14.143  10.095 0.0000000000
106109  -35.997  14.314  9.609 0.0000000000
106112  -41.239  14.222  9.113 0.0000000000
106117  -36.356  14.234  8.835 0.0000000000
106118  -37.166  14.603  8.653 0.0000000000
106119  -37.800  14.724  8.205 0.0000000000
106120  -41.705  14.288  8.043 0.0000000000
106121  -42.128  14.738  7.551 0.0000000000
106127  -36.654  14.138  8.178 0.0000000000
106128  -37.252  14.300  7.646 0.0000000000
106129  -38.118  14.729  7.502 0.0000000000
106130  -41.869  14.175  6.970 0.0000000000
106131  -42.357  14.814  6.808 0.0000000000
106137  -37.793  14.296  6.649 0.0000000000
106138  -38.530  14.834  6.722 0.0000000000
106139  -41.969  14.286  5.864 0.0000000000
106140  -42.533  14.974  6.017 0.0000000000
106145  -37.943  14.124  6.073 0.0000000000
106146  -38.535  14.492  5.747 0.0000000000
106147  -39.083  14.894  5.176 0.0000000000
106148  -41.969  14.032  4.671 0.0000000000
106149  -42.420  14.835  5.067 0.0000000000
106154  -38.730  14.143  5.241 0.0000000000
106155  -39.140  14.482  4.729 0.0000000000
106156  -42.090  13.760  4.006 0.0000000000
106157  -42.418  14.423  3.744 0.0000000000
106162  -39.523  14.430  3.601 0.0000000000
106163  -42.622  14.589  2.596 0.0000000000
106169  -39.938  14.567  2.671 0.0000000000
106170  -40.556  14.671  1.936 0.0000000000
106171  -40.942  15.097  1.622 0.0000000000
106172  -42.336  14.815  1.961 0.0000000000
106178  -40.798  14.332  1.686 0.0000000000
106179  -41.185  14.792  1.527 0.0000000000
106180  -41.882  14.891  1.562 0.0000000000
107092  -41.462  15.502  12.062 0.0000000000
107093  -42.080  15.875  11.487 0.0000000000
107102  -41.451  15.370  11.001 0.0000000000
107103  -42.112  15.786  10.583 0.0000000000
107111  -41.482  15.082  9.955 0.0000000000
107112  -42.230  15.654  9.641 0.0000000000
107120  -41.832  15.026  8.942 0.0000000000
107121  -42.622  15.617  8.768 0.0000000000
107122  -43.274  15.909  8.181 0.0000000000
107129  -42.141  15.034  8.193 0.0000000000
107130  -42.694  15.350  7.646 0.0000000000
107131  -43.504  15.911  7.227 0.0000000000
107135  -38.884  15.202  7.484 0.0000000000
107136  -39.639  15.642  7.284 0.0000000000
107137  -40.138  15.859  6.826 0.0000000000
107138  -42.969  15.410  6.599 0.0000000000
107139  -43.733  15.961  6.123 0.0000000000
107145  -39.104  15.225  6.835 0.0000000000
107146  -39.566  15.463  6.479 0.0000000000
107147  -40.239  15.807  6.078 0.0000000000
107148  -43.060  15.478  5.570 0.0000000000
107149  -43.723  16.206  4.986 0.0000000000
107155  -38.963  15.094  6.256 0.0000000000
107156  -39.400  15.255  5.622 0.0000000000
107157  -40.247  15.703  5.039 0.0000000000
107158  -42.964  15.563  4.416 0.0000000000
107159  -43.619  16.444  3.859 0.0000000000
107165  -39.569  15.202  4.718 0.0000000000
107166  -40.266  15.623  4.041 0.0000000000
107167  -43.090  15.529  3.214 0.0000000000
107168  -43.614  16.466  2.745 0.0000000000
107174  -39.673  15.093  3.845 0.0000000000
107175  -40.174  15.631  3.139 0.0000000000
107176  -42.962  15.666  2.293 0.0000000000
107177  -43.343  16.524  1.949 0.0000000000
107182  -39.749  15.083  3.047 0.0000000000
107183  -40.358  15.334  2.410 0.0000000000
107184  -40.883  15.410  1.855 0.0000000000
107185  -42.498  15.912  1.708 0.0000000000
107186  -43.000  16.648  1.715 0.0000000000
107191  -41.309  15.450  1.604 0.0000000000
107192  -41.764  15.501  1.521 0.0000000000
108046  -41.996  17.020  13.036 0.0000000000
108056  -41.693  16.049  12.630 0.0000000000
108057  -42.458  16.564  12.415 0.0000000000
108058  -43.346  17.094  12.328 0.0000000000
108066  -42.867  16.219  11.227 0.0000000000
108067  -43.561  16.778  11.795 0.0000000000
108074  -42.868  16.143  10.140 0.0000000000
108075  -43.844  16.719  10.629 0.0000000000
108076  -44.409  17.201  10.350 0.0000000000
108084  -42.788  15.962  9.452 0.0000000000
108085  -43.528  16.372  9.189 0.0000000000
108086  -44.425  17.076  9.694 0.0000000000
108090  -40.096  16.242  7.869 0.0000000000
108091  -40.605  16.911  8.263 0.0000000000
108092  -44.064  16.389  7.913 0.0000000000
108093  -44.690  16.877  8.591 0.0000000000
108097  -40.203  16.064  7.248 0.0000000000
108098  -40.905  16.616  6.971 0.0000000000
108099  -41.780  17.093  6.738 0.0000000000
108100  -44.414  16.450  6.712 0.0000000000
108101  -45.060  16.905  7.388 0.0000000000
108104  -41.054  16.316  5.475 0.0000000000
108105  -42.076  16.974  5.825 0.0000000000
108106  -42.709  17.445  5.334 0.0000000000
108107  -44.644  16.521  5.481 0.0000000000
108108  -45.603  16.940  6.040 0.0000000000
108109  -46.196  17.341  5.752 0.0000000000
108113  -40.969  16.241  4.306 0.0000000000
108114  -41.806  16.826  4.563 0.0000000000
108115  -42.602  17.332  4.678 0.0000000000
108116  -44.624  16.816  4.354 0.0000000000
108117  -45.513  17.047  4.798 0.0000000000
108118  -46.139  17.396  5.148 0.0000000000
108122  -40.809  16.254  3.289 0.0000000000
108123  -41.655  16.776  3.474 0.0000000000
108124  -42.487  17.275  3.657 0.0000000000
108125  -44.285  17.246  3.539 0.0000000000
108126  -45.402  17.457  4.037 0.0000000000
108127  -46.038  17.511  4.352 0.0000000000
108132  -40.783  16.023  2.479 0.0000000000
108133  -41.564  16.596  2.518 0.0000000000
108134  -42.377  17.205  2.665 0.0000000000
108135  -43.868  17.107  2.417 0.0000000000
108140  -40.852  15.727  2.104 0.0000000000
108141  -41.411  16.053  1.814 0.0000000000
108142  -42.502  16.810  1.790 0.0000000000
108143  -43.341  17.074  1.814 0.0000000000
108150  -41.623  15.793  1.546 0.0000000000
108151  -41.975  16.073  1.490 0.0000000000
108947  -42.331  17.605  13.094 0.0000000000
108956  -43.154  17.729  12.678 0.0000000000
108957  -44.069  17.549  12.182 0.0000000000
108958  -44.807  17.730  11.727 0.0000000000
108964  -44.322  17.274  11.413 0.0000000000
108965  -45.162  17.721  11.083 0.0000000000
108966  -45.817  17.958  10.395 0.0000000000
108971  -44.525  17.306  10.776 0.0000000000
108972  -44.990  17.679  10.146 0.0000000000
108973  -46.011  17.855  9.566 0.0000000000
108979  -45.370  17.439  9.120 0.0000000000
108980  -46.564  17.691  8.603 0.0000000000
108981  -47.421  17.835  7.920 0.0000000000
108985  -40.961  17.680  8.602 0.0000000000
108986  -41.475  17.880  8.120 0.0000000000
108987  -45.745  17.279  8.046 0.0000000000
108988  -46.758  17.548  7.519 0.0000000000
108989  -47.477  17.842  7.072 0.0000000000
108993  -41.172  17.313  7.896 0.0000000000
108994  -41.838  17.582  7.379 0.0000000000
108995  -42.560  17.841  6.865 0.0000000000
108996  -46.063  17.276  6.959 0.0000000000
108997  -46.854  17.569  6.572 0.0000000000
108998  -47.226  17.922  6.190 0.0000000000
109002  -42.253  17.397  6.593 0.0000000000
109003  -42.965  17.683  5.956 0.0000000000
109004  -43.704  17.947  5.222 0.0000000000
109005  -46.302  17.355  6.193 0.0000000000
109006  -46.639  17.669  5.679 0.0000000000
109007  -46.846  18.003  5.434 0.0000000000
109011  -43.257  17.658  4.881 0.0000000000
109012  -44.091  17.974  4.308 0.0000000000
109013  -44.794  18.051  3.880 0.0000000000
109014  -46.439  17.881  4.674 0.0000000000
109015  -46.631  18.037  5.028 0.0000000000
109019  -43.309  17.576  3.906 0.0000000000
109020  -44.046  17.480  3.395 0.0000000000
109021  -45.233  17.840  3.817 0.0000000000
109022  -46.032  17.852  3.872 0.0000000000
109026  -43.144  17.545  2.903 0.0000000000
109027  -43.451  17.381  2.316 0.0000000000
109030  -42.953  17.427  2.176 0.0000000000
109031  -43.122  17.319  1.880 0.0000000000
109695  -46.631  18.850  27.136 0.0000000000
109696  -46.867  18.789  26.946 0.0000000000
109833  -41.849  18.410  13.554 0.0000000000
109834  -42.719  18.539  13.162 0.0000000000
109835  -43.319  18.828  12.944 0.0000000000
109845  -43.262  18.385  12.846 0.0000000000
109846  -43.883  18.471  12.589 0.0000000000
109847  -45.103  18.317  12.100 0.0000000000
109848  -45.842  18.675  11.878 0.0000000000
109856  -45.356  17.976  11.574 0.0000000000
109857  -46.323  18.298  11.176 0.0000000000
109858  -47.867  18.601  10.891 0.0000000000
109859  -48.775  18.846  10.705 0.0000000000
109860  -49.207  18.975  10.524 0.0000000000
109867  -46.748  18.012  9.893 0.0000000000
109868  -47.722  18.284  10.037 0.0000000000
109869  -48.656  18.566  10.158 0.0000000000
109870  -49.154  18.806  10.262 0.0000000000
109874  -41.038  18.622  9.046 0.0000000000
109875  -41.499  19.143  8.806 0.0000000000
109876  -46.782  17.850  9.239 0.0000000000
109877  -47.649  18.040  8.858 0.0000000000
109878  -48.572  18.616  9.328 0.0000000000
109879  -49.168  18.764  9.831 0.0000000000
109883  -41.377  18.208  8.497 0.0000000000
109884  -42.018  18.642  8.129 0.0000000000
109885  -42.773  19.025  7.788 0.0000000000
109886  -47.962  18.200  7.771 0.0000000000
109887  -48.192  18.540  8.491 0.0000000000
109890  -42.429  18.136  7.351 0.0000000000
109891  -43.290  18.497  6.892 0.0000000000
109892  -44.824  18.670  6.430 0.0000000000
109893  -46.037  18.566  6.362 0.0000000000
109894  -46.950  18.389  6.433 0.0000000000
109895  -47.519  18.253  6.804 0.0000000000
109899  -43.662  18.039  5.846 0.0000000000
109900  -44.467  18.292  5.246 0.0000000000
109901  -45.671  18.497  5.342 0.0000000000
109902  -46.533  18.295  5.633 0.0000000000
109903  -47.051  18.122  5.935 0.0000000000
109907  -44.756  18.239  4.286 0.0000000000
109908  -45.499  18.302  4.202 0.0000000000
109909  -46.329  18.223  4.780 0.0000000000
109910  -46.721  18.125  5.309 0.0000000000
109914  -45.866  18.098  3.792 0.0000000000
109915  -46.149  18.125  4.062 0.0000000000
110643  -46.380  19.073  27.362 0.0000000000
110644  -46.844  19.264  27.379 0.0000000000
110657  -47.207  19.348  26.764 0.0000000000
110674  -47.195  19.461  25.680 0.0000000000
110782  -42.171  19.373  13.813 0.0000000000
110783  -43.051  19.388  13.298 0.0000000000
110795  -43.756  19.346  12.890 0.0000000000
110796  -44.598  19.226  12.531 0.0000000000
110797  -45.651  19.234  12.267 0.0000000000
110798  -46.605  19.511  12.139 0.0000000000
110799  -47.479  19.620  11.965 0.0000000000
110809  -46.316  18.918  11.851 0.0000000000
110810  -47.154  18.991  11.599 0.0000000000
110811  -48.251  19.241  11.419 0.0000000000
110812  -49.123  19.254  10.991 0.0000000000
110813  -49.470  19.619  10.902 0.0000000000
110818  -36.641  19.443  11.017 0.0000000000
110822  -47.271  19.827  9.694 0.0000000000
110823  -47.840  19.670  9.527 0.0000000000
110824  -49.441  19.226  10.246 0.0000000000
110825  -49.520  19.788  10.661 0.0000000000
110830  -40.430  19.490  9.602 0.0000000000
110831  -41.152  19.615  9.196 0.0000000000
110832  -44.915  20.020  9.010 0.0000000000
110833  -45.593  19.793  9.024 0.0000000000
110834  -46.958  19.471  9.125 0.0000000000
110835  -48.457  19.104  8.850 0.0000000000
110836  -49.161  19.050  9.489 0.0000000000
110840  -41.803  19.649  8.815 0.0000000000
110841  -42.633  19.597  8.372 0.0000000000
110842  -43.560  19.731  8.281 0.0000000000
110843  -44.728  19.653  8.428 0.0000000000
110844  -46.181  19.307  8.092 0.0000000000
110845  -47.492  18.685  7.809 0.0000000000
110846  -48.066  18.561  8.213 0.0000000000
110850  -43.233  19.241  7.754 0.0000000000
110851  -44.130  19.169  7.511 0.0000000000
110852  -45.416  19.016  7.325 0.0000000000
110853  -46.630  18.731  7.133 0.0000000000
110854  -47.262  18.504  6.978 0.0000000000
111617  -45.416  20.855  29.928 0.0000000000
111618  -45.497  20.854  29.813 0.0000000000
111629  -45.490  20.791  29.692 0.0000000000
111630  -45.981  20.724  29.120 0.0000000000
111631  -46.384  20.535  28.349 0.0000000000
111642  -45.427  20.464  28.647 0.0000000000
111643  -46.318  19.876  27.990 0.0000000000
111644  -46.945  20.149  27.488 0.0000000000
111656  -45.629  19.692  27.552 0.0000000000
111657  -46.113  19.345  27.558 0.0000000000
111658  -47.225  20.259  26.222 0.0000000000
111673  -47.277  20.398  24.993 0.0000000000
111688  -47.235  20.467  23.931 0.0000000000
111697  -46.804  20.506  23.191 0.0000000000
111744  -42.277  20.522  15.116 0.0000000000
111745  -42.888  20.672  14.808 0.0000000000
111749  -42.454  20.153  14.387 0.0000000000
111750  -43.304  20.561  14.217 0.0000000000
111751  -43.972  20.696  13.884 0.0000000000
111761  -42.875  19.977  13.765 0.0000000000
111762  -43.631  20.117  13.405 0.0000000000
111763  -44.532  20.536  13.359 0.0000000000
111764  -45.534  20.683  13.118 0.0000000000
111765  -46.319  20.710  12.888 0.0000000000
111775  -44.264  19.910  12.868 0.0000000000
111776  -45.052  20.025  12.649 0.0000000000
111777  -46.017  20.091  12.567 0.0000000000
111778  -46.990  20.325  12.462 0.0000000000
111779  -48.293  20.191  12.094 0.0000000000
111780  -49.164  20.573  11.959 0.0000000000
111781  -49.362  20.728  11.653 0.0000000000
111784  -30.001  21.194  10.696 0.0000000000
111785  -30.566  20.600  10.824 0.0000000000
111786  -31.663  20.225  11.234 0.0000000000
111787  -32.930  20.259  11.196 0.0000000000
111788  -34.047  20.182  11.249 0.0000000000
111789  -35.063  19.923  11.289 0.0000000000
111790  -35.627  19.685  11.293 0.0000000000
111791  -48.763  19.592  11.508 0.0000000000
111792  -49.168  19.844  11.489 0.0000000000
111793  -49.496  20.234  11.199 0.0000000000
111797  -30.262  21.530  10.336 0.0000000000
111798  -30.622  21.283  9.937 0.0000000000
111799  -31.427  20.705  10.057 0.0000000000
111800  -32.485  20.539  10.220 0.0000000000
111801  -33.635  20.537  10.310 0.0000000000
111802  -34.786  20.437  10.453 0.0000000000
111803  -35.916  20.012  10.660 0.0000000000
111804  -37.013  19.874  10.325 0.0000000000
111805  -37.927  19.809  10.232 0.0000000000
111807  -46.507  20.710  10.179 0.0000000000
111808  -47.490  20.352  10.046 0.0000000000
111809  -48.659  19.927  9.862 0.0000000000
111810  -49.365  19.958  10.353 0.0000000000
111811  -49.562  20.098  10.733 0.0000000000
111815  -31.039  21.653  9.455 0.0000000000
111816  -31.424  21.332  9.360 0.0000000000
111817  -32.214  20.979  9.327 0.0000000000
111818  -33.203  20.874  9.429 0.0000000000
111819  -34.359  20.824  9.260 0.0000000000
111820  -35.552  20.503  9.655 0.0000000000
111821  -36.532  20.335  9.748 0.0000000000
111822  -37.494  20.511  9.604 0.0000000000
111823  -38.659  20.209  9.849 0.0000000000
111824  -39.760  20.334  9.606 0.0000000000
111825  -40.627  20.367  9.374 0.0000000000
111826  -41.325  20.428  9.168 0.0000000000
111827  -44.194  20.881  9.256 0.0000000000
111828  -45.011  20.505  9.446 0.0000000000
111829  -46.028  20.222  9.695 0.0000000000
111830  -46.816  20.044  9.847 0.0000000000
111831  -48.982  19.323  9.460 0.0000000000
111832  -49.225  19.433  9.800 0.0000000000
111835  -34.702  20.998  8.515 0.0000000000
111836  -35.354  20.784  8.762 0.0000000000
111837  -36.266  20.626  9.043 0.0000000000
111838  -36.857  20.623  9.293 0.0000000000
111839  -42.111  20.503  8.972 0.0000000000
111840  -42.992  20.484  8.740 0.0000000000
111841  -43.849  20.347  8.828 0.0000000000
111842  -44.491  20.254  9.027 0.0000000000
112535  -44.105  21.150  30.074 0.0000000000
112536  -45.190  20.896  30.053 0.0000000000
112537  -45.684  21.060  29.804 0.0000000000
112549  -45.134  20.687  29.578 0.0000000000
112550  -46.155  21.264  29.022 0.0000000000
112551  -46.325  20.863  28.755 0.0000000000
112563  -46.255  21.480  28.453 0.0000000000
112564  -46.516  21.093  28.130 0.0000000000
112574  -46.765  21.119  26.713 0.0000000000
112585  -47.082  21.263  25.407 0.0000000000
112594  -47.329  21.371  24.270 0.0000000000
112604  -44.745  21.905  23.318 0.0000000000
112605  -45.735  21.800  23.232 0.0000000000
112606  -46.562  21.698  23.182 0.0000000000
112607  -47.085  21.274  23.428 0.0000000000
112618  -41.917  21.612  22.481 0.0000000000
112619  -43.065  21.412  22.823 0.0000000000
112620  -44.123  21.230  22.935 0.0000000000
112621  -45.135  21.159  22.848 0.0000000000
112622  -46.025  21.161  22.737 0.0000000000
112623  -46.642  21.065  22.907 0.0000000000
112627  -41.353  21.763  22.018 0.0000000000
112639  -41.135  21.962  18.125 0.0000000000
112645  -41.851  21.945  17.415 0.0000000000
112654  -42.211  21.645  16.695 0.0000000000
112655  -43.349  21.906  16.423 0.0000000000
112656  -44.014  22.228  16.546 0.0000000000
112659  -41.902  20.881  15.827 0.0000000000
112660  -43.075  21.175  15.531 0.0000000000
112661  -44.438  21.808  15.911 0.0000000000
112662  -45.259  22.012  15.757 0.0000000000
112664  -43.351  20.883  14.801 0.0000000000
112665  -44.113  21.172  14.605 0.0000000000
112666  -45.475  21.859  14.880 0.0000000000
112667  -46.666  22.109  14.530 0.0000000000
112668  -47.543  22.470  14.626 0.0000000000
112669  -47.999  22.769  14.657 0.0000000000
112676  -44.388  20.942  13.906 0.0000000000
112677  -45.013  21.219  13.827 0.0000000000
112678  -46.333  21.382  13.542 0.0000000000
112679  -47.578  21.736  13.858 0.0000000000
112680  -48.279  22.290  14.155 0.0000000000
112687  -46.764  20.922  12.892 0.0000000000
112688  -47.441  21.075  12.890 0.0000000000
112689  -48.643  21.444  12.980 0.0000000000
112690  -49.294  21.234  12.060 0.0000000000
112694  -49.317  21.188  11.058 0.0000000000
112695  -49.425  20.959  11.417 0.0000000000
112698  -30.024  21.861  10.629 0.0000000000
112699  -30.422  21.933  10.142 0.0000000000
112700  -46.268  21.420  10.258 0.0000000000
112701  -47.050  21.327  10.315 0.0000000000
112702  -48.058  21.200  10.294 0.0000000000
112703  -48.943  21.003  10.581 0.0000000000
112704  -49.439  20.538  10.853 0.0000000000
112708  -30.793  21.986  9.577 0.0000000000
112709  -31.425  22.024  9.021 0.0000000000
112710  -32.071  21.584  8.669 0.0000000000
112711  -32.975  21.358  8.710 0.0000000000
112712  -33.632  21.143  8.882 0.0000000000
112713  -37.624  21.041  9.206 0.0000000000
112714  -38.192  21.136  9.379 0.0000000000
112715  -39.121  21.156  9.478 0.0000000000
112716  -40.179  21.343  9.262 0.0000000000
112717  -40.858  20.913  9.221 0.0000000000
112718  -44.026  21.525  9.251 0.0000000000
112719  -44.668  21.417  9.609 0.0000000000
112720  -45.579  21.166  10.065 0.0000000000
112724  -31.794  22.347  8.807 0.0000000000
112725  -32.078  22.199  8.478 0.0000000000
112726  -32.889  21.955  7.889 0.0000000000
112727  -33.981  21.312  8.101 0.0000000000
112728  -35.110  21.154  8.010 0.0000000000
112729  -36.078  21.003  8.264 0.0000000000
112730  -37.061  20.995  8.793 0.0000000000
112731  -37.745  21.397  8.950 0.0000000000
112732  -40.546  21.971  9.016 0.0000000000
112733  -41.284  21.467  9.048 0.0000000000
112734  -42.474  21.442  8.946 0.0000000000
112735  -43.439  21.272  9.071 0.0000000000
112740  -33.372  22.266  7.414 0.0000000000
112741  -33.820  21.944  6.984 0.0000000000
112742  -34.752  21.431  7.108 0.0000000000
112743  -35.757  21.243  7.352 0.0000000000
112744  -36.800  21.340  7.729 0.0000000000
112745  -37.496  21.464  8.321 0.0000000000
112749  -34.236  22.149  6.449 0.0000000000
112750  -34.581  21.782  6.212 0.0000000000
112751  -35.441  21.376  6.394 0.0000000000
112752  -36.351  21.418  6.790 0.0000000000
112756  -34.779  22.117  5.794 0.0000000000
112757  -35.219  21.792  5.584 0.0000000000
112758  -36.115  21.488  5.761 0.0000000000
112762  -35.737  21.811  5.119 0.0000000000
112763  -36.232  21.766  5.009 0.0000000000
113413  -42.567  22.113  30.049 0.0000000000
113414  -43.657  22.036  30.037 0.0000000000
113415  -44.769  21.476  30.081 0.0000000000
113416  -45.339  21.255  30.026 0.0000000000
113424  -43.941  22.544  29.552 0.0000000000
113425  -44.530  22.184  29.695 0.0000000000
113426  -45.407  21.849  29.497 0.0000000000
113435  -45.936  22.076  28.235 0.0000000000
113436  -46.252  21.641  28.071 0.0000000000
113446  -45.941  22.350  27.543 0.0000000000
113447  -46.212  22.033  27.198 0.0000000000
113459  -46.661  22.161  25.786 0.0000000000
113466  -47.074  22.288  24.657 0.0000000000
113470  -43.586  22.861  23.186 0.0000000000
113471  -44.406  22.803  23.435 0.0000000000
113472  -45.404  22.613  23.584 0.0000000000
113473  -46.305  22.436  23.538 0.0000000000
113474  -47.072  22.284  23.706 0.0000000000
113485  -42.057  22.319  22.420 0.0000000000
113486  -42.759  22.454  22.796 0.0000000000
113487  -43.739  22.094  23.167 0.0000000000
113496  -41.135  22.323  21.298 0.0000000000
113497  -41.587  22.405  21.844 0.0000000000
113498  -42.203  22.780  22.299 0.0000000000
113501  -40.919  22.373  20.697 0.0000000000
113502  -41.386  22.758  21.013 0.0000000000
113506  -40.755  22.309  19.759 0.0000000000
113507  -41.533  22.964  19.950 0.0000000000
113508  -42.155  23.360  19.667 0.0000000000
113511  -40.653  22.069  19.123 0.0000000000
113512  -41.363  22.344  18.726 0.0000000000
113513  -42.484  23.148  18.878 0.0000000000
113514  -43.202  23.471  18.571 0.0000000000
113516  -41.589  22.069  17.873 0.0000000000
113517  -42.414  22.386  17.650 0.0000000000
113518  -43.548  23.198  17.842 0.0000000000
113519  -44.340  23.413  17.555 0.0000000000
113526  -42.842  22.154  16.891 0.0000000000
113527  -43.475  22.482  16.987 0.0000000000
113528  -44.732  22.852  16.811 0.0000000000
113529  -45.989  23.341  16.536 0.0000000000
113530  -46.577  23.669  16.555 0.0000000000
113536  -45.118  22.192  16.155 0.0000000000
113537  -45.883  22.449  15.911 0.0000000000
113538  -46.925  23.272  16.097 0.0000000000
113539  -47.488  23.599  15.866 0.0000000000
113541  -46.224  22.269  15.146 0.0000000000
113542  -46.846  22.627  15.275 0.0000000000
113543  -47.712  23.234  15.279 0.0000000000
113544  -48.267  23.151  14.495 0.0000000000
113552  -48.669  22.759  13.572 0.0000000000
113559  -49.072  22.324  12.381 0.0000000000
113560  -49.277  21.558  11.727 0.0000000000
113565  -29.969  22.963  11.219 0.0000000000
113566  -48.930  22.084  11.279 0.0000000000
113567  -49.286  21.413  11.370 0.0000000000
113571  -29.797  22.365  11.002 0.0000000000
113572  -30.380  22.658  10.621 0.0000000000
113573  -30.922  22.912  10.243 0.0000000000
113574  -45.866  21.765  10.172 0.0000000000
113575  -46.425  22.120  10.178 0.0000000000
113576  -47.429  22.193  10.259 0.0000000000
113577  -48.294  22.442  10.502 0.0000000000
113581  -30.726  22.419  10.009 0.0000000000
113582  -31.300  22.688  9.637 0.0000000000
113583  -31.858  22.916  9.321 0.0000000000
113584  -38.142  21.566  9.065 0.0000000000
113585  -38.581  21.719  9.117 0.0000000000
113586  -39.292  21.881  9.152 0.0000000000
113587  -43.697  21.838  9.119 0.0000000000
113588  -44.225  22.162  9.293 0.0000000000
113589  -45.332  22.246  9.885 0.0000000000
113590  -46.157  22.844  9.891 0.0000000000
113594  -31.681  22.519  9.091 0.0000000000
113595  -32.128  22.732  8.820 0.0000000000
113596  -32.647  22.657  8.259 0.0000000000
113597  -38.072  21.746  8.600 0.0000000000
113598  -38.710  22.273  8.457 0.0000000000
113599  -39.843  22.380  8.787 0.0000000000
113600  -40.813  22.493  8.672 0.0000000000
113601  -41.891  22.437  8.687 0.0000000000
113602  -43.219  22.344  8.806 0.0000000000
113603  -44.109  22.808  8.859 0.0000000000
113607  -33.173  22.659  7.706 0.0000000000
113608  -33.628  22.653  7.199 0.0000000000
113609  -36.984  21.549  7.137 0.0000000000
113610  -37.692  21.830  7.561 0.0000000000
113611  -38.552  22.488  7.334 0.0000000000
113616  -34.120  22.598  6.718 0.0000000000
113617  -34.561  22.504  6.148 0.0000000000
113618  -36.977  21.665  6.506 0.0000000000
113619  -37.728  22.085  6.397 0.0000000000
113620  -38.598  22.527  6.241 0.0000000000
113624  -35.024  22.533  5.648 0.0000000000
113625  -35.470  22.416  5.169 0.0000000000
113626  -36.884  21.765  5.494 0.0000000000
113627  -37.682  22.107  5.262 0.0000000000
113628  -38.632  22.452  5.107 0.0000000000
113632  -35.942  22.203  4.684 0.0000000000
113633  -36.727  21.973  4.390 0.0000000000
113634  -37.731  21.955  4.127 0.0000000000
113635  -38.770  22.196  3.987 0.0000000000
113640  -37.255  22.036  3.441 0.0000000000
113641  -37.987  21.787  3.133 0.0000000000
113642  -39.084  21.998  2.867 0.0000000000
113643  -39.763  22.282  2.337 0.0000000000
113648  -37.622  22.033  2.738 0.0000000000
113649  -38.251  21.985  2.147 0.0000000000
113650  -39.199  22.110  1.850 0.0000000000
113651  -40.172  22.468  1.582 0.0000000000
113652  -40.562  22.711  1.036 0.0000000000
113656  -38.723  22.274  1.455 0.0000000000
113657  -39.355  22.437  1.223 0.0000000000
113658  -40.020  22.649  0.975 0.0000000000
113659  -40.423  22.834  0.856 0.0000000000
114260  -42.271  23.418  29.777 0.0000000000
114261  -42.947  22.673  29.839 0.0000000000
114270  -42.656  23.965  29.450 0.0000000000
114271  -43.332  23.357  29.257 0.0000000000
114272  -44.282  22.825  29.066 0.0000000000
114273  -44.857  22.447  29.198 0.0000000000
114282  -43.592  23.950  28.543 0.0000000000
114283  -44.059  23.649  28.381 0.0000000000
114284  -45.008  22.992  28.248 0.0000000000
114297  -45.745  22.969  27.135 0.0000000000
114298  -46.351  23.161  26.035 0.0000000000
114308  -46.736  23.158  25.053 0.0000000000
114310  -45.806  23.885  23.993 0.0000000000
114311  -46.282  23.601  24.106 0.0000000000
114312  -46.728  23.172  24.270 0.0000000000
114315  -43.245  23.248  22.944 0.0000000000
114316  -44.017  23.695  23.294 0.0000000000
114317  -45.086  23.637  23.808 0.0000000000
114318  -45.978  23.186  23.834 0.0000000000
114319  -46.565  22.944  23.869 0.0000000000
114323  -42.704  23.308  22.495 0.0000000000
114324  -43.385  23.910  22.716 0.0000000000
114334  -41.725  22.943  21.345 0.0000000000
114335  -42.231  23.338  21.645 0.0000000000
114340  -41.825  23.253  20.807 0.0000000000
114341  -42.389  23.759  20.685 0.0000000000
114344  -42.067  23.463  20.158 0.0000000000
114345  -42.671  23.786  19.709 0.0000000000
114346  -43.318  24.045  19.278 0.0000000000
114350  -43.077  23.656  19.001 0.0000000000
114351  -43.738  23.908  18.617 0.0000000000
114352  -44.429  24.169  18.278 0.0000000000
114355  -44.194  23.700  17.984 0.0000000000
114356  -44.911  23.971  17.638 0.0000000000
114357  -45.718  24.268  17.447 0.0000000000
114360  -45.510  23.719  17.034 0.0000000000
114361  -46.286  24.089  16.989 0.0000000000
114362  -47.011  24.051  16.635 0.0000000000
114363  -47.458  24.389  16.361 0.0000000000
114370  -47.379  23.851  16.187 0.0000000000
114371  -47.832  24.163  15.831 0.0000000000
114375  -48.251  24.173  15.008 0.0000000000
114376  -48.339  23.982  14.010 0.0000000000
114384  -48.535  23.760  12.901 0.0000000000
114389  -48.764  23.611  11.762 0.0000000000
114394  -30.454  23.588  11.167 0.0000000000
114395  -30.958  23.864  10.849 0.0000000000
114396  -48.775  23.579  10.734 0.0000000000
114400  -30.806  23.322  10.623 0.0000000000
114401  -31.421  23.558  10.338 0.0000000000
114402  -32.066  23.814  9.981 0.0000000000
114403  -46.862  22.869  10.124 0.0000000000
114404  -47.625  23.161  9.948 0.0000000000
114405  -48.571  23.778  9.771 0.0000000000
114408  -31.820  23.266  9.741 0.0000000000
114409  -32.399  23.466  9.371 0.0000000000
114410  -32.947  23.660  8.997 0.0000000000
114411  -44.773  22.781  9.236 0.0000000000
114412  -45.600  23.108  9.302 0.0000000000
114413  -46.733  23.361  9.340 0.0000000000
114414  -47.818  23.774  9.055 0.0000000000
114415  -48.630  24.298  8.819 0.0000000000
114419  -32.642  23.178  8.714 0.0000000000
114420  -33.231  23.395  8.312 0.0000000000
114421  -33.819  23.625  7.932 0.0000000000
114422  -39.282  22.778  8.029 0.0000000000
114423  -40.102  23.098  8.090 0.0000000000
114424  -41.188  23.284  8.094 0.0000000000
114425  -42.414  23.343  8.222 0.0000000000
114426  -43.614  23.348  8.351 0.0000000000
114427  -44.797  23.351  8.547 0.0000000000
114428  -46.001  23.573  8.490 0.0000000000
114429  -47.089  23.826  8.373 0.0000000000
114430  -48.096  24.324  8.144 0.0000000000
114431  -48.688  24.483  8.312 0.0000000000
114435  -33.539  23.153  7.605 0.0000000000
114436  -34.157  23.368  7.270 0.0000000000
114437  -34.781  23.556  6.922 0.0000000000
114438  -39.360  23.042  7.185 0.0000000000
114439  -40.359  23.511  7.098 0.0000000000
114440  -41.678  23.997  7.030 0.0000000000
114441  -43.050  23.986  7.575 0.0000000000
114442  -44.227  23.911  7.709 0.0000000000
114443  -45.371  23.891  7.715 0.0000000000
114444  -46.448  24.065  7.703 0.0000000000
114445  -47.389  24.278  7.645 0.0000000000
114446  -47.970  24.399  7.528 0.0000000000
114451  -34.496  23.089  6.589 0.0000000000
114452  -35.095  23.288  6.223 0.0000000000
114453  -35.676  23.459  5.829 0.0000000000
114454  -39.483  23.149  6.087 0.0000000000
114455  -40.582  23.821  5.859 0.0000000000
114456  -41.364  24.175  6.134 0.0000000000
114460  -35.351  23.025  5.482 0.0000000000
114461  -35.914  23.140  5.068 0.0000000000
114462  -36.488  23.276  4.609 0.0000000000
114463  -39.571  23.031  4.909 0.0000000000
114464  -40.525  23.501  4.582 0.0000000000
114465  -41.088  23.523  4.015 0.0000000000
114469  -36.354  22.642  4.496 0.0000000000
114470  -36.927  22.851  3.919 0.0000000000
114471  -37.447  23.248  3.351 0.0000000000
114472  -39.739  22.621  3.828 0.0000000000
114473  -40.471  23.076  3.521 0.0000000000
114474  -41.278  23.380  3.205 0.0000000000
114475  -41.851  23.472  2.628 0.0000000000
114482  -37.429  22.552  3.021 0.0000000000
114483  -37.858  23.105  2.612 0.0000000000
114484  -39.923  22.452  3.017 0.0000000000
114485  -40.503  22.751  2.526 0.0000000000
114486  -41.207  23.103  2.236 0.0000000000
114487  -41.880  23.309  1.855 0.0000000000
114494  -37.873  22.438  2.402 0.0000000000
114495  -38.342  22.772  1.648 0.0000000000
114496  -38.770  23.033  1.117 0.0000000000
114497  -40.751  22.751  1.905 0.0000000000
114498  -41.096  22.930  1.443 0.0000000000
114499  -42.110  23.375  1.138 0.0000000000
114500  -42.797  23.760  0.733 0.0000000000
114507  -38.825  22.624  1.100 0.0000000000
114508  -39.398  22.890  0.929 0.0000000000
114509  -40.138  22.989  0.871 0.0000000000
114510  -41.019  23.241  0.974 0.0000000000
114511  -42.176  23.861  0.665 0.0000000000
114512  -42.919  24.085  0.298 0.0000000000
114518  -42.663  24.268  0.369 0.0000000000
114519  -42.957  24.380  0.130 0.0000000000
115118  -41.603  24.812  30.411 0.0000000000
115119  -42.253  24.556  29.645 0.0000000000
115133  -42.772  24.422  28.947 0.0000000000
115134  -43.295  24.213  28.584 0.0000000000
115151  -43.121  24.708  28.198 0.0000000000
115152  -43.706  24.483  27.885 0.0000000000
115153  -44.562  24.342  27.368 0.0000000000
115154  -45.249  23.937  26.998 0.0000000000
115173  -45.223  24.985  26.604 0.0000000000
115174  -46.016  24.492  26.004 0.0000000000
115175  -46.599  23.986  25.315 0.0000000000
115191  -46.336  24.807  24.919 0.0000000000
115192  -46.609  23.980  24.613 0.0000000000
115200  -45.446  24.301  23.890 0.0000000000
115201  -46.049  24.657  24.112 0.0000000000
115202  -46.383  23.831  24.321 0.0000000000
115212  -43.969  24.347  22.956 0.0000000000
115213  -44.892  24.893  23.381 0.0000000000
115214  -45.775  25.347  23.633 0.0000000000
115225  -42.929  23.947  22.117 0.0000000000
115226  -43.774  24.826  22.224 0.0000000000
115227  -44.642  25.386  22.581 0.0000000000
115244  -42.887  24.216  21.366 0.0000000000
115245  -43.475  24.886  20.993 0.0000000000
115262  -42.963  24.329  20.428 0.0000000000
115263  -43.543  24.790  20.121 0.0000000000
115273  -43.251  24.317  19.762 0.0000000000
115274  -43.902  24.653  19.368 0.0000000000
115275  -44.534  25.039  19.010 0.0000000000
115286  -44.310  24.512  18.730 0.0000000000
115287  -45.035  24.875  18.473 0.0000000000
115288  -45.792  25.241  18.283 0.0000000000
115299  -45.568  24.637  17.926 0.0000000000
115300  -46.305  24.985  17.742 0.0000000000
115301  -46.975  25.432  17.363 0.0000000000
115302  -47.408  25.583  16.938 0.0000000000
115312  -46.811  24.652  17.125 0.0000000000
115313  -47.255  24.863  16.795 0.0000000000
115314  -47.692  25.173  16.276 0.0000000000
115326  -43.422  25.237  15.200 0.0000000000
115327  -48.167  25.075  15.379 0.0000000000
115328  -48.317  25.513  15.039 0.0000000000
115340  -43.711  24.999  14.480 0.0000000000
115341  -44.408  25.123  14.238 0.0000000000
115342  -48.312  24.765  15.029 0.0000000000
115343  -48.449  25.105  14.621 0.0000000000
115357  -44.436  24.917  13.578 0.0000000000
115358  -45.082  24.969  13.192 0.0000000000
115359  -48.588  25.049  13.448 0.0000000000
115368  -44.723  24.790  12.661 0.0000000000
115369  -48.722  24.983  12.288 0.0000000000
115373  -30.804  24.428  11.259 0.0000000000
115374  -31.318  24.426  10.856 0.0000000000
115377  -44.327  24.745  11.871 0.0000000000
115378  -49.119  25.000  11.070 0.0000000000
115379  -49.325  25.532  10.750 0.0000000000
115382  -31.897  24.462  10.423 0.0000000000
115388  -49.248  24.577  10.111 0.0000000000
115389  -49.417  25.451  10.393 0.0000000000
115392  -32.879  23.990  9.355 0.0000000000
115395  -49.248  24.619  9.212 0.0000000000
115396  -49.522  25.353  9.605 0.0000000000
115402  -48.759  24.606  7.916 0.0000000000
115403  -49.161  24.746  8.329 0.0000000000
115404  -49.556  25.328  8.739 0.0000000000
115410  -42.739  24.332  6.699 0.0000000000
115411  -43.748  24.332  6.851 0.0000000000
115412  -44.866  24.270  6.906 0.0000000000
115413  -45.953  24.396  6.965 0.0000000000
115414  -46.970  24.481  6.978 0.0000000000
115415  -47.843  24.453  6.999 0.0000000000
115416  -48.550  24.538  7.279 0.0000000000
115417  -49.209  24.792  7.461 0.0000000000
115418  -49.509  25.263  7.827 0.0000000000
115427  -41.282  24.129  5.597 0.0000000000
115428  -42.056  24.392  5.887 0.0000000000
115429  -43.282  24.520  5.912 0.0000000000
115430  -44.437  24.503  5.995 0.0000000000
115431  -45.566  24.518  6.072 0.0000000000
115432  -46.642  24.532  6.128 0.0000000000
115433  -47.631  24.498  6.192 0.0000000000
115434  -48.490  24.488  6.346 0.0000000000
115435  -49.186  24.671  6.578 0.0000000000
115436  -49.587  25.058  6.891 0.0000000000
115445  -40.962  23.923  5.213 0.0000000000
115446  -41.567  23.984  4.722 0.0000000000
115447  -42.812  24.401  4.841 0.0000000000
115448  -44.051  24.614  4.981 0.0000000000
115449  -45.237  24.606  5.104 0.0000000000
115450  -46.365  24.550  5.202 0.0000000000
115451  -47.407  24.482  5.297 0.0000000000
115452  -48.338  24.470  5.448 0.0000000000
115453  -49.083  24.562  5.700 0.0000000000
115454  -49.520  24.905  5.970 0.0000000000
115463  -41.592  23.659  3.914 0.0000000000
115464  -42.363  23.904  3.537 0.0000000000
115465  -43.725  24.466  3.849 0.0000000000
115466  -44.963  24.653  4.062 0.0000000000
115467  -46.129  24.560  4.227 0.0000000000
115468  -47.194  24.465  4.366 0.0000000000
115469  -48.123  24.446  4.532 0.0000000000
115470  -48.905  24.661  4.827 0.0000000000
115471  -49.314  24.832  5.289 0.0000000000
115478  -38.525  23.544  2.151 0.0000000000
115481  -42.567  23.644  2.275 0.0000000000
115482  -43.539  24.134  2.631 0.0000000000
115483  -44.767  24.456  2.958 0.0000000000
115484  -45.951  24.501  3.213 0.0000000000
115485  -47.018  24.488  3.418 0.0000000000
115486  -47.904  24.476  3.635 0.0000000000
115487  -48.465  24.758  3.914 0.0000000000
115492  -38.639  23.224  1.427 0.0000000000
115493  -39.321  23.520  1.452 0.0000000000
115496  -42.460  23.483  1.624 0.0000000000
115497  -43.305  23.724  1.374 0.0000000000
115498  -44.624  24.258  1.818 0.0000000000
115499  -45.824  24.483  2.171 0.0000000000
115500  -46.878  24.544  2.487 0.0000000000
115501  -47.772  24.645  2.739 0.0000000000
115502  -48.222  24.746  3.172 0.0000000000
115508  -39.745  23.210  0.979 0.0000000000
115509  -40.326  23.514  1.203 0.0000000000
115512  -43.586  24.067  0.435 0.0000000000
115513  -44.563  24.202  0.752 0.0000000000
115514  -45.696  24.447  1.129 0.0000000000
115515  -46.793  24.681  1.571 0.0000000000
115516  -47.440  24.773  2.077 0.0000000000
115521  -42.831  24.712  0.104 0.0000000000
115522  -43.499  24.693  -0.220 0.0000000000
115523  -44.475  24.496  -0.086 0.0000000000
115524  -45.547  24.644  0.079 0.0000000000
115525  -46.428  24.768  0.658 0.0000000000
115530  -43.925  25.204  -0.753 0.0000000000
115531  -44.441  25.052  -0.683 0.0000000000
115532  -45.114  24.943  -0.518 0.0000000000
116076  -41.725  25.349  29.681 0.0000000000
116077  -42.289  25.006  29.065 0.0000000000
116095  -41.835  25.316  28.419 0.0000000000
116096  -42.604  25.031  28.230 0.0000000000
116117  -42.352  25.344  27.280 0.0000000000
116118  -43.342  25.296  27.340 0.0000000000
116119  -44.260  25.250  27.024 0.0000000000
116120  -44.751  25.153  26.842 0.0000000000
116135  -42.187  25.560  26.121 0.0000000000
116136  -43.182  25.846  26.380 0.0000000000
116137  -44.228  26.121  26.285 0.0000000000
116138  -44.976  25.826  26.411 0.0000000000
116139  -45.636  25.769  25.896 0.0000000000
116153  -42.023  25.703  24.938 0.0000000000
116154  -43.216  26.323  25.290 0.0000000000
116155  -43.754  26.281  25.848 0.0000000000
116156  -46.203  25.902  25.127 0.0000000000
116157  -46.321  26.449  24.851 0.0000000000
116168  -42.709  26.285  24.179 0.0000000000
116169  -46.327  25.682  24.421 0.0000000000
116170  -46.401  26.324  24.550 0.0000000000
116178  -42.378  26.241  23.226 0.0000000000
116179  -45.711  25.747  23.299 0.0000000000
116180  -46.291  26.035  23.718 0.0000000000
116181  -46.454  26.195  24.175 0.0000000000
116189  -42.151  26.154  22.620 0.0000000000
116190  -44.558  25.641  22.072 0.0000000000
116191  -45.408  26.168  22.629 0.0000000000
116192  -45.976  26.259  23.187 0.0000000000
116201  -44.160  25.546  21.342 0.0000000000
116202  -44.901  26.284  21.608 0.0000000000
116217  -44.004  25.384  20.434 0.0000000000
116218  -44.611  26.125  20.691 0.0000000000
116229  -41.437  26.066  19.110 0.0000000000
116230  -43.977  25.132  19.873 0.0000000000
116231  -44.644  25.690  19.661 0.0000000000
116232  -45.330  26.468  19.707 0.0000000000
116240  -41.871  26.038  18.195 0.0000000000
116241  -42.573  26.286  18.055 0.0000000000
116242  -44.971  25.444  19.003 0.0000000000
116243  -45.731  26.138  18.955 0.0000000000
116244  -46.361  26.767  18.770 0.0000000000
116253  -41.910  25.517  17.147 0.0000000000
116254  -42.899  26.092  17.489 0.0000000000
116255  -43.573  26.278  17.347 0.0000000000
116256  -46.157  25.652  18.290 0.0000000000
116257  -46.552  26.254  18.099 0.0000000000
116258  -47.161  26.236  17.347 0.0000000000
116267  -42.892  25.587  16.497 0.0000000000
116268  -43.890  26.124  16.761 0.0000000000
116269  -44.637  26.337  16.645 0.0000000000
116270  -47.529  26.105  16.715 0.0000000000
116277  -42.883  25.277  15.676 0.0000000000
116278  -43.809  25.574  15.712 0.0000000000
116279  -45.051  26.093  15.968 0.0000000000
116280  -45.928  26.400  15.704 0.0000000000
116281  -47.876  26.025  15.732 0.0000000000
116282  -48.189  25.702  15.249 0.0000000000
116291  -43.901  25.301  15.054 0.0000000000
116292  -44.691  25.426  14.799 0.0000000000
116293  -46.167  26.135  14.932 0.0000000000
116294  -47.064  26.409  14.581 0.0000000000
116295  -47.949  26.383  15.189 0.0000000000
116296  -48.298  26.068  14.823 0.0000000000
116311  -44.771  25.231  14.083 0.0000000000
116312  -45.558  25.426  13.746 0.0000000000
116313  -47.160  26.169  13.830 0.0000000000
116314  -47.931  26.455  13.353 0.0000000000
116315  -48.750  26.009  13.918 0.0000000000
116325  -45.519  25.026  12.715 0.0000000000
116326  -46.559  25.479  12.809 0.0000000000
116327  -47.681  26.077  12.778 0.0000000000
116328  -49.011  25.976  12.904 0.0000000000
116339  -45.089  24.801  11.997 0.0000000000
116340  -45.920  25.111  11.834 0.0000000000
116341  -47.113  25.560  11.778 0.0000000000
116342  -49.196  25.922  11.783 0.0000000000
116343  -49.346  25.906  10.783 0.0000000000
116354  -44.835  24.919  10.983 0.0000000000
116355  -46.245  25.217  10.766 0.0000000000
116356  -47.467  25.781  10.661 0.0000000000
116357  -49.544  26.016  9.999 0.0000000000
116365  -44.117  25.297  9.933 0.0000000000
116366  -45.286  25.227  9.800 0.0000000000
116367  -46.573  25.466  9.653 0.0000000000
116368  -47.679  26.015  9.588 0.0000000000
116369  -49.642  26.022  9.169 0.0000000000
116377  -44.372  25.626  9.055 0.0000000000
116378  -45.545  25.656  8.718 0.0000000000
116379  -46.864  25.834  8.626 0.0000000000
116380  -47.792  26.271  8.806 0.0000000000
116381  -49.619  25.974  8.248 0.0000000000
116387  -46.014  26.004  8.052 0.0000000000
116388  -46.643  26.236  7.883 0.0000000000
116389  -49.527  25.810  7.277 0.0000000000
116398  -49.503  25.586  6.296 0.0000000000
116407  -49.031  25.577  4.884 0.0000000000
116408  -49.295  25.429  5.274 0.0000000000
116418  -48.861  25.226  4.439 0.0000000000
116419  -49.228  24.967  4.905 0.0000000000
116427  -48.180  25.261  2.661 0.0000000000
116428  -48.404  25.137  3.126 0.0000000000
116434  -47.419  25.284  1.754 0.0000000000
116435  -47.839  25.156  2.194 0.0000000000
116436  -48.193  24.865  2.728 0.0000000000
116442  -47.044  25.217  1.253 0.0000000000
116443  -47.399  24.945  1.712 0.0000000000
116449  -43.026  25.214  -0.285 0.0000000000
116450  -45.622  25.123  -0.510 0.0000000000
116451  -46.270  25.384  -0.225 0.0000000000
116457  -43.513  25.701  -0.834 0.0000000000
117027  -44.764  26.679  25.725 0.0000000000
117028  -45.107  26.545  25.867 0.0000000000
117029  -45.388  26.282  25.866 0.0000000000
117040  -44.000  26.805  24.842 0.0000000000
117041  -44.375  26.763  25.345 0.0000000000
117042  -45.265  27.151  25.299 0.0000000000
117043  -45.875  26.770  25.319 0.0000000000
117044  -46.225  26.562  25.050 0.0000000000
117054  -43.703  26.810  24.252 0.0000000000
117055  -44.663  27.382  24.391 0.0000000000
117056  -44.943  27.346  24.957 0.0000000000
117057  -46.161  27.129  24.887 0.0000000000
117058  -46.357  26.859  24.733 0.0000000000
117065  -43.315  26.788  23.304 0.0000000000
117066  -44.318  27.390  23.403 0.0000000000
117067  -46.444  26.730  23.661 0.0000000000
117068  -46.530  26.673  24.104 0.0000000000
117072  -42.479  26.468  21.625 0.0000000000
117073  -42.883  26.623  22.238 0.0000000000
117074  -44.027  27.398  22.424 0.0000000000
117075  -45.956  26.972  22.493 0.0000000000
117076  -46.322  26.972  23.111 0.0000000000
117077  -46.504  27.082  23.728 0.0000000000
117083  -42.293  26.446  21.047 0.0000000000
117084  -43.028  26.857  21.220 0.0000000000
117085  -43.833  27.465  21.455 0.0000000000
117086  -45.656  27.009  21.885 0.0000000000
117087  -46.206  27.603  22.279 0.0000000000
117096  -42.142  26.472  20.193 0.0000000000
117097  -42.935  26.904  20.384 0.0000000000
117098  -43.719  27.471  20.564 0.0000000000
117099  -45.329  26.924  20.974 0.0000000000
117100  -46.037  27.667  21.351 0.0000000000
117111  -42.054  26.418  19.359 0.0000000000
117112  -42.895  26.809  19.522 0.0000000000
117113  -43.662  27.351  19.761 0.0000000000
117114  -45.130  26.544  20.215 0.0000000000
117115  -45.687  27.295  20.130 0.0000000000
117121  -41.982  26.304  18.804 0.0000000000
117122  -42.728  26.489  18.585 0.0000000000
117123  -43.966  27.185  18.865 0.0000000000
117124  -44.747  27.425  18.672 0.0000000000
117125  -46.114  27.221  19.248 0.0000000000
117126  -46.438  27.139  18.599 0.0000000000
117131  -42.938  26.378  17.990 0.0000000000
117132  -43.677  26.553  17.867 0.0000000000
117133  -44.926  27.229  18.086 0.0000000000
117134  -46.048  27.370  17.841 0.0000000000
117135  -46.765  27.021  17.755 0.0000000000
117136  -47.204  26.568  17.111 0.0000000000
117144  -43.898  26.380  17.289 0.0000000000
117145  -44.534  26.573  17.222 0.0000000000
117146  -45.575  26.930  17.205 0.0000000000
117147  -46.515  26.995  16.983 0.0000000000
117148  -47.249  26.656  16.580 0.0000000000
117153  -45.161  26.514  16.677 0.0000000000
117154  -45.976  26.690  16.311 0.0000000000
117155  -46.890  26.808  16.024 0.0000000000
117156  -47.558  26.565  15.558 0.0000000000
117162  -46.462  26.560  15.622 0.0000000000
117163  -47.166  26.563  15.129 0.0000000000
117164  -47.980  26.609  14.733 0.0000000000
117165  -48.441  26.460  14.122 0.0000000000
117180  -47.593  26.539  14.436 0.0000000000
117181  -48.144  26.631  13.834 0.0000000000
117182  -48.624  26.351  13.362 0.0000000000
117192  -48.381  26.407  12.951 0.0000000000
117193  -48.842  26.244  12.353 0.0000000000
117203  -48.283  26.194  11.749 0.0000000000
117204  -49.038  26.291  11.071 0.0000000000
117205  -49.282  26.294  10.283 0.0000000000
117214  -48.463  26.317  10.431 0.0000000000
117215  -49.075  26.548  9.996 0.0000000000
117216  -49.353  26.394  9.554 0.0000000000
117224  -48.496  26.480  9.376 0.0000000000
117225  -49.051  26.681  9.020 0.0000000000
117226  -49.365  26.481  8.654 0.0000000000
117235  -44.487  26.175  8.332 0.0000000000
117236  -45.266  26.207  8.014 0.0000000000
117237  -47.386  26.290  8.163 0.0000000000
117238  -48.267  26.585  8.242 0.0000000000
117239  -48.970  26.841  7.962 0.0000000000
117240  -49.333  26.539  7.656 0.0000000000
117247  -44.610  26.726  7.713 0.0000000000
117248  -45.760  26.647  7.409 0.0000000000
117249  -47.120  26.682  7.404 0.0000000000
117250  -48.167  27.095  7.116 0.0000000000
117251  -48.970  27.104  6.882 0.0000000000
117252  -49.342  26.400  6.653 0.0000000000
117258  -46.281  27.096  6.868 0.0000000000
117259  -47.055  27.252  6.618 0.0000000000
117260  -47.743  27.387  6.376 0.0000000000
117261  -49.055  26.808  5.969 0.0000000000
117262  -49.264  26.083  5.739 0.0000000000
117269  -48.217  26.479  4.698 0.0000000000
117270  -48.739  26.184  4.976 0.0000000000
117271  -49.150  25.894  5.331 0.0000000000
117280  -46.838  26.695  3.864 0.0000000000
117281  -47.842  26.358  4.132 0.0000000000
117282  -48.390  25.610  3.765 0.0000000000
117291  -47.169  26.286  2.984 0.0000000000
117292  -48.046  25.613  2.814 0.0000000000
117293  -48.328  25.424  3.194 0.0000000000
117302  -47.232  25.650  1.850 0.0000000000
117303  -47.745  25.468  2.267 0.0000000000
117312  -46.662  25.780  0.492 0.0000000000
117895  -45.654  27.390  24.930 0.0000000000
117896  -45.730  27.230  25.098 0.0000000000
117908  -45.357  27.776  24.004 0.0000000000
117909  -45.522  27.604  24.512 0.0000000000
117910  -46.031  27.390  24.742 0.0000000000
117911  -46.258  27.222  24.653 0.0000000000
117920  -45.248  27.835  23.440 0.0000000000
117921  -45.863  28.035  23.624 0.0000000000
117922  -46.184  27.760  23.967 0.0000000000
117923  -46.412  27.301  24.234 0.0000000000
117927  -45.064  27.862  22.510 0.0000000000
117928  -45.905  28.310  22.712 0.0000000000
117929  -46.361  27.968  23.029 0.0000000000
117930  -46.398  27.499  23.606 0.0000000000
117936  -44.866  28.017  21.587 0.0000000000
117937  -45.795  28.397  21.730 0.0000000000
117938  -46.306  28.203  21.968 0.0000000000
117945  -44.647  28.008  20.686 0.0000000000
117946  -45.571  28.256  20.808 0.0000000000
117947  -46.107  28.112  20.985 0.0000000000
117960  -44.445  27.752  19.908 0.0000000000
117961  -45.338  28.027  19.932 0.0000000000
117962  -45.726  27.750  20.062 0.0000000000
117972  -44.257  27.538  19.410 0.0000000000
117973  -44.975  27.649  19.132 0.0000000000
117974  -45.974  27.586  19.071 0.0000000000
117975  -46.344  27.337  18.470 0.0000000000
117978  -45.086  27.494  18.617 0.0000000000
117979  -45.612  27.517  18.548 0.0000000000
117980  -46.230  27.432  18.388 0.0000000000
118061  -45.535  27.311  6.829 0.0000000000
118062  -48.358  27.294  6.461 0.0000000000
118063  -48.649  27.217  6.136 0.0000000000
118072  -46.953  27.579  5.911 0.0000000000
118073  -47.969  27.401  5.769 0.0000000000
118074  -48.529  26.932  5.514 0.0000000000
118084  -47.067  27.389  5.107 0.0000000000
118085  -48.007  26.835  4.951 0.0000000000
118086  -48.447  26.685  5.176 0.0000000000
118097  -47.281  26.872  4.499 0.0000000000
118098  -47.710  26.685  4.566 0.0000000000
