#!ascii label  , from subject ab_data vox2ras=TkReg
1803
95071  -5.915  5.403  44.992 0.0000000000
95090  -3.986  5.468  43.727 0.0000000000
95091  -4.992  5.326  44.144 0.0000000000
95092  -5.544  5.405  44.500 0.0000000000
95105  -3.288  5.883  43.214 0.0000000000
95106  -3.532  5.726  43.372 0.0000000000
96286  -6.538  6.186  45.098 0.0000000000
96301  -4.269  5.724  43.330 0.0000000000
96302  -4.812  5.712  43.371 0.0000000000
96303  -6.086  5.992  43.802 0.0000000000
96315  -2.779  6.261  42.950 0.0000000000
96316  -3.977  6.048  42.958 0.0000000000
96317  -5.248  6.327  42.747 0.0000000000
96318  -6.140  6.803  42.773 0.0000000000
96348  -1.936  6.232  38.364 0.0000000000
96349  -2.688  6.132  38.346 0.0000000000
97424  -6.637  7.284  45.509 0.0000000000
97436  -6.813  7.280  44.354 0.0000000000
97437  -6.928  7.925  43.690 0.0000000000
97446  -6.667  7.261  43.309 0.0000000000
97447  -7.015  8.077  43.044 0.0000000000
97453  -2.298  7.207  42.454 0.0000000000
97454  -3.339  6.952  42.373 0.0000000000
97455  -4.446  6.963  42.207 0.0000000000
97456  -5.551  7.212  42.136 0.0000000000
97457  -6.520  7.754  42.365 0.0000000000
97458  -7.005  8.343  42.523 0.0000000000
97464  -2.887  7.648  42.108 0.0000000000
97465  -3.707  7.741  41.896 0.0000000000
97466  -4.807  7.842  41.701 0.0000000000
97467  -5.816  8.051  41.704 0.0000000000
97468  -6.438  8.349  41.852 0.0000000000
97497  -1.521  7.016  38.253 0.0000000000
97498  -2.402  7.090  38.149 0.0000000000
97499  -3.020  6.656  38.222 0.0000000000
97511  -2.734  7.681  37.885 0.0000000000
97512  -3.476  7.238  38.013 0.0000000000
98656  -6.336  8.471  46.049 0.0000000000
98670  -6.680  8.300  44.959 0.0000000000
98681  -6.917  8.402  44.217 0.0000000000
98682  -7.138  8.648  43.555 0.0000000000
98687  -7.249  8.753  42.868 0.0000000000
98694  -1.834  8.010  42.265 0.0000000000
98695  -2.422  7.850  42.152 0.0000000000
98696  -6.831  8.464  42.120 0.0000000000
98697  -7.145  8.808  42.297 0.0000000000
98708  -2.749  8.508  41.859 0.0000000000
98709  -4.082  8.650  41.593 0.0000000000
98710  -5.206  8.727  41.501 0.0000000000
98711  -6.115  8.807  41.568 0.0000000000
98712  -6.729  8.828  41.794 0.0000000000
98713  -7.012  8.806  41.993 0.0000000000
98750  -1.159  7.797  38.090 0.0000000000
98751  -1.770  7.508  38.025 0.0000000000
98765  -0.864  8.594  37.705 0.0000000000
98766  -1.984  8.123  37.707 0.0000000000
98767  -3.035  8.248  37.684 0.0000000000
98768  -4.049  8.241  37.696 0.0000000000
98820  -8.851  8.514  34.031 0.0000000000
98821  -9.197  8.642  33.298 0.0000000000
98831  -9.375  8.669  32.602 0.0000000000
98885  -4.903  8.838  28.982 0.0000000000
98886  -5.652  9.108  28.933 0.0000000000
99819  -6.214  9.676  46.009 0.0000000000
99830  -6.689  9.487  45.106 0.0000000000
99831  -7.057  9.969  44.626 0.0000000000
99837  -6.806  8.899  44.603 0.0000000000
99838  -7.126  9.402  44.179 0.0000000000
99845  -7.357  9.388  43.279 0.0000000000
99856  -7.334  9.394  42.502 0.0000000000
99872  -3.446  9.565  41.626 0.0000000000
99873  -4.629  9.550  41.463 0.0000000000
99874  -5.727  9.533  41.416 0.0000000000
99875  -6.622  9.456  41.591 0.0000000000
99876  -7.095  9.213  41.957 0.0000000000
99921  -0.500  9.466  37.383 0.0000000000
99922  -1.463  9.157  37.350 0.0000000000
99923  -2.454  9.068  37.371 0.0000000000
99924  -3.458  9.060  37.404 0.0000000000
99925  -4.361  8.999  37.375 0.0000000000
99937  -1.122  9.833  37.051 0.0000000000
99938  -1.883  9.821  36.912 0.0000000000
99939  -2.869  9.781  36.883 0.0000000000
99940  -3.909  9.696  36.935 0.0000000000
99941  -5.111  9.353  36.976 0.0000000000
99957  -6.636  9.737  35.937 0.0000000000
99958  -7.392  9.434  35.572 0.0000000000
99959  -8.071  9.105  35.105 0.0000000000
99967  -7.880  9.741  35.016 0.0000000000
99968  -8.440  9.427  34.497 0.0000000000
99978  -8.959  9.422  33.702 0.0000000000
99979  -9.355  9.424  32.999 0.0000000000
99993  -9.494  9.408  32.189 0.0000000000
100000  -9.410  9.497  31.315 0.0000000000
100007  -8.350  9.025  30.179 0.0000000000
100008  -8.912  9.544  30.405 0.0000000000
100019  -6.118  9.102  29.093 0.0000000000
100020  -6.778  9.133  29.257 0.0000000000
100021  -8.000  9.469  29.546 0.0000000000
100022  -8.712  10.220  29.736 0.0000000000
100033  -3.019  9.194  28.520 0.0000000000
100034  -4.143  9.242  28.385 0.0000000000
100035  -5.157  9.415  28.394 0.0000000000
100036  -6.184  9.605  28.533 0.0000000000
100037  -7.215  9.812  28.693 0.0000000000
100038  -7.864  10.230  28.784 0.0000000000
100050  -1.211  9.875  28.540 0.0000000000
100051  -2.177  9.869  28.121 0.0000000000
100052  -3.373  9.783  27.799 0.0000000000
100053  -4.502  9.844  27.760 0.0000000000
100054  -5.489  10.002  27.851 0.0000000000
100055  -6.223  10.201  27.888 0.0000000000
101028  -5.995  10.653  46.250 0.0000000000
101038  -6.512  10.593  45.578 0.0000000000
101039  -7.024  10.582  44.910 0.0000000000
101049  -7.355  10.404  44.262 0.0000000000
101058  -7.439  10.059  43.641 0.0000000000
101067  -7.527  10.155  42.879 0.0000000000
101081  -4.058  10.369  41.392 0.0000000000
101082  -5.231  10.354  41.292 0.0000000000
101083  -6.393  10.346  41.411 0.0000000000
101084  -7.236  10.134  41.942 0.0000000000
101123  -0.632  10.199  37.068 0.0000000000
101135  -0.489  10.774  36.932 0.0000000000
101136  -1.191  10.545  36.644 0.0000000000
101137  -2.228  10.544  36.293 0.0000000000
101138  -3.274  10.360  36.304 0.0000000000
101139  -4.299  10.259  36.328 0.0000000000
101140  -5.304  10.160  36.209 0.0000000000
101141  -6.067  10.138  35.974 0.0000000000
101153  -2.777  10.923  35.764 0.0000000000
101154  -3.589  10.933  35.708 0.0000000000
101155  -4.603  10.854  35.716 0.0000000000
101156  -5.573  10.735  35.626 0.0000000000
101157  -6.615  10.462  35.433 0.0000000000
101158  -7.411  10.196  35.137 0.0000000000
101171  -7.163  10.784  34.886 0.0000000000
101172  -7.883  10.459  34.578 0.0000000000
101173  -8.536  10.233  33.936 0.0000000000
101185  -8.982  10.283  33.244 0.0000000000
101186  -9.355  10.063  32.618 0.0000000000
101197  -9.133  10.730  32.592 0.0000000000
101198  -9.451  10.398  31.907 0.0000000000
101202  -9.467  10.449  31.011 0.0000000000
101210  -9.176  10.723  30.215 0.0000000000
101220  -8.393  10.485  29.134 0.0000000000
101221  -8.850  10.990  29.497 0.0000000000
101234  -0.576  10.042  28.447 0.0000000000
101235  -6.786  10.155  28.143 0.0000000000
101236  -7.465  10.572  28.142 0.0000000000
101237  -8.140  10.890  28.487 0.0000000000
101254  -0.346  10.527  27.797 0.0000000000
101255  -1.219  10.709  27.904 0.0000000000
101256  -2.616  10.662  27.498 0.0000000000
101257  -3.859  10.552  27.353 0.0000000000
101258  -4.929  10.574  27.377 0.0000000000
101259  -5.856  10.650  27.445 0.0000000000
101260  -6.749  10.728  27.599 0.0000000000
101261  -7.393  11.133  27.622 0.0000000000
101277  -0.254  10.523  26.518 0.0000000000
101286  -0.099  10.329  25.311 0.0000000000
101294  0.146  10.973  24.012 0.0000000000
101295  -0.047  10.232  24.299 0.0000000000
101302  -0.072  11.098  23.692 0.0000000000
102229  -5.764  11.620  46.552 0.0000000000
102238  -6.369  11.590  45.979 0.0000000000
102239  -6.973  11.547  45.333 0.0000000000
102247  -7.531  11.484  44.507 0.0000000000
102248  -7.997  11.885  43.836 0.0000000000
102260  -7.737  10.970  43.539 0.0000000000
102261  -8.177  11.843  43.044 0.0000000000
102274  -7.743  11.081  42.447 0.0000000000
102275  -8.251  11.957  42.069 0.0000000000
102294  -4.629  10.993  40.998 0.0000000000
102295  -5.868  11.105  40.979 0.0000000000
102296  -7.314  11.466  41.291 0.0000000000
102297  -8.173  12.322  41.310 0.0000000000
102317  -4.040  11.399  40.539 0.0000000000
102318  -5.171  11.508  40.451 0.0000000000
102319  -6.376  11.796  40.369 0.0000000000
102320  -7.255  12.132  40.421 0.0000000000
102335  -4.547  11.752  39.849 0.0000000000
102336  -5.584  11.893  39.760 0.0000000000
102337  -6.357  12.107  39.615 0.0000000000
102369  -0.582  11.474  36.415 0.0000000000
102370  -1.467  11.221  36.029 0.0000000000
102371  -2.153  11.208  35.668 0.0000000000
102387  -1.005  11.780  35.797 0.0000000000
102388  -1.649  11.778  35.389 0.0000000000
102389  -2.725  11.714  35.068 0.0000000000
102390  -3.958  11.526  35.169 0.0000000000
102391  -4.966  11.399  35.167 0.0000000000
102392  -5.909  11.256  35.091 0.0000000000
102393  -6.638  11.170  34.873 0.0000000000
102410  -3.541  12.129  34.643 0.0000000000
102411  -4.436  12.028  34.616 0.0000000000
102412  -5.394  11.854  34.614 0.0000000000
102413  -6.266  11.709  34.550 0.0000000000
102414  -7.221  11.555  34.257 0.0000000000
102415  -8.176  11.037  33.894 0.0000000000
102416  -8.578  10.718  33.551 0.0000000000
102428  -7.419  12.081  33.704 0.0000000000
102429  -7.915  11.738  33.603 0.0000000000
102430  -8.595  11.325  33.100 0.0000000000
102438  -9.108  11.533  31.980 0.0000000000
102439  -9.391  10.998  31.472 0.0000000000
102442  -9.080  12.026  31.383 0.0000000000
102443  -9.276  11.557  30.908 0.0000000000
102451  -9.138  11.644  29.898 0.0000000000
102466  -8.559  11.236  28.887 0.0000000000
102467  -8.834  11.686  29.194 0.0000000000
102489  -7.887  11.291  27.922 0.0000000000
102490  -8.363  11.716  28.288 0.0000000000
102491  -8.623  11.697  28.776 0.0000000000
102515  -0.605  11.902  27.542 0.0000000000
102516  -1.950  11.841  27.158 0.0000000000
102517  -3.311  11.419  27.068 0.0000000000
102518  -4.418  11.267  26.985 0.0000000000
102519  -5.411  11.234  26.989 0.0000000000
102520  -6.311  11.272  27.085 0.0000000000
102521  -7.058  11.416  27.222 0.0000000000
102522  -7.663  11.806  27.421 0.0000000000
102523  -8.053  11.777  27.786 0.0000000000
102540  -0.066  11.642  27.044 0.0000000000
102541  -2.397  12.432  26.825 0.0000000000
102542  -3.017  12.218  26.788 0.0000000000
102543  -3.998  11.994  26.634 0.0000000000
102544  -4.993  11.880  26.560 0.0000000000
102545  -5.951  11.859  26.625 0.0000000000
102546  -6.814  11.866  26.812 0.0000000000
102547  -7.294  11.867  27.055 0.0000000000
102562  -0.078  11.390  25.849 0.0000000000
102576  0.196  11.581  24.392 0.0000000000
102577  0.107  11.101  24.788 0.0000000000
102591  0.123  11.529  23.903 0.0000000000
102592  -0.276  11.420  23.461 0.0000000000
102608  -0.314  11.953  23.327 0.0000000000
103450  -6.146  12.589  46.350 0.0000000000
103464  -6.758  12.567  45.718 0.0000000000
103465  -7.366  12.516  45.041 0.0000000000
103479  -7.884  12.573  44.322 0.0000000000
103480  -8.252  12.658  43.553 0.0000000000
103495  -8.437  12.724  42.676 0.0000000000
103508  -8.523  12.867  41.773 0.0000000000
103519  -7.890  12.424  40.623 0.0000000000
103520  -8.405  13.134  40.854 0.0000000000
103536  -7.002  12.257  39.767 0.0000000000
103537  -7.651  12.586  39.879 0.0000000000
103538  -8.167  13.085  39.993 0.0000000000
103560  -3.978  11.918  39.098 0.0000000000
103561  -5.036  11.952  39.043 0.0000000000
103562  -5.992  12.148  38.982 0.0000000000
103563  -6.809  12.322  39.021 0.0000000000
103564  -7.478  12.577  39.168 0.0000000000
103565  -8.051  12.975  39.219 0.0000000000
103582  -4.515  12.227  38.308 0.0000000000
103583  -5.527  12.311  38.262 0.0000000000
103584  -6.529  12.551  38.149 0.0000000000
103585  -7.297  12.693  38.479 0.0000000000
103586  -7.800  12.933  38.674 0.0000000000
103603  -4.030  12.609  37.604 0.0000000000
103604  -5.064  12.564  37.571 0.0000000000
103605  -5.923  12.672  37.570 0.0000000000
103621  -0.606  12.043  35.927 0.0000000000
103637  -0.329  12.995  35.661 0.0000000000
103638  -0.879  12.505  35.422 0.0000000000
103639  -1.896  12.532  34.731 0.0000000000
103640  -2.451  12.270  34.717 0.0000000000
103652  -2.186  12.996  34.250 0.0000000000
103653  -2.792  12.601  34.385 0.0000000000
103654  -3.906  12.793  33.985 0.0000000000
103655  -4.991  12.490  34.127 0.0000000000
103656  -5.927  12.307  34.168 0.0000000000
103657  -6.547  12.078  34.175 0.0000000000
103666  -4.177  13.272  33.473 0.0000000000
103667  -4.766  13.040  33.589 0.0000000000
103668  -5.633  12.819  33.666 0.0000000000
103669  -6.751  12.615  33.539 0.0000000000
103670  -7.733  12.338  33.279 0.0000000000
103671  -8.205  11.998  33.181 0.0000000000
103673  -7.025  13.206  32.882 0.0000000000
103674  -7.543  12.916  32.820 0.0000000000
103675  -8.338  12.448  32.523 0.0000000000
103678  -8.767  12.493  31.600 0.0000000000
103679  -8.985  12.481  30.977 0.0000000000
103682  -9.101  12.471  30.215 0.0000000000
103692  -8.990  12.396  29.363 0.0000000000
103711  -8.511  12.420  28.248 0.0000000000
103712  -8.710  12.159  28.735 0.0000000000
103728  -0.475  12.666  27.377 0.0000000000
103729  -1.070  12.700  27.344 0.0000000000
103730  -7.791  12.216  27.330 0.0000000000
103731  -8.140  12.377  27.643 0.0000000000
103744  -0.127  12.554  27.221 0.0000000000
103745  -1.901  12.818  26.840 0.0000000000
103746  -2.761  12.876  26.573 0.0000000000
103747  -3.658  12.732  26.400 0.0000000000
103748  -4.609  12.616  26.294 0.0000000000
103749  -5.578  12.579  26.319 0.0000000000
103750  -6.555  12.585  26.472 0.0000000000
103751  -7.536  12.492  26.968 0.0000000000
103752  -8.035  12.934  27.298 0.0000000000
103765  0.031  12.449  26.393 0.0000000000
103776  0.219  11.870  24.540 0.0000000000
103777  0.154  12.144  24.979 0.0000000000
103790  0.206  11.881  24.290 0.0000000000
103791  0.090  12.272  23.873 0.0000000000
103810  -0.381  12.528  23.182 0.0000000000
104630  -5.811  13.537  46.676 0.0000000000
104631  -6.471  13.679  46.058 0.0000000000
104645  -7.084  13.505  45.362 0.0000000000
104646  -7.646  13.460  44.701 0.0000000000
104656  -8.177  13.471  44.026 0.0000000000
104657  -8.434  13.519  43.193 0.0000000000
104668  -8.604  13.601  42.317 0.0000000000
104679  -8.619  13.733  41.453 0.0000000000
104690  -8.573  13.930  40.753 0.0000000000
104701  -8.452  13.798  40.094 0.0000000000
104715  -8.427  13.649  39.263 0.0000000000
104728  -7.228  12.958  37.830 0.0000000000
104729  -7.727  13.160  38.131 0.0000000000
104730  -8.200  13.482  38.436 0.0000000000
104744  -3.601  13.202  37.060 0.0000000000
104745  -4.664  12.987  36.935 0.0000000000
104746  -5.645  13.008  36.980 0.0000000000
104747  -6.699  13.285  37.076 0.0000000000
104748  -7.637  13.471  37.533 0.0000000000
104749  -8.011  13.532  37.888 0.0000000000
104761  -3.229  13.948  36.658 0.0000000000
104762  -4.287  13.652  36.463 0.0000000000
104763  -5.344  13.510  36.428 0.0000000000
104764  -6.032  13.450  36.592 0.0000000000
104777  -0.516  13.543  35.092 0.0000000000
104778  -1.178  13.031  34.813 0.0000000000
104787  -0.779  14.034  34.529 0.0000000000
104788  -1.567  13.649  34.164 0.0000000000
104789  -2.601  13.313  33.860 0.0000000000
104790  -3.192  13.110  33.870 0.0000000000
104797  -1.988  14.224  33.554 0.0000000000
104798  -2.473  13.937  33.425 0.0000000000
104799  -3.528  13.706  33.220 0.0000000000
104800  -4.601  13.590  33.151 0.0000000000
104801  -5.443  13.363  33.225 0.0000000000
104802  -6.040  13.107  33.335 0.0000000000
104804  -3.894  14.341  32.718 0.0000000000
104805  -4.458  14.186  32.697 0.0000000000
104806  -5.352  13.957  32.674 0.0000000000
104807  -6.366  13.546  32.794 0.0000000000
104808  -7.374  13.651  32.238 0.0000000000
104809  -7.914  13.147  32.298 0.0000000000
104812  -7.701  14.010  31.665 0.0000000000
104813  -8.274  13.509  31.513 0.0000000000
104814  -8.726  12.968  31.170 0.0000000000
104816  -8.518  13.913  30.796 0.0000000000
104817  -8.814  13.398  30.560 0.0000000000
104822  -9.021  13.330  29.529 0.0000000000
104834  -8.489  12.806  28.034 0.0000000000
104835  -8.795  13.056  28.562 0.0000000000
104845  -0.299  12.937  27.235 0.0000000000
104846  -0.610  13.060  27.227 0.0000000000
104847  -8.490  13.372  27.686 0.0000000000
104848  -8.852  13.708  28.189 0.0000000000
104857  -0.288  13.363  26.837 0.0000000000
104858  -1.173  13.476  26.872 0.0000000000
104859  -2.268  13.617  26.343 0.0000000000
104860  -3.301  13.428  26.153 0.0000000000
104861  -4.236  13.331  26.019 0.0000000000
104862  -5.193  13.304  26.017 0.0000000000
104863  -6.165  13.331  26.099 0.0000000000
104864  -7.197  13.542  26.301 0.0000000000
104865  -8.009  13.490  26.886 0.0000000000
104874  -0.010  13.329  25.867 0.0000000000
104875  -3.006  14.041  25.858 0.0000000000
104876  -3.848  14.027  25.749 0.0000000000
104877  -4.798  14.038  25.759 0.0000000000
104878  -5.758  14.043  25.801 0.0000000000
104879  -6.660  14.060  25.912 0.0000000000
104880  -7.146  14.093  26.022 0.0000000000
104887  0.008  13.312  24.755 0.0000000000
104898  -0.065  13.387  23.715 0.0000000000
105753  -6.039  14.465  46.492 0.0000000000
105754  -6.442  14.646  46.038 0.0000000000
105768  -6.854  14.440  45.574 0.0000000000
105769  -7.383  14.370  44.987 0.0000000000
105778  -7.891  14.332  44.334 0.0000000000
105779  -8.289  14.302  43.616 0.0000000000
105790  -8.512  14.368  42.787 0.0000000000
105796  -8.605  14.448  41.907 0.0000000000
105803  -8.554  14.506  41.074 0.0000000000
105810  -8.522  14.549  40.273 0.0000000000
105821  -8.584  14.470  39.404 0.0000000000
105834  -8.560  14.274  38.488 0.0000000000
105846  -7.056  13.882  36.500 0.0000000000
105847  -7.578  13.913  36.896 0.0000000000
105848  -8.236  14.111  37.544 0.0000000000
105860  -2.914  14.734  36.348 0.0000000000
105861  -3.907  14.405  36.087 0.0000000000
105862  -4.986  14.150  35.884 0.0000000000
105863  -6.332  14.116  36.005 0.0000000000
105864  -7.419  14.402  36.244 0.0000000000
105865  -7.982  14.548  36.723 0.0000000000
105876  -2.160  15.606  36.187 0.0000000000
105877  -2.657  15.411  36.059 0.0000000000
105878  -3.519  15.172  35.806 0.0000000000
105879  -4.511  14.956  35.571 0.0000000000
105880  -5.480  14.816  35.502 0.0000000000
105885  -0.316  14.488  34.782 0.0000000000
105886  -0.873  14.526  34.203 0.0000000000
105889  -1.547  14.660  33.654 0.0000000000
105890  -2.421  14.741  33.094 0.0000000000
105891  -2.910  14.224  32.999 0.0000000000
105894  -2.872  15.175  32.702 0.0000000000
105895  -3.381  14.752  32.662 0.0000000000
105896  -4.278  14.817  32.418 0.0000000000
105897  -5.202  14.817  32.131 0.0000000000
105898  -6.167  14.343  32.160 0.0000000000
105899  -6.782  14.054  32.187 0.0000000000
105902  -5.622  15.361  31.719 0.0000000000
105903  -6.131  15.032  31.650 0.0000000000
105904  -7.152  14.613  31.471 0.0000000000
105905  -7.872  14.206  31.338 0.0000000000
105908  -7.528  15.145  30.755 0.0000000000
105909  -8.213  14.638  30.621 0.0000000000
105910  -8.649  14.099  30.452 0.0000000000
105913  -8.609  14.978  29.923 0.0000000000
105914  -8.848  14.416  29.780 0.0000000000
105921  -9.029  14.218  28.648 0.0000000000
105928  -8.586  14.440  27.063 0.0000000000
105929  -8.883  14.199  27.848 0.0000000000
105935  -0.339  14.165  26.216 0.0000000000
105936  -0.834  14.303  26.417 0.0000000000
105937  -1.551  14.148  26.311 0.0000000000
105938  -7.390  14.154  26.111 0.0000000000
105939  -7.885  14.343  26.307 0.0000000000
105941  -0.176  14.269  25.522 0.0000000000
105942  -1.424  14.798  26.106 0.0000000000
105943  -2.294  14.585  25.825 0.0000000000
105944  -3.375  14.726  25.562 0.0000000000
105945  -4.368  14.789  25.517 0.0000000000
105946  -5.358  14.828  25.568 0.0000000000
105947  -6.331  14.802  25.639 0.0000000000
105948  -7.283  14.670  25.840 0.0000000000
105949  -7.890  14.961  26.011 0.0000000000
105951  -0.104  14.386  24.493 0.0000000000
105960  -0.045  14.407  23.383 0.0000000000
106783  -5.696  15.214  46.732 0.0000000000
106784  -6.161  15.282  46.257 0.0000000000
106793  -6.595  15.343  45.691 0.0000000000
106794  -7.104  15.070  45.222 0.0000000000
106803  -6.869  15.722  45.079 0.0000000000
106804  -7.448  15.356  44.458 0.0000000000
106805  -8.009  14.969  43.881 0.0000000000
106812  -7.746  15.615  43.530 0.0000000000
106813  -8.255  15.080  43.185 0.0000000000
106822  -7.925  15.768  42.688 0.0000000000
106823  -8.388  15.174  42.312 0.0000000000
106831  -7.964  15.852  41.750 0.0000000000
106832  -8.378  15.213  41.387 0.0000000000
106842  -7.875  15.911  40.592 0.0000000000
106843  -8.404  15.155  40.608 0.0000000000
106855  -7.827  16.002  39.819 0.0000000000
106856  -8.295  15.436  39.676 0.0000000000
106866  -8.531  15.138  38.645 0.0000000000
106875  -8.493  14.947  37.792 0.0000000000
106886  -7.178  14.909  35.629 0.0000000000
106887  -7.974  15.281  36.066 0.0000000000
106888  -8.330  15.076  37.014 0.0000000000
106898  -2.347  15.993  35.953 0.0000000000
106899  -3.125  15.941  35.694 0.0000000000
106900  -4.071  15.802  35.401 0.0000000000
106901  -5.119  15.636  35.171 0.0000000000
106902  -6.339  15.419  35.196 0.0000000000
106903  -7.314  15.732  35.375 0.0000000000
106907  -0.462  14.989  34.424 0.0000000000
106910  -0.454  16.029  34.326 0.0000000000
106911  -0.852  15.475  33.946 0.0000000000
106912  -1.774  15.506  33.262 0.0000000000
106916  -2.532  15.655  32.801 0.0000000000
106917  -3.236  15.675  32.518 0.0000000000
106918  -4.137  15.669  32.265 0.0000000000
106919  -4.671  15.262  32.167 0.0000000000
106922  -4.581  16.169  32.054 0.0000000000
106923  -5.084  15.798  31.861 0.0000000000
106924  -6.094  15.846  31.292 0.0000000000
106925  -6.589  15.291  31.271 0.0000000000
106928  -6.595  16.267  30.916 0.0000000000
106929  -7.002  15.725  30.805 0.0000000000
106930  -7.807  15.716  30.354 0.0000000000
106933  -8.449  15.698  29.691 0.0000000000
106934  -8.727  15.144  29.566 0.0000000000
106937  -8.638  16.150  29.086 0.0000000000
106938  -8.875  15.507  28.887 0.0000000000
106942  -8.786  15.198  26.976 0.0000000000
106943  -9.000  15.289  27.690 0.0000000000
106946  -0.422  14.814  25.988 0.0000000000
106947  -0.587  14.679  26.211 0.0000000000
106948  -8.390  15.368  26.385 0.0000000000
106949  -8.804  15.754  26.928 0.0000000000
106951  -0.353  15.388  25.337 0.0000000000
106952  -0.868  15.346  26.063 0.0000000000
106953  -1.814  15.489  25.703 0.0000000000
106954  -2.847  15.503  25.449 0.0000000000
106955  -3.889  15.547  25.291 0.0000000000
106956  -4.915  15.658  25.321 0.0000000000
106957  -5.938  15.703  25.434 0.0000000000
106958  -6.918  15.616  25.520 0.0000000000
106959  -7.746  15.564  25.799 0.0000000000
106963  -0.096  15.467  24.126 0.0000000000
106973  0.072  15.417  22.972 0.0000000000
107008  -0.936  15.476  19.442 0.0000000000
107743  -5.735  16.143  46.377 0.0000000000
107744  -6.238  15.803  45.988 0.0000000000
107750  -5.766  16.704  45.827 0.0000000000
107751  -6.276  16.349  45.460 0.0000000000
107762  -6.772  16.410  44.411 0.0000000000
107763  -7.295  16.127  43.802 0.0000000000
107772  -6.839  16.738  43.412 0.0000000000
107773  -7.415  16.294  43.044 0.0000000000
107783  -6.853  16.789  42.504 0.0000000000
107784  -7.438  16.350  42.165 0.0000000000
107795  -6.834  16.755  41.654 0.0000000000
107796  -7.374  16.390  41.264 0.0000000000
107809  -6.744  16.759  40.871 0.0000000000
107810  -7.196  16.498  40.510 0.0000000000
107822  -6.670  16.812  40.150 0.0000000000
107823  -7.266  16.532  39.689 0.0000000000
107824  -7.811  16.094  39.338 0.0000000000
107837  -7.514  16.560  38.823 0.0000000000
107838  -8.097  15.914  38.709 0.0000000000
107847  -7.887  16.542  37.954 0.0000000000
107848  -8.314  15.693  37.867 0.0000000000
107860  -1.936  16.473  36.061 0.0000000000
107861  -8.189  16.181  36.864 0.0000000000
107862  -8.353  15.460  37.364 0.0000000000
107872  -1.838  17.047  36.037 0.0000000000
107873  -2.584  16.754  35.713 0.0000000000
107874  -3.590  16.634  35.372 0.0000000000
107875  -4.564  16.622  35.029 0.0000000000
107876  -5.699  16.423  34.779 0.0000000000
107877  -6.866  16.735  34.822 0.0000000000
107878  -7.765  16.495  35.660 0.0000000000
107883  -5.196  17.164  34.731 0.0000000000
107884  -5.995  17.251  34.547 0.0000000000
107885  -6.526  17.453  34.615 0.0000000000
107890  -0.840  16.574  33.889 0.0000000000
107891  -1.372  16.155  33.426 0.0000000000
107896  -1.455  16.826  33.326 0.0000000000
107897  -2.043  16.473  32.933 0.0000000000
107898  -2.896  16.482  32.545 0.0000000000
107899  -3.637  16.445  32.326 0.0000000000
107903  -4.232  16.562  32.130 0.0000000000
107904  -4.830  16.696  31.872 0.0000000000
107905  -5.572  16.686  31.474 0.0000000000
107909  -6.319  16.784  31.075 0.0000000000
107910  -7.006  16.792  30.684 0.0000000000
107911  -7.489  16.393  30.384 0.0000000000
107915  -7.526  17.064  30.244 0.0000000000
107916  -8.000  16.711  29.877 0.0000000000
107920  -8.475  16.749  29.218 0.0000000000
107921  -8.784  16.679  28.647 0.0000000000
107925  -9.032  16.508  27.997 0.0000000000
107927  -8.619  16.433  26.530 0.0000000000
107928  -8.967  16.494  27.185 0.0000000000
107930  -0.708  16.384  25.571 0.0000000000
107931  -1.394  16.269  25.602 0.0000000000
107932  -2.328  16.403  25.303 0.0000000000
107933  -3.397  16.304  25.129 0.0000000000
107934  -4.404  16.394  25.046 0.0000000000
107935  -5.500  16.732  25.119 0.0000000000
107936  -6.569  16.583  25.323 0.0000000000
107937  -7.464  16.495  25.549 0.0000000000
107938  -8.166  16.392  25.960 0.0000000000
107943  -0.222  16.658  24.791 0.0000000000
107944  -3.012  16.958  24.896 0.0000000000
107945  -3.889  17.032  24.802 0.0000000000
107946  -4.789  17.181  24.875 0.0000000000
107947  -5.310  17.309  24.911 0.0000000000
107961  -0.074  16.471  23.639 0.0000000000
107973  -0.145  16.390  22.630 0.0000000000
108631  -5.572  17.227  45.275 0.0000000000
108632  -6.106  17.013  44.655 0.0000000000
108639  -5.419  17.523  44.190 0.0000000000
108640  -6.182  17.181  43.780 0.0000000000
108656  -5.346  17.503  43.104 0.0000000000
108657  -6.182  17.199  42.795 0.0000000000
108672  -5.440  17.418  42.060 0.0000000000
108673  -6.227  17.117  41.893 0.0000000000
108687  -5.685  17.332  41.152 0.0000000000
108688  -6.312  17.010  41.203 0.0000000000
108701  -5.460  17.803  40.257 0.0000000000
108702  -6.143  17.139  40.468 0.0000000000
108715  -5.800  18.074  39.675 0.0000000000
108716  -6.393  17.534  39.391 0.0000000000
108717  -7.058  16.999  39.039 0.0000000000
108731  -6.700  17.994  38.657 0.0000000000
108732  -7.216  17.493  38.343 0.0000000000
108748  -7.689  17.368  37.197 0.0000000000
108759  -7.819  17.439  36.173 0.0000000000
108766  -2.165  17.685  35.798 0.0000000000
108767  -3.234  17.624  35.254 0.0000000000
108768  -3.935  17.132  35.132 0.0000000000
108769  -6.909  17.870  34.719 0.0000000000
108770  -7.448  17.631  35.285 0.0000000000
108777  -3.688  18.112  34.933 0.0000000000
108778  -4.337  17.699  34.849 0.0000000000
108779  -5.378  17.900  34.610 0.0000000000
108780  -6.214  18.009  34.534 0.0000000000
108786  -0.610  17.491  34.297 0.0000000000
108787  -1.148  17.516  33.512 0.0000000000
108794  -1.802  17.455  32.932 0.0000000000
108795  -2.533  17.340  32.568 0.0000000000
108796  -3.390  17.388  32.276 0.0000000000
108797  -3.888  16.962  32.181 0.0000000000
108802  -3.740  17.958  32.098 0.0000000000
108803  -4.269  17.493  31.979 0.0000000000
108804  -5.177  17.522  31.601 0.0000000000
108805  -5.940  17.552  31.243 0.0000000000
108809  -6.624  17.623  30.836 0.0000000000
108810  -7.241  17.716  30.382 0.0000000000
108814  -7.773  17.716  29.877 0.0000000000
108815  -8.307  17.662  29.374 0.0000000000
108821  -8.729  17.629  28.768 0.0000000000
108822  -9.058  17.559  28.128 0.0000000000
108826  -9.152  17.499  27.395 0.0000000000
108829  -8.438  17.119  26.160 0.0000000000
108830  -8.884  17.476  26.601 0.0000000000
108835  -0.666  17.187  25.255 0.0000000000
108836  -1.254  17.020  25.380 0.0000000000
108837  -1.748  16.791  25.307 0.0000000000
108838  -5.677  17.489  24.936 0.0000000000
108839  -6.351  17.551  25.089 0.0000000000
108840  -7.155  17.424  25.312 0.0000000000
108841  -8.000  17.450  25.641 0.0000000000
108842  -8.567  17.809  26.005 0.0000000000
108850  -0.501  17.760  24.731 0.0000000000
108851  -1.155  17.813  25.059 0.0000000000
108852  -2.163  17.468  24.963 0.0000000000
108853  -3.360  17.698  24.673 0.0000000000
108854  -4.349  17.793  24.659 0.0000000000
108855  -5.241  17.853  24.782 0.0000000000
108856  -5.934  18.023  24.880 0.0000000000
108870  -0.104  17.559  24.020 0.0000000000
108880  -0.124  17.266  23.165 0.0000000000
108888  -0.219  17.434  22.250 0.0000000000
109580  -6.061  18.562  39.415 0.0000000000
109598  -6.474  18.551  38.843 0.0000000000
109599  -6.944  18.559  38.219 0.0000000000
109616  -7.364  18.403  37.426 0.0000000000
109627  -7.623  18.242  36.603 0.0000000000
109636  -1.680  18.546  36.108 0.0000000000
109637  -2.536  18.558  35.578 0.0000000000
109638  -3.323  18.610  35.118 0.0000000000
109639  -7.213  18.541  35.018 0.0000000000
109640  -7.574  18.672  35.744 0.0000000000
109648  -4.008  18.603  34.814 0.0000000000
109649  -4.810  18.600  34.637 0.0000000000
109650  -5.723  18.746  34.519 0.0000000000
109651  -6.605  18.845  34.680 0.0000000000
109656  -0.779  18.424  33.770 0.0000000000
109661  -1.442  18.368  33.008 0.0000000000
109662  -2.172  18.255  32.446 0.0000000000
109663  -2.809  18.005  32.308 0.0000000000
109667  -2.610  18.563  32.116 0.0000000000
109668  -3.233  18.430  32.018 0.0000000000
109669  -4.005  18.491  31.875 0.0000000000
109670  -4.813  18.411  31.622 0.0000000000
109671  -5.591  18.342  31.331 0.0000000000
109674  -6.217  18.382  30.981 0.0000000000
109675  -6.852  18.523  30.536 0.0000000000
109681  -7.506  18.579  30.044 0.0000000000
109682  -8.117  18.590  29.556 0.0000000000
109689  -8.627  18.571  28.987 0.0000000000
109690  -9.030  18.529  28.329 0.0000000000
109693  -9.292  18.481  27.608 0.0000000000
109697  -9.331  18.443  26.822 0.0000000000
109706  -6.925  18.007  25.124 0.0000000000
109707  -7.511  18.458  25.199 0.0000000000
109708  -8.381  18.507  25.594 0.0000000000
109709  -8.931  18.504  26.142 0.0000000000
109722  -0.908  18.640  24.726 0.0000000000
109723  -1.827  18.583  24.752 0.0000000000
109724  -2.883  18.498  24.596 0.0000000000
109725  -3.917  18.497  24.497 0.0000000000
109726  -4.858  18.545  24.552 0.0000000000
109727  -5.733  18.630  24.673 0.0000000000
109728  -6.643  18.579  24.882 0.0000000000
109729  -7.204  18.956  24.940 0.0000000000
109746  -0.295  18.590  24.204 0.0000000000
109757  0.031  18.429  23.173 0.0000000000
109764  0.025  18.631  21.969 0.0000000000
110522  -6.652  19.867  39.295 0.0000000000
110533  -6.404  19.210  39.180 0.0000000000
110534  -6.912  19.538  38.630 0.0000000000
110547  -7.335  19.473  37.720 0.0000000000
110562  -7.533  19.356  36.680 0.0000000000
110570  -2.059  19.472  35.850 0.0000000000
110571  -2.956  19.468  35.385 0.0000000000
110572  -3.712  19.359  35.006 0.0000000000
110573  -6.401  20.151  35.126 0.0000000000
110574  -6.965  19.602  35.164 0.0000000000
110575  -7.422  19.734  35.901 0.0000000000
110580  -4.359  19.296  34.762 0.0000000000
110581  -5.138  19.421  34.642 0.0000000000
110582  -6.110  19.649  34.768 0.0000000000
110583  -6.597  19.374  34.816 0.0000000000
110590  -0.941  19.287  33.156 0.0000000000
110596  -1.726  19.274  32.318 0.0000000000
110597  -2.257  18.833  32.112 0.0000000000
110603  -1.967  19.737  31.778 0.0000000000
110604  -2.547  19.296  31.786 0.0000000000
110605  -3.511  19.298  31.662 0.0000000000
110606  -4.400  19.306  31.569 0.0000000000
110607  -5.404  19.339  31.294 0.0000000000
110608  -5.890  18.863  31.102 0.0000000000
110614  -5.856  19.882  31.069 0.0000000000
110615  -6.301  19.399  30.799 0.0000000000
110616  -7.183  19.451  30.277 0.0000000000
110624  -7.849  19.486  29.764 0.0000000000
110625  -8.411  19.504  29.206 0.0000000000
110630  -8.857  19.485  28.548 0.0000000000
110631  -9.252  19.445  27.858 0.0000000000
110636  -9.477  19.416  27.098 0.0000000000
110645  -9.267  19.411  26.319 0.0000000000
110658  -7.522  19.253  24.972 0.0000000000
110659  -8.096  19.468  25.182 0.0000000000
110660  -8.779  19.425  25.687 0.0000000000
110675  -0.688  19.300  24.365 0.0000000000
110676  -1.501  19.485  24.499 0.0000000000
110677  -2.540  19.470  24.440 0.0000000000
110678  -3.557  19.258  24.381 0.0000000000
110679  -4.496  19.221  24.338 0.0000000000
110680  -5.383  19.278  24.389 0.0000000000
110681  -6.310  19.485  24.469 0.0000000000
110682  -7.097  19.508  24.688 0.0000000000
110683  -7.639  19.839  24.828 0.0000000000
110698  -0.171  19.676  23.807 0.0000000000
110699  -0.898  19.960  24.282 0.0000000000
110700  -2.794  19.979  24.220 0.0000000000
110701  -3.314  19.926  24.164 0.0000000000
110702  -4.187  19.863  24.067 0.0000000000
110703  -5.064  19.853  24.051 0.0000000000
110704  -5.819  19.894  24.110 0.0000000000
110711  0.394  20.372  21.908 0.0000000000
110712  0.258  19.787  22.594 0.0000000000
110719  0.354  20.426  21.520 0.0000000000
110720  0.129  19.796  21.388 0.0000000000
110727  -0.604  19.543  20.539 0.0000000000
111488  -7.147  20.573  39.059 0.0000000000
111495  -7.435  20.522  38.173 0.0000000000
111504  -7.439  20.481  37.217 0.0000000000
111516  -7.341  20.419  36.424 0.0000000000
111533  -1.701  20.387  36.149 0.0000000000
111534  -2.583  20.395  35.730 0.0000000000
111535  -3.747  20.353  35.346 0.0000000000
111536  -4.836  20.712  35.287 0.0000000000
111537  -5.821  20.638  35.250 0.0000000000
111538  -6.575  20.641  35.543 0.0000000000
111539  -7.118  20.483  35.872 0.0000000000
111553  -4.068  19.768  34.947 0.0000000000
111554  -4.552  19.984  34.886 0.0000000000
111555  -5.294  20.120  34.878 0.0000000000
111568  -0.547  19.995  33.342 0.0000000000
111577  -0.499  20.649  33.226 0.0000000000
111578  -0.970  20.235  32.630 0.0000000000
111588  -1.558  20.250  31.898 0.0000000000
111589  -2.192  20.263  31.526 0.0000000000
111590  -3.034  20.180  31.480 0.0000000000
111591  -3.909  20.143  31.461 0.0000000000
111592  -4.751  20.153  31.391 0.0000000000
111600  -5.470  20.342  31.178 0.0000000000
111601  -6.115  20.432  30.834 0.0000000000
111602  -6.847  20.350  30.437 0.0000000000
111609  -7.534  20.352  29.961 0.0000000000
111610  -8.109  20.402  29.418 0.0000000000
111619  -8.592  20.452  28.764 0.0000000000
111620  -9.055  20.402  28.096 0.0000000000
111632  -9.338  20.352  27.382 0.0000000000
111645  -9.362  20.383  26.597 0.0000000000
111659  -8.542  20.351  25.294 0.0000000000
111660  -9.062  20.370  25.835 0.0000000000
111674  -2.056  19.856  24.348 0.0000000000
111675  -2.416  20.034  24.233 0.0000000000
111676  -6.871  19.968  24.359 0.0000000000
111677  -7.417  20.445  24.334 0.0000000000
111678  -8.061  20.430  24.802 0.0000000000
111689  -0.763  20.613  23.891 0.0000000000
111690  -1.801  20.365  24.088 0.0000000000
111691  -2.895  20.413  23.901 0.0000000000
111692  -3.875  20.453  23.734 0.0000000000
111693  -4.792  20.450  23.688 0.0000000000
111694  -5.672  20.450  23.730 0.0000000000
111695  -6.609  20.439  23.948 0.0000000000
111696  -7.213  20.844  23.888 0.0000000000
111698  0.353  20.926  22.436 0.0000000000
111699  -0.071  20.715  23.276 0.0000000000
111707  0.458  21.004  21.618 0.0000000000
111708  0.317  20.574  21.198 0.0000000000
111712  0.412  21.097  20.999 0.0000000000
111713  0.001  20.617  20.535 0.0000000000
111714  -0.704  20.222  20.071 0.0000000000
111717  -0.452  20.857  19.885 0.0000000000
112426  -7.099  21.579  39.570 0.0000000000
112437  -7.456  21.573  38.644 0.0000000000
112447  -7.484  21.585  37.688 0.0000000000
112460  -2.305  21.687  36.311 0.0000000000
112461  -7.003  21.926  36.483 0.0000000000
112462  -7.239  21.511  36.763 0.0000000000
112479  -2.245  21.065  36.152 0.0000000000
112480  -3.120  21.418  36.078 0.0000000000
112481  -4.313  21.488  35.808 0.0000000000
112482  -5.299  21.528  35.691 0.0000000000
112483  -6.124  21.513  35.781 0.0000000000
112484  -6.827  21.458  36.166 0.0000000000
112485  -7.152  20.961  36.302 0.0000000000
112505  -0.543  21.345  32.656 0.0000000000
112506  -1.025  20.885  31.993 0.0000000000
112511  -0.808  21.622  31.728 0.0000000000
112512  -1.594  21.180  31.417 0.0000000000
112513  -2.600  21.062  31.302 0.0000000000
112514  -3.509  21.035  31.349 0.0000000000
112515  -4.305  20.891  31.388 0.0000000000
112516  -4.978  20.873  31.301 0.0000000000
112519  -4.002  21.466  31.218 0.0000000000
112520  -4.645  21.512  31.123 0.0000000000
112521  -5.555  21.300  30.884 0.0000000000
112522  -6.472  21.263  30.435 0.0000000000
112523  -7.198  21.148  30.050 0.0000000000
112527  -7.717  21.218  29.577 0.0000000000
112528  -8.256  21.345  29.044 0.0000000000
112538  -8.788  21.557  28.249 0.0000000000
112539  -9.179  21.091  27.649 0.0000000000
112552  -9.178  21.756  27.510 0.0000000000
112553  -9.330  21.362  26.958 0.0000000000
112565  -9.236  21.370  26.057 0.0000000000
112575  -8.456  20.998  24.852 0.0000000000
112576  -8.890  21.302  25.213 0.0000000000
112586  -7.562  21.128  23.925 0.0000000000
112587  -8.169  21.384  24.224 0.0000000000
112588  -8.629  21.466  24.671 0.0000000000
112595  -0.680  21.298  23.459 0.0000000000
112596  -1.511  21.204  23.567 0.0000000000
112597  -2.522  21.069  23.458 0.0000000000
112598  -3.537  21.065  23.370 0.0000000000
112599  -4.501  21.071  23.320 0.0000000000
112600  -5.408  21.072  23.340 0.0000000000
112601  -6.252  21.107  23.434 0.0000000000
112602  -7.141  21.452  23.479 0.0000000000
112603  -7.740  21.540  23.753 0.0000000000
112608  0.397  21.892  22.056 0.0000000000
112609  -0.198  21.726  22.863 0.0000000000
112610  -1.199  21.886  23.107 0.0000000000
112611  -2.196  21.783  23.038 0.0000000000
112612  -3.205  21.736  22.979 0.0000000000
112613  -4.187  21.671  22.866 0.0000000000
112614  -5.146  21.656  22.838 0.0000000000
112615  -6.022  21.640  22.960 0.0000000000
112616  -6.565  21.596  23.170 0.0000000000
112624  0.452  21.802  21.220 0.0000000000
112628  0.251  21.606  20.585 0.0000000000
112629  -0.125  21.519  20.043 0.0000000000
112632  -0.591  21.488  19.509 0.0000000000
113303  -7.487  22.584  39.113 0.0000000000
113315  -7.608  22.626  38.187 0.0000000000
113326  -7.495  22.772  37.204 0.0000000000
113340  -1.966  22.014  36.396 0.0000000000
113341  -6.835  22.191  36.350 0.0000000000
113342  -7.108  22.562  36.532 0.0000000000
113359  -1.949  22.938  36.185 0.0000000000
113360  -2.611  22.503  36.289 0.0000000000
113361  -3.906  22.455  36.169 0.0000000000
113362  -4.911  22.392  35.912 0.0000000000
113363  -5.738  22.377  35.895 0.0000000000
113364  -6.458  22.382  36.101 0.0000000000
113365  -6.821  22.611  36.259 0.0000000000
113384  0.191  23.189  32.319 0.0000000000
113385  -0.159  22.539  32.066 0.0000000000
113389  -0.999  22.381  30.841 0.0000000000
113390  -2.186  21.920  30.938 0.0000000000
113391  -3.118  21.714  31.037 0.0000000000
113392  -3.631  21.604  31.125 0.0000000000
113395  -1.366  23.018  30.344 0.0000000000
113396  -1.962  22.717  30.470 0.0000000000
113397  -2.897  22.473  30.651 0.0000000000
113398  -3.933  22.129  30.844 0.0000000000
113399  -5.008  22.170  30.686 0.0000000000
113400  -5.956  22.305  30.223 0.0000000000
113401  -6.949  21.936  29.938 0.0000000000
113402  -7.400  21.671  29.705 0.0000000000
113405  -6.128  22.972  29.795 0.0000000000
113406  -6.707  22.710  29.647 0.0000000000
113407  -7.659  22.357  29.240 0.0000000000
113408  -8.322  22.002  28.788 0.0000000000
113417  -7.843  22.981  28.704 0.0000000000
113418  -8.302  22.657  28.419 0.0000000000
113427  -8.921  22.642  27.446 0.0000000000
113428  -9.258  22.075  27.100 0.0000000000
113437  -9.039  23.088  26.789 0.0000000000
113438  -9.239  22.479  26.428 0.0000000000
113448  -9.274  22.331  25.345 0.0000000000
113460  -8.472  22.079  23.930 0.0000000000
113461  -8.909  22.184  24.404 0.0000000000
113467  -7.354  22.110  23.157 0.0000000000
113468  -7.969  22.230  23.452 0.0000000000
113469  -8.618  22.583  23.757 0.0000000000
113475  0.262  22.505  22.004 0.0000000000
113476  -0.053  22.475  22.355 0.0000000000
113477  -0.878  22.445  22.549 0.0000000000
113478  -1.854  22.415  22.556 0.0000000000
113479  -2.860  22.376  22.516 0.0000000000
113480  -3.848  22.302  22.422 0.0000000000
113481  -4.811  22.286  22.393 0.0000000000
113482  -5.840  22.390  22.426 0.0000000000
113483  -6.780  22.182  22.807 0.0000000000
113484  -7.463  22.555  22.882 0.0000000000
113488  0.321  22.648  21.506 0.0000000000
113489  0.046  22.938  21.932 0.0000000000
113490  -0.588  23.009  22.084 0.0000000000
113491  -1.481  23.045  22.110 0.0000000000
113492  -2.481  22.983  22.008 0.0000000000
113493  -3.490  22.902  21.911 0.0000000000
113494  -4.464  22.885  21.918 0.0000000000
113495  -5.295  22.893  22.019 0.0000000000
113499  0.307  22.619  20.572 0.0000000000
113500  0.090  22.064  20.196 0.0000000000
113503  0.291  23.071  20.046 0.0000000000
113504  -0.158  22.539  19.591 0.0000000000
113505  -0.702  22.016  19.183 0.0000000000
113509  -0.372  23.021  18.958 0.0000000000
114146  -7.609  23.581  38.683 0.0000000000
114155  -7.673  23.672  37.795 0.0000000000
114164  -7.671  23.868  37.038 0.0000000000
114177  -7.439  23.568  36.465 0.0000000000
114191  -2.476  23.297  35.745 0.0000000000
114192  -3.568  23.221  35.720 0.0000000000
114193  -4.615  23.122  35.614 0.0000000000
114194  -5.512  23.070  35.596 0.0000000000
114195  -6.216  23.059  35.755 0.0000000000
114196  -6.900  23.252  35.918 0.0000000000
114210  -2.112  23.797  35.175 0.0000000000
114211  -3.287  23.777  34.823 0.0000000000
114212  -4.339  23.537  34.962 0.0000000000
114213  -5.374  23.516  34.747 0.0000000000
114214  -6.208  23.466  35.121 0.0000000000
114215  -6.607  23.447  35.418 0.0000000000
114225  -3.736  24.001  34.099 0.0000000000
114226  -4.284  23.786  34.244 0.0000000000
114227  -4.815  23.619  34.404 0.0000000000
114231  0.387  23.900  32.355 0.0000000000
114232  0.108  23.282  31.966 0.0000000000
114236  0.240  24.251  31.717 0.0000000000
114237  -0.133  23.589  31.248 0.0000000000
114240  -0.900  23.571  29.990 0.0000000000
114241  -1.778  23.352  30.000 0.0000000000
114242  -2.635  23.227  30.200 0.0000000000
114243  -3.599  23.039  30.348 0.0000000000
114244  -4.587  22.839  30.366 0.0000000000
114245  -5.252  22.667  30.312 0.0000000000
114247  -1.067  24.043  29.370 0.0000000000
114248  -1.549  23.877  29.479 0.0000000000
114249  -2.356  23.812  29.639 0.0000000000
114250  -3.279  23.730  29.809 0.0000000000
114251  -4.292  23.570  29.907 0.0000000000
114252  -5.415  23.270  29.899 0.0000000000
114253  -6.367  23.540  29.351 0.0000000000
114254  -7.060  23.088  29.267 0.0000000000
114262  -6.579  24.025  28.902 0.0000000000
114263  -7.341  23.623  28.669 0.0000000000
114264  -7.933  23.233  28.406 0.0000000000
114274  -7.607  24.120  28.018 0.0000000000
114275  -8.160  23.645  27.813 0.0000000000
114285  -8.749  23.634  26.958 0.0000000000
114286  -9.020  23.553  26.281 0.0000000000
114299  -9.232  23.416  25.487 0.0000000000
114309  -9.258  23.307  24.560 0.0000000000
114313  -8.507  23.236  23.297 0.0000000000
114314  -8.985  23.224  23.806 0.0000000000
114320  -6.501  22.771  22.338 0.0000000000
114321  -7.123  23.121  22.366 0.0000000000
114322  -7.915  23.223  22.805 0.0000000000
114325  0.138  23.298  21.558 0.0000000000
114326  -0.264  23.509  21.727 0.0000000000
114327  -1.021  23.662  21.758 0.0000000000
114328  -2.049  23.630  21.462 0.0000000000
114329  -3.085  23.473  21.400 0.0000000000
114330  -4.140  23.543  21.345 0.0000000000
114331  -5.112  23.486  21.548 0.0000000000
114332  -6.174  23.437  21.864 0.0000000000
114333  -7.082  23.969  21.921 0.0000000000
114336  0.324  23.489  21.083 0.0000000000
114337  -2.758  23.940  20.981 0.0000000000
114338  -3.546  24.002  20.852 0.0000000000
114339  -4.322  24.157  20.831 0.0000000000
114342  0.395  23.751  20.311 0.0000000000
114343  0.268  23.417  19.724 0.0000000000
114347  0.430  24.080  19.641 0.0000000000
114348  0.061  23.676  19.022 0.0000000000
115005  -7.665  24.553  38.273 0.0000000000
115012  -7.773  24.642  37.373 0.0000000000
115023  -7.899  24.662  36.358 0.0000000000
115024  -8.154  25.136  35.838 0.0000000000
115034  -7.549  24.130  35.666 0.0000000000
115035  -8.043  24.833  35.468 0.0000000000
115047  -1.923  24.233  34.518 0.0000000000
115048  -2.610  24.054  34.601 0.0000000000
115049  -5.838  23.750  34.054 0.0000000000
115050  -6.328  23.781  34.344 0.0000000000
115051  -7.083  23.986  34.839 0.0000000000
115052  -7.741  24.522  34.996 0.0000000000
115066  -1.786  24.689  33.677 0.0000000000
115067  -3.064  24.300  33.799 0.0000000000
115068  -4.232  24.045  33.493 0.0000000000
115069  -5.235  23.801  33.712 0.0000000000
115070  -6.353  24.089  33.511 0.0000000000
115071  -6.911  24.160  33.942 0.0000000000
115080  -1.047  25.630  33.241 0.0000000000
115081  -1.588  25.326  33.026 0.0000000000
115082  -2.785  24.976  32.609 0.0000000000
115083  -4.063  24.540  32.544 0.0000000000
115084  -5.008  24.179  32.747 0.0000000000
115085  -5.901  24.197  32.856 0.0000000000
115090  0.492  24.856  32.059 0.0000000000
115091  0.137  24.687  31.250 0.0000000000
115092  -3.211  25.269  31.965 0.0000000000
115093  -3.673  25.062  31.940 0.0000000000
115097  -0.264  24.513  30.292 0.0000000000
115105  -0.734  24.554  29.235 0.0000000000
115106  -1.313  24.355  29.005 0.0000000000
115107  -2.049  24.330  29.089 0.0000000000
115108  -2.926  24.340  29.261 0.0000000000
115109  -3.911  24.228  29.348 0.0000000000
115110  -4.947  24.077  29.434 0.0000000000
115111  -5.649  23.870  29.415 0.0000000000
115120  -0.771  24.867  28.816 0.0000000000
115121  -1.011  24.814  28.641 0.0000000000
115122  -1.709  24.822  28.575 0.0000000000
115123  -2.553  24.830  28.657 0.0000000000
115124  -3.500  24.809  28.757 0.0000000000
115125  -4.544  24.687  28.812 0.0000000000
115126  -5.800  24.442  28.833 0.0000000000
115127  -6.667  24.323  28.567 0.0000000000
115135  -6.390  24.785  28.271 0.0000000000
115136  -7.116  24.622  28.051 0.0000000000
115137  -7.801  24.606  27.564 0.0000000000
115155  -8.403  24.586  26.940 0.0000000000
115156  -8.770  24.231  26.399 0.0000000000
115176  -8.681  24.911  26.192 0.0000000000
115177  -8.997  24.481  25.648 0.0000000000
115193  -9.237  24.386  24.721 0.0000000000
115203  -8.821  23.797  23.363 0.0000000000
115204  -9.169  24.331  23.664 0.0000000000
115215  -7.672  23.890  22.336 0.0000000000
115216  -8.503  24.376  22.697 0.0000000000
115217  -9.036  24.829  23.024 0.0000000000
115228  0.047  23.846  21.378 0.0000000000
115229  -0.470  24.182  21.380 0.0000000000
115230  -1.376  24.281  21.231 0.0000000000
115231  -2.183  24.225  20.929 0.0000000000
115232  -4.862  23.999  21.064 0.0000000000
115233  -5.630  24.238  21.197 0.0000000000
115234  -6.636  24.737  21.349 0.0000000000
115235  -7.639  24.752  21.931 0.0000000000
115236  -8.167  25.051  22.162 0.0000000000
115246  0.173  24.630  20.840 0.0000000000
115247  -0.819  24.928  20.861 0.0000000000
115248  -1.846  24.839  20.609 0.0000000000
115249  -2.914  24.560  20.485 0.0000000000
115250  -3.986  24.664  20.479 0.0000000000
115251  -4.973  24.736  20.646 0.0000000000
115252  -5.926  25.087  20.819 0.0000000000
115253  -6.423  25.276  20.959 0.0000000000
115264  0.550  24.803  19.934 0.0000000000
115276  0.476  24.720  19.099 0.0000000000
115277  0.098  24.536  18.405 0.0000000000
115981  -7.929  25.587  36.910 0.0000000000
115982  -8.161  25.593  36.099 0.0000000000
115990  -8.256  25.507  35.426 0.0000000000
115999  -7.684  24.570  34.516 0.0000000000
116000  -8.160  25.205  34.568 0.0000000000
116010  -0.682  25.826  33.318 0.0000000000
116011  -7.020  24.403  33.394 0.0000000000
116012  -7.572  24.696  33.760 0.0000000000
116013  -8.096  25.544  33.625 0.0000000000
116022  -0.530  26.260  33.059 0.0000000000
116023  -1.239  26.046  32.717 0.0000000000
116024  -2.141  25.607  32.266 0.0000000000
116025  -2.854  25.459  31.952 0.0000000000
116026  -4.905  24.562  32.157 0.0000000000
116027  -5.699  24.580  32.112 0.0000000000
116028  -7.024  24.845  32.507 0.0000000000
116029  -7.850  25.448  33.046 0.0000000000
116030  -8.065  25.740  33.212 0.0000000000
116039  0.427  25.409  31.542 0.0000000000
116040  -1.885  26.178  31.909 0.0000000000
116041  -2.629  25.932  31.622 0.0000000000
116042  -3.531  25.675  31.446 0.0000000000
116043  -4.847  25.199  31.443 0.0000000000
116044  -6.282  25.210  31.535 0.0000000000
116045  -6.955  25.410  31.690 0.0000000000
116052  0.519  26.095  31.375 0.0000000000
116053  0.164  25.516  30.631 0.0000000000
116054  -4.342  25.892  30.965 0.0000000000
116055  -4.830  25.799  30.903 0.0000000000
116066  -0.231  25.355  29.625 0.0000000000
116078  -0.677  25.345  28.713 0.0000000000
116079  -1.360  25.442  28.142 0.0000000000
116080  -2.174  25.323  28.120 0.0000000000
116081  -3.065  25.349  28.171 0.0000000000
116082  -4.055  25.323  28.248 0.0000000000
116083  -5.067  25.207  28.276 0.0000000000
116084  -5.859  25.114  28.173 0.0000000000
116097  -1.881  25.789  27.759 0.0000000000
116098  -2.596  25.858  27.601 0.0000000000
116099  -3.588  25.863  27.599 0.0000000000
116100  -4.598  25.807  27.708 0.0000000000
116101  -5.547  25.682  27.740 0.0000000000
116102  -6.487  25.407  27.735 0.0000000000
116103  -7.384  25.381  27.393 0.0000000000
116104  -7.971  25.228  27.069 0.0000000000
116121  -7.752  25.741  26.912 0.0000000000
116122  -8.293  25.728  26.373 0.0000000000
116140  -8.803  25.512  25.585 0.0000000000
116141  -9.158  25.378  24.923 0.0000000000
116158  -9.336  25.392  24.065 0.0000000000
116171  -9.241  25.395  23.203 0.0000000000
116182  -8.495  25.567  22.206 0.0000000000
116183  -8.896  25.273  22.705 0.0000000000
116193  -6.732  25.482  21.024 0.0000000000
116194  -7.315  25.740  21.303 0.0000000000
116195  -7.977  25.492  21.820 0.0000000000
116203  0.282  25.767  20.053 0.0000000000
116204  -0.367  25.618  20.438 0.0000000000
116205  -1.367  25.755  20.185 0.0000000000
116206  -2.530  25.375  20.037 0.0000000000
116207  -3.574  25.300  20.093 0.0000000000
116208  -4.501  25.392  20.217 0.0000000000
116209  -5.409  25.824  20.295 0.0000000000
116210  -6.358  25.807  20.691 0.0000000000
116211  -6.850  25.879  20.913 0.0000000000
116219  0.557  25.689  19.255 0.0000000000
116220  -1.626  26.320  19.717 0.0000000000
116221  -2.283  26.117  19.623 0.0000000000
116222  -3.265  25.967  19.647 0.0000000000
116223  -4.199  25.933  19.827 0.0000000000
116224  -4.786  25.912  20.000 0.0000000000
116233  0.376  25.540  18.247 0.0000000000
116245  0.216  25.876  17.652 0.0000000000
116896  -8.193  26.144  35.650 0.0000000000
116906  -7.840  26.786  35.404 0.0000000000
116907  -8.247  26.171  34.935 0.0000000000
116915  -7.846  26.989  34.515 0.0000000000
116916  -8.223  26.198  34.039 0.0000000000
116926  -7.877  27.054  33.416 0.0000000000
116927  -8.130  26.100  33.258 0.0000000000
116936  -0.776  26.548  32.691 0.0000000000
116937  -7.351  25.696  31.806 0.0000000000
116938  -7.860  26.194  32.411 0.0000000000
116939  -8.023  25.871  32.971 0.0000000000
116948  -0.706  27.442  32.164 0.0000000000
116949  -1.255  26.882  32.057 0.0000000000
116950  -2.429  26.726  31.254 0.0000000000
116951  -3.056  26.209  31.227 0.0000000000
116952  -5.256  25.838  30.811 0.0000000000
116953  -5.931  25.709  30.905 0.0000000000
116954  -6.940  26.053  31.072 0.0000000000
116955  -7.503  26.241  31.608 0.0000000000
116964  0.360  26.691  30.480 0.0000000000
116965  -0.017  25.996  29.989 0.0000000000
116966  -2.959  27.185  30.676 0.0000000000
116967  -3.652  26.603  30.745 0.0000000000
116968  -4.857  26.333  30.513 0.0000000000
116969  -5.763  26.263  30.484 0.0000000000
116970  -6.316  26.178  30.662 0.0000000000
116979  0.109  27.116  29.755 0.0000000000
116980  -0.236  26.471  29.231 0.0000000000
116990  -0.945  26.378  27.922 0.0000000000
116991  -1.494  25.994  27.765 0.0000000000
116998  -1.364  26.925  27.343 0.0000000000
116999  -1.893  26.460  27.310 0.0000000000
117000  -3.074  26.629  26.970 0.0000000000
117001  -4.200  26.449  27.185 0.0000000000
117002  -5.176  26.329  27.262 0.0000000000
117003  -6.106  26.178  27.265 0.0000000000
117004  -6.968  26.041  27.197 0.0000000000
117005  -7.426  25.901  27.039 0.0000000000
117013  -3.366  27.230  26.634 0.0000000000
117014  -3.959  27.103  26.747 0.0000000000
117015  -4.859  26.937  26.770 0.0000000000
117016  -5.768  26.813  26.804 0.0000000000
117017  -6.666  26.705  26.765 0.0000000000
117018  -7.554  26.423  26.625 0.0000000000
117019  -8.126  26.693  26.095 0.0000000000
117030  -8.656  26.596  25.368 0.0000000000
117031  -8.989  25.996  25.077 0.0000000000
117045  -8.901  27.086  24.736 0.0000000000
117046  -9.157  26.480  24.427 0.0000000000
117059  -9.330  26.355  23.413 0.0000000000
117069  -8.600  26.199  22.041 0.0000000000
117070  -8.986  26.214  22.509 0.0000000000
117078  -7.548  26.685  21.107 0.0000000000
117079  -8.137  26.368  21.623 0.0000000000
117080  -8.640  26.664  21.942 0.0000000000
117088  0.106  26.419  19.885 0.0000000000
117089  -0.250  26.265  20.075 0.0000000000
117090  -0.699  26.096  20.170 0.0000000000
117091  -5.564  26.475  20.009 0.0000000000
117092  -6.144  26.618  20.225 0.0000000000
117093  -6.937  26.504  20.713 0.0000000000
117101  0.344  26.649  19.416 0.0000000000
117102  -0.193  26.819  19.702 0.0000000000
117103  -0.985  26.633  19.798 0.0000000000
117104  -1.962  26.810  19.318 0.0000000000
117105  -3.003  26.684  19.150 0.0000000000
117106  -3.986  26.574  19.427 0.0000000000
117107  -4.979  26.539  19.727 0.0000000000
117108  -5.702  26.923  19.800 0.0000000000
117116  0.502  26.597  18.582 0.0000000000
117117  -2.113  27.190  19.065 0.0000000000
117118  -2.477  27.127  18.974 0.0000000000
117127  0.381  26.547  17.670 0.0000000000
117137  0.332  26.933  17.103 0.0000000000
117783  -7.139  27.926  34.136 0.0000000000
117790  -7.229  27.937  33.216 0.0000000000
117799  -7.508  27.590  32.443 0.0000000000
117809  -0.346  27.970  32.198 0.0000000000
117810  -1.252  27.907  31.540 0.0000000000
117811  -1.799  27.300  31.381 0.0000000000
117812  -7.124  26.816  30.741 0.0000000000
117813  -7.505  27.137  31.340 0.0000000000
117825  -1.768  28.323  30.908 0.0000000000
117826  -2.321  27.766  30.767 0.0000000000
117827  -3.498  27.798  30.203 0.0000000000
117828  -4.580  27.253  30.104 0.0000000000
117829  -5.580  26.952  30.057 0.0000000000
117830  -6.533  26.790  30.349 0.0000000000
117831  -7.089  27.419  30.508 0.0000000000
117840  0.348  27.722  30.101 0.0000000000
117841  -0.002  27.613  29.243 0.0000000000
117842  -3.893  28.434  29.832 0.0000000000
117843  -4.486  28.160  29.769 0.0000000000
117844  -5.402  27.852  29.742 0.0000000000
117845  -6.250  27.581  29.914 0.0000000000
117846  -6.709  27.461  30.190 0.0000000000
117855  -0.409  27.428  28.291 0.0000000000
117861  -0.945  27.445  27.408 0.0000000000
117862  -1.725  27.442  26.750 0.0000000000
117863  -2.337  26.971  26.803 0.0000000000
117871  -2.171  27.921  26.371 0.0000000000
117872  -2.763  27.544  26.475 0.0000000000
117873  -3.705  27.713  26.404 0.0000000000
117874  -4.590  27.650  26.431 0.0000000000
117875  -5.497  27.495  26.498 0.0000000000
117876  -6.341  27.378  26.503 0.0000000000
117877  -7.236  27.435  26.295 0.0000000000
117878  -7.771  27.034  26.186 0.0000000000
117885  -7.522  28.001  25.927 0.0000000000
117886  -8.080  27.588  25.737 0.0000000000
117897  -8.700  27.672  24.940 0.0000000000
117898  -9.096  27.616  24.295 0.0000000000
117912  -9.294  27.405  23.562 0.0000000000
117924  -9.241  27.212  22.719 0.0000000000
117931  -7.915  27.153  21.198 0.0000000000
117932  -8.447  27.447  21.521 0.0000000000
117933  -8.889  27.098  22.131 0.0000000000
117939  -6.742  27.234  20.289 0.0000000000
117940  -7.487  27.595  20.626 0.0000000000
117941  -8.011  27.603  21.056 0.0000000000
117948  0.027  27.354  19.305 0.0000000000
117949  -0.600  27.364  19.356 0.0000000000
117950  -1.424  27.279  19.256 0.0000000000
117951  -1.874  27.224  19.128 0.0000000000
117952  -3.811  27.125  19.039 0.0000000000
117953  -4.589  27.219  19.207 0.0000000000
117954  -5.486  27.500  19.353 0.0000000000
117955  -6.280  27.524  19.759 0.0000000000
117956  -6.918  27.853  20.026 0.0000000000
117963  0.447  27.663  18.707 0.0000000000
117964  -0.202  28.036  18.931 0.0000000000
117965  -1.117  27.919  18.886 0.0000000000
117966  -2.107  27.579  18.813 0.0000000000
117967  -3.202  27.470  18.698 0.0000000000
117968  -4.221  27.716  18.759 0.0000000000
117969  -4.992  27.822  18.857 0.0000000000
117976  0.594  27.396  18.040 0.0000000000
117981  0.524  27.551  17.295 0.0000000000
118592  -6.572  28.500  34.032 0.0000000000
118600  -6.309  28.941  33.752 0.0000000000
118601  -6.781  28.508  33.495 0.0000000000
118609  -6.577  29.031  33.257 0.0000000000
118610  -7.011  28.789  32.658 0.0000000000
118621  -0.589  28.717  31.685 0.0000000000
118622  -7.424  28.507  31.629 0.0000000000
118634  -1.323  28.853  31.067 0.0000000000
118635  -2.221  28.844  30.384 0.0000000000
118636  -2.829  28.305  30.277 0.0000000000
118637  -7.350  28.324  30.677 0.0000000000
118646  0.333  28.531  29.554 0.0000000000
118647  -2.723  29.336  30.062 0.0000000000
118648  -3.282  28.887  29.900 0.0000000000
118649  -4.283  28.957  29.603 0.0000000000
118650  -5.235  28.811  29.490 0.0000000000
118651  -6.197  28.537  29.649 0.0000000000
118652  -6.813  28.097  30.112 0.0000000000
118661  -0.086  28.471  28.614 0.0000000000
118668  -0.503  28.366  27.649 0.0000000000
118669  -1.055  28.319  26.829 0.0000000000
118678  -1.780  28.416  26.352 0.0000000000
118679  -2.525  28.408  26.176 0.0000000000
118680  -3.321  28.311  26.139 0.0000000000
118681  -4.249  28.497  26.019 0.0000000000
118682  -5.273  28.243  26.204 0.0000000000
118683  -6.148  28.045  26.314 0.0000000000
118684  -6.695  27.825  26.311 0.0000000000
118691  -4.500  29.084  25.737 0.0000000000
118692  -5.095  28.964  25.860 0.0000000000
118693  -6.013  28.840  26.043 0.0000000000
118694  -6.971  28.440  26.055 0.0000000000
118695  -7.709  28.534  25.616 0.0000000000
118702  -8.358  28.575  25.102 0.0000000000
118703  -8.916  28.558  24.412 0.0000000000
118713  -9.263  28.456  23.662 0.0000000000
118723  -9.310  28.258  22.807 0.0000000000
118729  -8.723  28.518  21.347 0.0000000000
118730  -9.020  27.943  22.039 0.0000000000
118734  -7.832  28.667  20.318 0.0000000000
118735  -8.189  28.187  20.891 0.0000000000
118739  -6.110  28.092  19.290 0.0000000000
118740  -6.759  28.506  19.455 0.0000000000
118741  -7.308  28.390  20.010 0.0000000000
118744  0.209  28.796  18.344 0.0000000000
118745  -0.737  28.744  18.303 0.0000000000
118746  -1.862  28.366  18.361 0.0000000000
118747  -2.891  28.180  18.344 0.0000000000
118748  -3.839  28.215  18.408 0.0000000000
118749  -4.810  28.476  18.381 0.0000000000
118750  -5.696  28.381  18.857 0.0000000000
118751  -6.270  28.564  19.091 0.0000000000
118753  0.664  28.506  17.716 0.0000000000
118754  -1.076  29.193  17.890 0.0000000000
118755  -1.709  28.980  17.874 0.0000000000
118756  -2.686  28.803  17.904 0.0000000000
118757  -3.637  28.706  18.000 0.0000000000
118758  -4.233  28.638  18.133 0.0000000000
118760  0.535  28.548  16.492 0.0000000000
118765  0.511  28.999  15.812 0.0000000000
119410  -6.470  29.658  33.541 0.0000000000
119411  -6.784  29.999  33.167 0.0000000000
119420  -6.746  29.452  33.047 0.0000000000
119421  -7.042  29.886  32.678 0.0000000000
119432  -7.372  29.679  31.898 0.0000000000
119445  -1.534  29.734  30.681 0.0000000000
119446  -7.499  29.542  30.888 0.0000000000
119460  -2.333  29.838  30.222 0.0000000000
119461  -3.059  29.847  29.884 0.0000000000
119462  -3.886  29.785  29.581 0.0000000000
119463  -4.890  29.767  29.312 0.0000000000
119464  -6.078  29.735  29.367 0.0000000000
119465  -6.978  29.304  29.960 0.0000000000
119476  0.330  29.543  29.042 0.0000000000
119485  -0.181  29.391  27.990 0.0000000000
119486  -0.692  29.291  27.100 0.0000000000
119496  -1.253  29.209  26.361 0.0000000000
119497  -2.096  29.297  25.863 0.0000000000
119498  -3.043  28.954  25.856 0.0000000000
119499  -3.620  28.769  25.892 0.0000000000
119508  -2.255  29.774  25.400 0.0000000000
119509  -2.820  29.571  25.425 0.0000000000
119510  -3.828  29.328  25.566 0.0000000000
119511  -4.773  29.576  25.549 0.0000000000
119512  -5.675  29.600  25.685 0.0000000000
119513  -6.766  29.591  25.667 0.0000000000
119514  -7.338  29.034  25.650 0.0000000000
119522  -7.237  30.124  25.283 0.0000000000
119523  -7.780  29.547  25.218 0.0000000000
119524  -8.580  29.495  24.566 0.0000000000
119533  -9.083  29.477  23.828 0.0000000000
119543  -9.341  29.353  22.962 0.0000000000
119550  -8.862  29.094  21.247 0.0000000000
119551  -9.168  29.130  21.870 0.0000000000
119555  -7.973  29.193  20.150 0.0000000000
119556  -8.493  29.297  20.620 0.0000000000
119557  -8.920  29.422  21.226 0.0000000000
119563  -6.998  29.126  19.226 0.0000000000
119564  -7.517  29.305  19.652 0.0000000000
119565  -8.022  29.483  20.052 0.0000000000
119568  0.087  29.331  18.111 0.0000000000
119569  -0.142  29.156  18.227 0.0000000000
119570  -5.139  29.009  18.100 0.0000000000
119571  -5.597  29.018  18.408 0.0000000000
119572  -6.486  29.265  18.789 0.0000000000
119573  -7.108  29.469  19.138 0.0000000000
119575  0.398  29.696  17.653 0.0000000000
119576  -0.470  29.541  17.873 0.0000000000
119577  -1.495  29.541  17.568 0.0000000000
119578  -2.477  29.404  17.467 0.0000000000
119579  -3.499  29.306  17.554 0.0000000000
119580  -4.569  29.170  17.785 0.0000000000
119581  -5.474  29.458  17.978 0.0000000000
119582  -5.944  29.457  18.322 0.0000000000
119584  0.869  29.704  16.942 0.0000000000
119587  0.730  29.730  15.846 0.0000000000
119595  0.636  30.128  15.272 0.0000000000
120174  -6.988  30.764  33.735 0.0000000000
120182  -6.754  30.304  33.531 0.0000000000
120183  -7.223  30.643  33.171 0.0000000000
120192  -7.450  30.688  32.310 0.0000000000
120202  -7.511  30.683  31.374 0.0000000000
120215  -1.846  30.688  30.490 0.0000000000
120216  -6.639  31.153  29.993 0.0000000000
120217  -7.070  30.809  30.318 0.0000000000
120230  -2.677  30.670  30.087 0.0000000000
120231  -3.482  30.646  29.753 0.0000000000
120232  -4.386  30.674  29.518 0.0000000000
120233  -5.388  30.731  29.443 0.0000000000
120234  -6.337  30.939  29.720 0.0000000000
120235  -6.724  30.185  29.716 0.0000000000
120246  0.466  30.669  29.199 0.0000000000
120256  0.100  30.439  28.306 0.0000000000
120257  -0.425  30.303  27.440 0.0000000000
120266  -0.884  30.217  26.528 0.0000000000
120267  -1.391  29.868  25.969 0.0000000000
120276  -1.152  30.506  25.848 0.0000000000
120277  -1.727  30.178  25.414 0.0000000000
120278  -2.411  30.114  25.021 0.0000000000
120279  -3.276  30.052  24.991 0.0000000000
120280  -4.217  30.163  25.179 0.0000000000
120281  -5.211  30.324  25.306 0.0000000000
120282  -6.055  30.194  25.438 0.0000000000
120290  -5.831  30.738  25.192 0.0000000000
120291  -6.633  30.611  25.162 0.0000000000
120292  -7.562  30.636  24.859 0.0000000000
120293  -8.223  30.233  24.659 0.0000000000
120301  -8.183  30.905  24.457 0.0000000000
120302  -8.704  30.507  24.051 0.0000000000
120311  -9.175  30.407  23.220 0.0000000000
120318  -9.288  30.286  22.277 0.0000000000
120322  -8.673  30.297  20.444 0.0000000000
120323  -9.039  30.142  21.220 0.0000000000
120332  -7.646  29.881  19.485 0.0000000000
120333  -8.102  30.098  19.801 0.0000000000
120337  -6.716  29.954  18.568 0.0000000000
120338  -7.349  30.186  18.969 0.0000000000
120339  -7.993  30.645  19.334 0.0000000000
120343  0.373  30.450  17.431 0.0000000000
120344  -0.178  30.327  17.549 0.0000000000
120345  -1.129  30.172  17.361 0.0000000000
120346  -2.183  30.023  17.110 0.0000000000
120347  -3.251  29.958  17.134 0.0000000000
120348  -4.243  29.909  17.262 0.0000000000
120349  -5.241  30.156  17.394 0.0000000000
120350  -6.193  30.044  18.111 0.0000000000
120351  -6.793  30.288  18.431 0.0000000000
120355  0.819  30.765  17.116 0.0000000000
120356  0.160  30.909  17.257 0.0000000000
120357  -0.736  30.805  17.072 0.0000000000
120358  -1.791  30.635  16.775 0.0000000000
120359  -2.942  30.590  16.699 0.0000000000
120360  -4.033  30.513  16.831 0.0000000000
120361  -4.682  30.400  17.063 0.0000000000
120365  1.078  30.728  16.358 0.0000000000
120372  0.879  30.804  15.342 0.0000000000
120381  0.876  31.312  14.805 0.0000000000
120966  -7.570  31.981  34.259 0.0000000000
120975  -7.485  31.476  33.758 0.0000000000
120984  -7.738  31.596  32.820 0.0000000000
120985  -7.889  32.088  32.413 0.0000000000
120995  -7.712  31.665  31.956 0.0000000000
120996  -7.898  32.390  32.141 0.0000000000
121010  -7.487  31.754  31.133 0.0000000000
121026  -3.141  32.029  30.181 0.0000000000
121027  -5.941  31.968  30.017 0.0000000000
121028  -6.372  31.711  30.081 0.0000000000
121029  -7.050  32.135  30.614 0.0000000000
121037  -3.082  31.331  30.001 0.0000000000
121038  -3.870  31.585  29.849 0.0000000000
121039  -4.832  31.510  29.679 0.0000000000
121040  -5.727  31.681  29.826 0.0000000000
121041  -6.166  31.447  29.831 0.0000000000
121050  0.162  31.452  28.674 0.0000000000
121060  -0.247  31.305  27.820 0.0000000000
121061  -0.648  31.194  26.998 0.0000000000
121070  -0.857  31.177  26.168 0.0000000000
121080  -1.262  31.155  25.392 0.0000000000
121081  -1.883  30.776  24.845 0.0000000000
121082  -2.693  30.708  24.664 0.0000000000
121083  -3.603  30.780  24.767 0.0000000000
121084  -4.511  30.911  24.959 0.0000000000
121085  -5.264  31.027  25.058 0.0000000000
121094  -1.595  31.488  24.828 0.0000000000
121095  -2.109  31.362  24.410 0.0000000000
121096  -2.962  31.329  24.283 0.0000000000
121097  -3.892  31.450  24.489 0.0000000000
121098  -4.814  31.573  24.727 0.0000000000
121099  -5.850  31.456  24.885 0.0000000000
121100  -6.884  31.457  24.703 0.0000000000
121101  -7.719  31.497  24.436 0.0000000000
121110  -8.343  31.502  24.029 0.0000000000
121111  -8.795  31.367  23.390 0.0000000000
121123  -9.103  31.292  22.634 0.0000000000
121131  -9.156  31.273  21.697 0.0000000000
121137  -8.617  30.672  20.087 0.0000000000
121138  -8.977  31.252  20.549 0.0000000000
121148  -8.504  31.062  19.652 0.0000000000
121149  -8.876  31.841  19.832 0.0000000000
121152  -7.485  30.946  18.549 0.0000000000
121153  -8.004  31.189  18.910 0.0000000000
121156  -5.432  30.668  17.205 0.0000000000
121157  -5.913  30.792  17.384 0.0000000000
121158  -6.903  30.911  18.055 0.0000000000
121162  0.947  31.300  17.020 0.0000000000
121163  0.590  31.370  16.996 0.0000000000
121164  -0.276  31.403  16.829 0.0000000000
121165  -1.300  31.226  16.450 0.0000000000
121166  -2.473  31.171  16.268 0.0000000000
121167  -3.775  31.306  16.291 0.0000000000
121168  -5.099  31.012  16.839 0.0000000000
121169  -5.878  31.355  17.012 0.0000000000
121175  1.012  31.607  16.638 0.0000000000
121176  0.234  31.966  16.614 0.0000000000
121177  -0.729  31.824  16.173 0.0000000000
121178  -1.854  31.694  15.819 0.0000000000
121179  -3.035  31.728  15.812 0.0000000000
121180  -3.682  31.787  15.929 0.0000000000
121188  1.266  31.607  15.886 0.0000000000
121202  1.172  31.789  15.135 0.0000000000
121808  -8.018  32.620  33.760 0.0000000000
121809  -8.273  33.182  33.214 0.0000000000
121819  -7.918  32.067  33.295 0.0000000000
121820  -8.122  32.699  32.724 0.0000000000
121831  -7.713  32.467  31.640 0.0000000000
121832  -7.976  33.045  31.930 0.0000000000
121847  -7.393  32.817  31.142 0.0000000000
121848  -7.716  33.150  31.506 0.0000000000
121862  -3.766  32.682  30.254 0.0000000000
121863  -4.738  32.806  30.279 0.0000000000
121864  -5.675  32.480  30.226 0.0000000000
121865  -6.453  32.742  30.530 0.0000000000
121866  -6.970  32.997  30.790 0.0000000000
121872  -4.468  32.155  29.975 0.0000000000
121873  -5.158  32.133  29.969 0.0000000000
121874  -5.517  32.096  30.004 0.0000000000
121883  -0.165  32.293  28.203 0.0000000000
121892  -0.524  32.147  27.390 0.0000000000
121893  -0.801  32.013  26.627 0.0000000000
121902  -1.037  31.994  25.914 0.0000000000
121911  -1.351  32.104  25.236 0.0000000000
121920  -1.681  32.143  24.512 0.0000000000
121921  -2.278  32.013  23.850 0.0000000000
121922  -3.264  31.909  23.889 0.0000000000
121923  -4.182  32.089  24.150 0.0000000000
121924  -5.164  32.218  24.378 0.0000000000
121925  -6.190  32.215  24.394 0.0000000000
121926  -7.133  32.178  24.252 0.0000000000
121927  -7.848  32.101  24.040 0.0000000000
121938  -2.757  32.406  23.532 0.0000000000
121939  -3.498  32.551  23.575 0.0000000000
121940  -4.449  32.760  23.752 0.0000000000
121941  -5.487  32.844  23.851 0.0000000000
121942  -6.499  32.814  23.846 0.0000000000
121943  -7.410  32.709  23.704 0.0000000000
121944  -8.280  32.349  23.385 0.0000000000
121945  -8.778  31.992  22.881 0.0000000000
121958  -8.567  32.595  22.726 0.0000000000
121959  -8.917  32.270  22.190 0.0000000000
121966  -9.093  32.280  21.258 0.0000000000
121975  -9.104  32.463  20.358 0.0000000000
121988  -8.559  31.796  19.244 0.0000000000
121989  -8.958  32.631  19.417 0.0000000000
121992  -7.628  31.468  18.275 0.0000000000
121993  -8.320  32.236  18.446 0.0000000000
121994  -8.926  33.061  18.695 0.0000000000
121997  -6.434  31.442  17.273 0.0000000000
121998  -7.331  32.047  17.473 0.0000000000
121999  -8.137  32.754  17.672 0.0000000000
122002  -4.000  31.812  15.996 0.0000000000
122003  -4.619  31.877  16.186 0.0000000000
122004  -6.003  32.120  16.543 0.0000000000
122005  -7.046  32.751  16.763 0.0000000000
122008  1.279  32.233  16.139 0.0000000000
122009  0.743  32.526  16.246 0.0000000000
122010  -0.157  32.473  16.024 0.0000000000
122011  -1.149  32.303  15.518 0.0000000000
122012  -2.423  32.366  15.330 0.0000000000
122013  -3.768  32.268  15.642 0.0000000000
122014  -4.899  32.648  15.772 0.0000000000
122015  -5.721  33.037  15.897 0.0000000000
122018  1.310  32.404  15.587 0.0000000000
122019  0.333  32.951  15.841 0.0000000000
122020  -0.422  32.964  15.465 0.0000000000
122021  -1.442  32.920  15.030 0.0000000000
122022  -2.367  33.053  14.936 0.0000000000
122027  1.341  32.649  14.846 0.0000000000
122650  -8.069  33.560  34.301 0.0000000000
122651  -8.349  33.699  33.503 0.0000000000
122664  -8.407  33.744  32.796 0.0000000000
122679  -8.302  33.744  32.078 0.0000000000
122694  -7.619  33.528  31.195 0.0000000000
122695  -7.999  33.834  31.398 0.0000000000
122706  -5.148  33.577  30.473 0.0000000000
122707  -5.995  33.521  30.471 0.0000000000
122708  -6.683  33.601  30.609 0.0000000000
122709  -7.297  33.697  30.799 0.0000000000
122710  -7.706  34.080  30.943 0.0000000000
122722  -0.514  33.126  27.761 0.0000000000
122729  -0.852  32.916  27.008 0.0000000000
122730  -1.021  32.634  26.380 0.0000000000
122737  -1.239  32.860  25.844 0.0000000000
122744  -1.420  33.022  25.033 0.0000000000
122752  -1.743  33.023  24.009 0.0000000000
122753  -2.209  32.707  23.458 0.0000000000
122766  -1.899  33.350  23.143 0.0000000000
122767  -2.714  33.040  23.130 0.0000000000
122768  -3.684  33.244  23.186 0.0000000000
122769  -4.743  33.502  23.236 0.0000000000
122770  -5.879  33.474  23.410 0.0000000000
122771  -6.850  33.415  23.404 0.0000000000
122772  -7.672  33.239  23.114 0.0000000000
122773  -8.216  32.998  22.833 0.0000000000
122787  -2.302  33.637  22.734 0.0000000000
122788  -2.990  33.686  22.666 0.0000000000
122789  -3.851  33.893  22.697 0.0000000000
122790  -4.588  34.114  22.705 0.0000000000
122791  -8.006  33.517  22.703 0.0000000000
122792  -8.552  33.333  22.314 0.0000000000
122793  -8.941  32.998  21.707 0.0000000000
122798  -8.810  33.653  21.671 0.0000000000
122799  -9.042  33.333  20.997 0.0000000000
122808  -9.220  33.421  20.101 0.0000000000
122824  -9.279  33.613  19.254 0.0000000000
122834  -8.639  33.074  18.081 0.0000000000
122835  -9.067  33.819  18.348 0.0000000000
122839  -7.699  32.936  17.163 0.0000000000
122840  -8.369  33.627  17.409 0.0000000000
122841  -8.873  34.335  17.771 0.0000000000
122844  -6.491  33.208  16.285 0.0000000000
122845  -7.413  33.586  16.646 0.0000000000
122846  -7.994  34.207  16.772 0.0000000000
122849  1.230  32.793  15.971 0.0000000000
122850  0.876  33.086  15.885 0.0000000000
122851  -3.147  32.863  15.125 0.0000000000
122852  -4.023  33.108  15.185 0.0000000000
122853  -5.073  33.484  15.245 0.0000000000
122854  -6.035  33.701  15.624 0.0000000000
122857  1.258  33.197  15.441 0.0000000000
122858  0.468  33.475  15.427 0.0000000000
122859  -0.610  33.589  15.038 0.0000000000
122860  -1.720  33.618  14.789 0.0000000000
122861  -2.951  33.603  14.783 0.0000000000
122862  -4.072  33.870  14.745 0.0000000000
122863  -4.889  34.128  14.724 0.0000000000
122867  1.377  33.500  14.726 0.0000000000
123463  -8.401  34.541  33.816 0.0000000000
123473  -8.591  34.577  32.994 0.0000000000
123487  -8.557  34.594  32.183 0.0000000000
123501  -8.366  34.637  31.402 0.0000000000
123511  -6.384  34.159  30.206 0.0000000000
123512  -7.086  34.256  30.223 0.0000000000
123513  -7.616  34.453  30.401 0.0000000000
123514  -8.101  34.665  30.619 0.0000000000
123528  -7.670  34.785  29.474 0.0000000000
123529  -7.963  34.804  30.007 0.0000000000
123537  -0.382  33.818  28.030 0.0000000000
123546  -0.680  34.198  27.205 0.0000000000
123547  -1.093  33.351  26.505 0.0000000000
123557  -0.878  34.539  26.461 0.0000000000
123558  -1.325  34.002  25.989 0.0000000000
123569  -1.394  34.014  24.757 0.0000000000
123580  -1.473  34.117  23.625 0.0000000000
123593  -1.816  34.212  22.700 0.0000000000
123594  -5.389  34.068  22.903 0.0000000000
123595  -6.347  34.056  23.036 0.0000000000
123596  -7.226  33.916  22.955 0.0000000000
123597  -7.675  33.722  22.786 0.0000000000
123608  -2.452  34.193  22.411 0.0000000000
123609  -3.153  34.407  22.258 0.0000000000
123610  -4.076  34.558  22.338 0.0000000000
123611  -4.970  34.627  22.449 0.0000000000
123612  -5.897  34.643  22.592 0.0000000000
123613  -6.861  34.561  22.615 0.0000000000
123614  -7.855  34.224  22.405 0.0000000000
123615  -8.514  34.089  21.940 0.0000000000
123620  -8.221  34.592  21.772 0.0000000000
123621  -8.718  34.360  21.220 0.0000000000
123622  -9.115  34.046  20.572 0.0000000000
123627  -8.950  34.649  20.519 0.0000000000
123628  -9.240  34.374  19.898 0.0000000000
123641  -9.371  34.450  19.079 0.0000000000
123655  -9.224  34.732  18.337 0.0000000000
123662  -8.531  34.527  17.171 0.0000000000
123663  -8.973  35.012  17.612 0.0000000000
123667  -6.722  33.934  16.066 0.0000000000
123668  -7.356  34.493  16.170 0.0000000000
123669  -8.154  34.858  16.527 0.0000000000
123672  -5.579  34.105  15.065 0.0000000000
123673  -6.380  34.569  15.377 0.0000000000
123674  -7.138  35.048  15.603 0.0000000000
123677  1.101  33.857  15.085 0.0000000000
123678  0.306  34.208  14.846 0.0000000000
123679  -0.875  34.240  14.668 0.0000000000
123680  -1.996  34.314  14.526 0.0000000000
123688  1.197  34.328  14.427 0.0000000000
123689  0.548  34.780  14.353 0.0000000000
124266  -8.247  35.453  34.057 0.0000000000
124279  -8.570  35.473  33.217 0.0000000000
124290  -8.682  35.458  32.326 0.0000000000
124300  -8.640  35.454  31.443 0.0000000000
124311  -8.514  35.452  30.552 0.0000000000
124323  -8.066  35.205  29.012 0.0000000000
124324  -8.301  35.358  29.553 0.0000000000
124334  -8.255  35.622  28.527 0.0000000000
124338  -0.328  35.114  27.292 0.0000000000
124348  -0.498  35.234  26.508 0.0000000000
124349  -0.954  34.675  26.126 0.0000000000
124365  -0.076  35.826  25.273 0.0000000000
124366  -0.888  34.795  25.504 0.0000000000
124383  -0.474  35.856  23.925 0.0000000000
124384  -0.815  34.928  24.319 0.0000000000
124400  -0.816  35.925  23.260 0.0000000000
124401  -1.168  35.274  23.038 0.0000000000
124418  -2.238  35.202  21.911 0.0000000000
124419  -3.516  35.153  21.902 0.0000000000
124420  -4.530  35.165  21.990 0.0000000000
124421  -5.486  35.191  22.119 0.0000000000
124422  -6.444  35.164  22.194 0.0000000000
124423  -7.364  34.994  22.058 0.0000000000
124424  -7.876  34.810  21.893 0.0000000000
124437  -2.474  35.979  21.342 0.0000000000
124438  -3.136  35.870  21.449 0.0000000000
124439  -4.145  35.785  21.545 0.0000000000
124440  -5.131  35.717  21.605 0.0000000000
124441  -6.088  35.724  21.752 0.0000000000
124442  -7.028  35.624  21.736 0.0000000000
124443  -8.036  35.359  21.271 0.0000000000
124444  -8.682  34.983  20.796 0.0000000000
124451  -8.216  35.955  20.563 0.0000000000
124452  -8.885  35.469  20.056 0.0000000000
124453  -9.258  34.897  19.540 0.0000000000
124461  -9.150  35.825  19.284 0.0000000000
124462  -9.327  35.279  19.062 0.0000000000
124474  -9.284  35.536  18.191 0.0000000000
124491  -8.668  35.171  16.953 0.0000000000
124492  -9.039  35.816  17.273 0.0000000000
124504  -7.719  35.163  15.978 0.0000000000
124505  -8.387  35.726  16.283 0.0000000000
124506  -8.880  36.304  16.692 0.0000000000
124511  -6.695  35.316  15.168 0.0000000000
124512  -7.409  35.802  15.415 0.0000000000
124513  -8.088  36.328  15.645 0.0000000000
124516  -0.188  34.710  14.451 0.0000000000
125088  -7.876  36.193  34.184 0.0000000000
125103  -7.702  36.988  33.883 0.0000000000
125104  -8.262  36.443  33.443 0.0000000000
125119  -8.585  36.386  32.508 0.0000000000
125122  -8.722  36.317  31.559 0.0000000000
125131  -8.746  36.274  30.619 0.0000000000
125138  -8.646  36.254  29.669 0.0000000000
125145  -8.484  36.307  28.684 0.0000000000
125169  0.433  36.509  25.356 0.0000000000
125187  0.202  36.813  24.647 0.0000000000
125202  -0.659  36.608  23.224 0.0000000000
125203  -0.992  36.013  22.894 0.0000000000
125214  -0.863  36.908  22.434 0.0000000000
125215  -1.253  36.288  22.087 0.0000000000
125230  -1.982  36.239  21.140 0.0000000000
125232  -3.851  36.494  21.132 0.0000000000
125233  -4.835  36.341  21.176 0.0000000000
125234  -5.796  36.295  21.298 0.0000000000
125235  -6.724  36.171  21.339 0.0000000000
125236  -7.342  35.908  21.295 0.0000000000
125256  -5.543  36.902  20.862 0.0000000000
125257  -6.510  36.805  20.879 0.0000000000
125258  -7.535  36.408  20.749 0.0000000000
125259  -8.313  36.510  20.060 0.0000000000
125273  -8.980  36.562  19.129 0.0000000000
125274  -9.297  35.948  18.783 0.0000000000
125281  -9.116  36.900  18.467 0.0000000000
125282  -9.286  36.451  18.126 0.0000000000
125296  -9.164  36.610  17.221 0.0000000000
125316  -8.667  36.605  16.075 0.0000000000
125317  -8.994  36.841  16.615 0.0000000000
125937  -7.664  37.787  33.356 0.0000000000
125938  -7.999  37.151  33.354 0.0000000000
125954  -7.852  37.959  32.829 0.0000000000
125955  -8.194  37.403  32.702 0.0000000000
125966  -8.511  37.229  31.714 0.0000000000
125974  -8.630  37.151  30.748 0.0000000000
125982  -8.632  37.091  29.810 0.0000000000
125987  -8.494  37.102  28.876 0.0000000000
126026  -0.248  37.639  23.797 0.0000000000
126049  -7.180  37.457  20.243 0.0000000000
126050  -7.810  36.981  20.146 0.0000000000
126066  -8.167  37.545  19.491 0.0000000000
126073  -8.900  37.532  18.319 0.0000000000
126074  -9.170  37.017  18.173 0.0000000000
126077  -9.167  37.115  17.686 0.0000000000
126093  -9.124  37.188  16.976 0.0000000000
126715  -7.477  38.491  32.777 0.0000000000
126716  -7.881  38.114  32.428 0.0000000000
126730  -7.574  38.628  31.977 0.0000000000
126731  -8.104  38.047  31.819 0.0000000000
126745  -7.651  38.667  31.120 0.0000000000
126746  -8.253  38.006  30.905 0.0000000000
126757  -8.298  37.954  29.914 0.0000000000
126764  -8.313  37.789  29.115 0.0000000000
