#!ascii label  , from subject ab_data vox2ras=TkReg
1937
200  0.145  -87.331  -3.162 0.0000000000
201  -0.176  -87.398  -3.085 0.0000000000
206  0.234  -87.349  -3.690 0.0000000000
213  0.323  -87.331  -4.742 0.0000000000
219  1.205  -86.782  -6.192 0.0000000000
220  0.818  -87.197  -5.696 0.0000000000
226  1.164  -87.000  -6.886 0.0000000000
349  0.256  -87.037  -2.857 0.0000000000
350  -0.659  -87.005  -2.611 0.0000000000
351  -1.077  -86.757  -2.618 0.0000000000
360  0.560  -86.900  -3.537 0.0000000000
370  0.803  -86.736  -4.519 0.0000000000
378  1.210  -86.361  -6.088 0.0000000000
379  1.075  -86.654  -5.591 0.0000000000
389  1.393  -86.324  -6.778 0.0000000000
586  0.255  -86.019  -1.713 0.0000000000
587  -0.338  -86.057  -1.363 0.0000000000
588  -0.811  -85.667  -1.341 0.0000000000
595  0.385  -86.280  -2.382 0.0000000000
596  -0.185  -86.495  -2.130 0.0000000000
597  -1.146  -86.086  -2.241 0.0000000000
605  0.733  -86.197  -3.263 0.0000000000
614  0.879  -85.534  -4.420 0.0000000000
623  1.290  -86.010  -6.332 0.0000000000
624  1.056  -85.961  -5.547 0.0000000000
632  1.414  -85.846  -6.776 0.0000000000
633  1.097  -85.488  -6.498 0.0000000000
645  1.116  -85.066  -7.129 0.0000000000
833  0.285  -84.234  0.499 0.0000000000
834  0.107  -84.527  0.371 0.0000000000
843  1.023  -84.226  -0.444 0.0000000000
844  0.571  -84.433  -0.019 0.0000000000
845  -0.021  -85.079  -0.060 0.0000000000
846  -0.623  -84.935  -0.302 0.0000000000
857  1.043  -84.692  -1.082 0.0000000000
858  0.313  -85.372  -0.952 0.0000000000
859  -0.454  -85.443  -0.767 0.0000000000
860  -1.145  -84.901  -1.177 0.0000000000
867  1.140  -84.727  -1.829 0.0000000000
868  0.804  -85.420  -2.073 0.0000000000
869  -1.454  -84.739  -2.350 0.0000000000
876  1.155  -84.569  -2.454 0.0000000000
877  0.926  -84.866  -3.373 0.0000000000
878  -1.599  -85.078  -3.142 0.0000000000
884  0.734  -84.493  -4.390 0.0000000000
893  0.499  -84.800  -5.515 0.0000000000
894  -0.098  -84.195  -5.803 0.0000000000
904  0.652  -84.958  -6.574 0.0000000000
905  -0.062  -84.495  -6.425 0.0000000000
1142  0.789  -83.329  0.732 0.0000000000
1143  0.530  -83.802  0.672 0.0000000000
1144  -0.061  -84.075  0.871 0.0000000000
1145  -0.714  -83.936  0.549 0.0000000000
1157  1.028  -83.604  0.058 0.0000000000
1158  0.724  -84.004  0.302 0.0000000000
1159  -0.376  -84.542  0.279 0.0000000000
1160  -1.006  -84.289  -0.170 0.0000000000
1173  1.215  -83.953  -0.889 0.0000000000
1174  -1.280  -83.772  -0.885 0.0000000000
1183  1.324  -83.984  -1.878 0.0000000000
1184  -1.351  -83.595  -2.047 0.0000000000
1195  1.306  -83.650  -3.207 0.0000000000
1196  1.011  -84.022  -3.886 0.0000000000
1197  -1.660  -83.829  -3.385 0.0000000000
1208  1.099  -83.402  -4.013 0.0000000000
1209  0.791  -83.656  -4.373 0.0000000000
1223  0.424  -83.960  -4.835 0.0000000000
1224  0.047  -83.791  -5.374 0.0000000000
1239  -0.389  -83.499  -6.231 0.0000000000
1493  0.835  -82.491  1.169 0.0000000000
1494  0.697  -82.475  1.352 0.0000000000
1495  0.364  -82.586  1.641 0.0000000000
1496  -0.136  -82.732  1.845 0.0000000000
1500  0.926  -82.711  0.852 0.0000000000
1501  0.583  -83.052  1.123 0.0000000000
1502  0.145  -83.289  1.321 0.0000000000
1503  -0.602  -83.149  1.208 0.0000000000
1512  1.287  -82.373  -0.119 0.0000000000
1513  -1.293  -83.215  0.076 0.0000000000
1527  1.286  -82.938  -1.299 0.0000000000
1528  -1.230  -81.995  -2.112 0.0000000000
1529  -1.343  -82.663  -1.301 0.0000000000
1538  1.530  -83.053  -2.456 0.0000000000
1539  -1.291  -82.097  -2.543 0.0000000000
1540  -1.314  -82.529  -2.295 0.0000000000
1552  1.673  -82.654  -3.243 0.0000000000
1553  -1.343  -82.290  -2.698 0.0000000000
1554  -1.359  -82.614  -3.019 0.0000000000
1567  1.315  -82.545  -4.236 0.0000000000
1568  0.952  -83.133  -4.364 0.0000000000
1569  -1.629  -82.505  -4.252 0.0000000000
1581  1.012  -82.281  -4.853 0.0000000000
1582  0.591  -82.963  -4.970 0.0000000000
1583  -0.061  -83.181  -5.491 0.0000000000
1584  -2.006  -81.853  -5.054 0.0000000000
1597  0.485  -82.344  -5.434 0.0000000000
1598  -0.034  -82.558  -5.789 0.0000000000
1612  -0.462  -82.482  -6.941 0.0000000000
1840  0.319  -81.289  2.396 0.0000000000
1841  -0.287  -81.373  2.487 0.0000000000
1842  -0.900  -81.312  2.318 0.0000000000
1850  0.866  -82.282  1.222 0.0000000000
1851  0.742  -81.691  1.696 0.0000000000
1852  0.086  -82.018  2.145 0.0000000000
1853  -0.746  -82.037  1.971 0.0000000000
1858  1.141  -81.855  0.784 0.0000000000
1859  1.099  -81.212  1.094 0.0000000000
1860  -1.474  -82.182  0.973 0.0000000000
1865  1.336  -81.446  -0.142 0.0000000000
1866  -1.579  -81.975  -0.353 0.0000000000
1877  1.466  -81.671  -1.204 0.0000000000
1878  -1.306  -81.553  -2.246 0.0000000000
1879  -1.421  -81.508  -1.585 0.0000000000
1889  1.653  -81.967  -2.525 0.0000000000
1890  -1.277  -81.710  -2.652 0.0000000000
1891  -1.320  -81.023  -2.563 0.0000000000
1899  1.703  -81.869  -3.641 0.0000000000
1900  -1.272  -82.047  -2.893 0.0000000000
1901  -1.353  -81.584  -3.494 0.0000000000
1910  2.072  -80.869  -5.160 0.0000000000
1911  1.866  -81.233  -4.626 0.0000000000
1912  -1.716  -81.526  -4.492 0.0000000000
1913  -2.056  -81.049  -4.696 0.0000000000
1914  -3.670  -81.040  -4.660 0.0000000000
1915  -3.953  -81.308  -4.283 0.0000000000
1924  2.079  -80.886  -5.732 0.0000000000
1925  1.366  -81.700  -5.277 0.0000000000
1926  0.803  -82.159  -5.224 0.0000000000
1927  -2.043  -81.385  -4.879 0.0000000000
1928  -2.517  -81.242  -5.046 0.0000000000
1929  -3.378  -81.298  -5.089 0.0000000000
1936  2.189  -80.786  -6.915 0.0000000000
1937  1.620  -81.321  -6.467 0.0000000000
1938  0.652  -81.840  -5.999 0.0000000000
1939  -0.001  -82.116  -6.320 0.0000000000
1947  2.182  -80.695  -7.755 0.0000000000
1948  1.833  -81.098  -7.532 0.0000000000
1949  1.019  -81.523  -7.187 0.0000000000
1950  0.190  -81.843  -6.850 0.0000000000
1956  2.285  -80.480  -8.310 0.0000000000
1957  2.095  -80.922  -8.419 0.0000000000
1958  1.362  -81.299  -8.291 0.0000000000
1959  -0.012  -81.719  -8.020 0.0000000000
1966  2.388  -80.626  -9.120 0.0000000000
1967  1.867  -81.116  -9.259 0.0000000000
2211  0.597  -80.586  2.274 0.0000000000
2212  0.109  -80.617  2.765 0.0000000000
2213  -0.721  -80.702  2.612 0.0000000000
2223  0.911  -80.587  1.518 0.0000000000
2224  -1.741  -80.956  1.864 0.0000000000
2225  -2.261  -80.183  1.477 0.0000000000
2229  1.227  -81.214  0.510 0.0000000000
2230  1.032  -80.681  0.667 0.0000000000
2231  -1.980  -81.147  0.377 0.0000000000
2232  -2.444  -80.310  0.812 0.0000000000
2237  1.172  -80.911  0.002 0.0000000000
2238  0.866  -80.442  -0.110 0.0000000000
2239  -1.811  -81.038  -0.766 0.0000000000
2240  -2.401  -80.172  -0.575 0.0000000000
2248  1.262  -80.739  -0.963 0.0000000000
2249  0.901  -80.337  -0.750 0.0000000000
2250  -1.775  -80.421  -1.731 0.0000000000
2251  -2.237  -79.963  -1.447 0.0000000000
2262  1.802  -80.077  -3.158 0.0000000000
2263  1.592  -80.760  -2.252 0.0000000000
2264  -1.678  -80.306  -2.682 0.0000000000
2267  -6.060  -79.528  -2.090 0.0000000000
2270  1.985  -80.136  -4.012 0.0000000000
2271  1.830  -80.919  -3.504 0.0000000000
2272  -1.673  -80.493  -3.532 0.0000000000
2273  -2.207  -80.017  -3.718 0.0000000000
2274  -3.938  -80.213  -3.941 0.0000000000
2275  -4.442  -80.364  -3.428 0.0000000000
2276  -5.175  -80.026  -2.805 0.0000000000
2279  2.101  -80.402  -5.014 0.0000000000
2280  1.990  -80.645  -4.296 0.0000000000
2281  -1.709  -80.927  -4.236 0.0000000000
2282  -2.546  -80.446  -4.420 0.0000000000
2283  -3.539  -80.594  -4.434 0.0000000000
2284  -4.013  -80.614  -4.046 0.0000000000
2290  2.284  -80.290  -5.746 0.0000000000
2291  -2.901  -80.860  -4.952 0.0000000000
2292  -3.109  -80.745  -4.820 0.0000000000
2301  2.364  -80.238  -6.402 0.0000000000
2311  2.349  -80.192  -7.445 0.0000000000
2321  2.357  -79.978  -8.591 0.0000000000
2600  -1.495  -78.784  7.854 0.0000000000
2609  -0.938  -78.940  7.206 0.0000000000
2610  -1.274  -79.336  7.274 0.0000000000
2621  -0.854  -79.040  6.997 0.0000000000
2622  -1.051  -79.538  6.530 0.0000000000
2676  0.428  -79.668  2.701 0.0000000000
2677  -0.275  -79.838  2.918 0.0000000000
2678  -1.190  -79.886  2.570 0.0000000000
2695  0.911  -79.494  2.042 0.0000000000
2696  -1.976  -79.738  1.896 0.0000000000
2697  -2.562  -79.589  1.149 0.0000000000
2702  0.563  -79.689  0.808 0.0000000000
2703  0.119  -79.018  0.599 0.0000000000
2704  -3.018  -79.498  0.220 0.0000000000
2705  -3.347  -78.953  0.193 0.0000000000
2709  0.520  -79.951  -0.435 0.0000000000
2710  -0.094  -79.244  -0.023 0.0000000000
2711  -3.118  -79.454  -0.681 0.0000000000
2712  -3.557  -79.009  -0.336 0.0000000000
2713  -6.650  -79.194  -0.874 0.0000000000
2716  1.330  -80.376  -1.836 0.0000000000
2717  0.866  -80.117  -1.456 0.0000000000
2718  0.152  -79.482  -1.114 0.0000000000
2719  -2.175  -79.833  -1.937 0.0000000000
2720  -2.756  -79.540  -1.579 0.0000000000
2721  -3.568  -78.974  -1.290 0.0000000000
2722  -6.484  -79.150  -1.475 0.0000000000
2732  1.749  -79.760  -3.125 0.0000000000
2733  1.423  -79.935  -2.635 0.0000000000
2734  0.586  -79.454  -2.273 0.0000000000
2735  -0.072  -79.119  -1.645 0.0000000000
2736  -1.957  -79.946  -2.410 0.0000000000
2737  -2.481  -79.571  -2.558 0.0000000000
2738  -3.444  -79.078  -2.578 0.0000000000
2739  -5.313  -78.954  -2.623 0.0000000000
2740  -5.724  -79.246  -2.396 0.0000000000
2741  -6.303  -79.150  -1.913 0.0000000000
2747  1.845  -79.521  -3.579 0.0000000000
2748  1.350  -79.375  -3.118 0.0000000000
2749  0.858  -79.298  -2.969 0.0000000000
2750  -2.036  -79.866  -3.126 0.0000000000
2751  -2.780  -79.617  -3.538 0.0000000000
2752  -3.880  -79.540  -3.517 0.0000000000
2753  -4.940  -79.419  -2.946 0.0000000000
2754  -5.410  -79.663  -2.627 0.0000000000
2760  2.070  -79.608  -4.614 0.0000000000
2763  -3.266  -79.916  -4.112 0.0000000000
2764  -3.662  -80.040  -4.043 0.0000000000
2775  2.321  -79.719  -5.743 0.0000000000
2786  2.443  -79.722  -6.677 0.0000000000
2797  2.217  -79.602  -7.376 0.0000000000
3099  -1.865  -77.951  9.524 0.0000000000
3109  -1.542  -78.165  8.820 0.0000000000
3116  -0.964  -78.341  7.556 0.0000000000
3117  -1.263  -78.449  7.968 0.0000000000
3118  -1.740  -78.542  8.423 0.0000000000
3123  -0.862  -78.633  7.202 0.0000000000
3124  -1.036  -78.743  7.407 0.0000000000
3127  -0.797  -78.678  6.885 0.0000000000
3128  -0.849  -78.579  6.564 0.0000000000
3139  -1.105  -78.590  6.018 0.0000000000
3140  -2.015  -78.390  5.452 0.0000000000
3154  -2.483  -77.889  4.772 0.0000000000
3155  -3.226  -77.958  3.937 0.0000000000
3161  -3.506  -77.435  3.295 0.0000000000
3171  1.454  -78.136  2.412 0.0000000000
3172  0.989  -78.618  2.700 0.0000000000
3173  -0.001  -78.759  2.980 0.0000000000
3174  -0.658  -79.293  2.772 0.0000000000
3191  1.602  -78.142  2.146 0.0000000000
3192  1.373  -78.540  2.139 0.0000000000
3193  -0.451  -78.233  2.564 0.0000000000
3194  -1.200  -78.695  2.229 0.0000000000
3195  -2.162  -78.981  1.474 0.0000000000
3196  -6.693  -78.418  1.625 0.0000000000
3197  -6.889  -78.093  1.068 0.0000000000
3206  1.598  -78.175  1.775 0.0000000000
3207  1.108  -78.582  1.342 0.0000000000
3208  0.536  -78.794  0.814 0.0000000000
3209  -1.923  -78.216  1.194 0.0000000000
3210  -2.793  -78.688  0.628 0.0000000000
3211  -3.384  -78.480  -0.062 0.0000000000
3212  -6.888  -78.586  0.821 0.0000000000
3213  -6.991  -78.074  0.591 0.0000000000
3217  0.874  -78.349  0.697 0.0000000000
3218  0.198  -78.445  0.225 0.0000000000
3219  -3.964  -78.327  -0.803 0.0000000000
3220  -4.567  -77.973  -1.264 0.0000000000
3221  -6.990  -78.224  -0.193 0.0000000000
3222  -7.026  -77.943  0.305 0.0000000000
3225  -0.322  -78.498  -0.949 0.0000000000
3226  -4.268  -78.496  -1.907 0.0000000000
3227  -5.147  -78.115  -1.715 0.0000000000
3228  -5.961  -78.072  -1.682 0.0000000000
3229  -6.507  -78.538  -1.373 0.0000000000
3242  0.463  -79.037  -2.887 0.0000000000
3243  -0.224  -78.707  -2.316 0.0000000000
3244  -4.182  -78.806  -2.703 0.0000000000
3245  -4.858  -78.699  -2.562 0.0000000000
3246  -5.561  -78.594  -2.247 0.0000000000
3247  -6.110  -78.692  -2.030 0.0000000000
3257  1.946  -79.224  -3.807 0.0000000000
3258  1.751  -79.116  -3.717 0.0000000000
3259  0.980  -79.026  -3.553 0.0000000000
3260  0.049  -78.683  -3.455 0.0000000000
3261  -3.952  -78.983  -3.061 0.0000000000
3262  -4.376  -79.021  -3.047 0.0000000000
3272  1.951  -79.193  -4.171 0.0000000000
3273  1.585  -78.935  -4.370 0.0000000000
3274  0.590  -78.887  -4.497 0.0000000000
3290  2.074  -79.105  -5.216 0.0000000000
3291  1.479  -78.839  -5.261 0.0000000000
3307  2.255  -79.279  -6.403 0.0000000000
3308  1.954  -78.892  -6.009 0.0000000000
3319  2.214  -79.287  -6.967 0.0000000000
3659  -2.003  -77.238  9.965 0.0000000000
3667  -1.287  -77.451  8.598 0.0000000000
3668  -1.456  -77.624  9.110 0.0000000000
3673  -1.053  -77.859  8.014 0.0000000000
3674  -1.245  -77.932  8.517 0.0000000000
3676  -0.833  -77.975  7.240 0.0000000000
3677  -1.051  -77.565  6.955 0.0000000000
3680  -0.781  -78.273  6.786 0.0000000000
3681  -0.940  -77.839  6.465 0.0000000000
3691  -1.458  -77.656  5.686 0.0000000000
3692  -2.010  -77.529  5.105 0.0000000000
3704  -2.328  -77.216  4.449 0.0000000000
3705  -2.636  -76.837  3.858 0.0000000000
3712  -3.132  -76.868  3.389 0.0000000000
3713  -3.725  -76.983  2.827 0.0000000000
3714  -4.472  -77.431  2.640 0.0000000000
3721  1.275  -77.684  2.728 0.0000000000
3722  0.641  -77.857  2.871 0.0000000000
3723  -0.030  -77.773  2.724 0.0000000000
3724  -4.301  -76.809  2.339 0.0000000000
3725  -5.137  -77.178  2.045 0.0000000000
3726  -5.928  -77.550  1.932 0.0000000000
3739  1.790  -77.629  2.087 0.0000000000
3740  -0.625  -77.721  2.188 0.0000000000
3741  -1.280  -77.683  1.511 0.0000000000
3742  -5.858  -77.174  1.566 0.0000000000
3743  -6.544  -77.584  1.269 0.0000000000
3744  -6.893  -77.872  0.908 0.0000000000
3756  2.206  -77.237  0.420 0.0000000000
3757  1.808  -77.885  0.962 0.0000000000
3758  1.286  -78.151  0.814 0.0000000000
3759  -1.708  -77.599  0.939 0.0000000000
3760  -2.357  -77.621  0.396 0.0000000000
3761  -2.968  -78.110  0.140 0.0000000000
3762  -6.767  -77.412  0.523 0.0000000000
3763  -6.904  -77.767  0.637 0.0000000000
3770  2.276  -77.220  -0.105 0.0000000000
3771  2.001  -77.543  -0.025 0.0000000000
3772  1.101  -77.806  0.137 0.0000000000
3773  0.190  -77.797  -0.417 0.0000000000
3774  -2.558  -77.149  -0.211 0.0000000000
3775  -3.234  -77.565  -0.395 0.0000000000
3776  -4.130  -77.477  -0.998 0.0000000000
3777  -6.835  -77.291  -0.088 0.0000000000
3778  -6.964  -77.718  0.224 0.0000000000
3782  2.256  -77.191  -0.523 0.0000000000
3783  1.777  -77.366  -0.769 0.0000000000
3784  0.798  -77.363  -0.900 0.0000000000
3785  -0.086  -77.493  -1.211 0.0000000000
3786  -4.834  -77.322  -1.340 0.0000000000
3787  -5.579  -77.269  -1.336 0.0000000000
3788  -6.455  -77.345  -0.979 0.0000000000
3800  -0.573  -77.754  -1.918 0.0000000000
3808  -0.750  -77.784  -3.175 0.0000000000
4116  -4.262  -75.908  20.482 0.0000000000
4117  -4.593  -76.174  20.278 0.0000000000
4118  -7.448  -75.937  19.784 0.0000000000
4119  -8.571  -76.731  20.268 0.0000000000
4120  -9.162  -76.446  20.344 0.0000000000
4125  -4.408  -76.307  19.781 0.0000000000
4126  -4.985  -76.600  19.717 0.0000000000
4127  -5.847  -76.677  19.448 0.0000000000
4128  -6.900  -76.714  19.313 0.0000000000
4129  -7.826  -76.983  19.630 0.0000000000
4130  -9.682  -76.157  19.813 0.0000000000
4220  -1.850  -76.268  10.061 0.0000000000
4221  -2.362  -76.423  10.728 0.0000000000
4229  -1.314  -77.090  8.601 0.0000000000
4230  -1.465  -76.756  9.182 0.0000000000
4235  -1.253  -77.344  8.280 0.0000000000
4236  -1.425  -76.782  8.369 0.0000000000
4237  -1.697  -76.532  7.898 0.0000000000
4238  -2.269  -76.271  7.811 0.0000000000
4240  -1.173  -77.462  7.863 0.0000000000
4241  -1.298  -77.185  7.463 0.0000000000
4242  -1.777  -76.625  7.214 0.0000000000
4243  -2.741  -76.330  7.105 0.0000000000
4244  -3.521  -76.108  6.721 0.0000000000
4246  -1.339  -77.155  6.728 0.0000000000
4247  -1.888  -76.624  6.369 0.0000000000
4248  -2.756  -76.254  6.069 0.0000000000
4249  -3.720  -75.961  5.974 0.0000000000
4259  -1.405  -77.119  6.065 0.0000000000
4260  -1.939  -76.689  5.292 0.0000000000
4261  -2.901  -76.015  5.134 0.0000000000
4262  -3.778  -75.740  5.091 0.0000000000
4273  -2.467  -76.414  4.474 0.0000000000
4274  -3.235  -75.886  4.129 0.0000000000
4275  -3.861  -75.661  4.591 0.0000000000
4284  -3.468  -76.059  3.243 0.0000000000
4285  -3.928  -76.074  2.562 0.0000000000
4292  1.598  -76.848  2.691 0.0000000000
4293  0.868  -76.870  2.959 0.0000000000
4294  0.380  -77.339  2.769 0.0000000000
4295  -4.567  -76.211  1.805 0.0000000000
4296  -5.008  -76.667  1.711 0.0000000000
4305  2.230  -76.389  1.402 0.0000000000
4306  2.008  -76.660  2.109 0.0000000000
4307  0.520  -76.416  2.720 0.0000000000
4308  -0.055  -76.836  2.400 0.0000000000
4309  -0.800  -77.108  1.691 0.0000000000
4310  -4.862  -75.960  1.316 0.0000000000
4311  -5.416  -76.557  1.310 0.0000000000
4312  -6.092  -77.004  1.196 0.0000000000
4323  2.335  -76.683  0.714 0.0000000000
4324  2.125  -77.108  1.292 0.0000000000
4325  -0.652  -76.534  1.543 0.0000000000
4326  -1.363  -76.823  0.799 0.0000000000
4327  -2.098  -76.859  -0.004 0.0000000000
4328  -5.687  -76.151  0.622 0.0000000000
4329  -6.342  -76.766  0.566 0.0000000000
4338  2.436  -76.738  -0.150 0.0000000000
4339  -1.758  -76.141  -0.064 0.0000000000
4340  -2.616  -76.476  -0.682 0.0000000000
4341  -3.594  -76.776  -1.068 0.0000000000
4342  -4.334  -76.799  -1.267 0.0000000000
4343  -6.010  -76.049  -0.051 0.0000000000
4344  -6.417  -76.703  -0.426 0.0000000000
4349  2.434  -76.722  -1.317 0.0000000000
4350  1.530  -76.957  -1.659 0.0000000000
4351  0.407  -76.911  -1.692 0.0000000000
4352  -0.281  -77.124  -1.875 0.0000000000
4353  -3.235  -76.106  -1.321 0.0000000000
4354  -3.994  -76.146  -1.477 0.0000000000
4355  -4.906  -76.385  -1.337 0.0000000000
4356  -5.867  -76.401  -0.913 0.0000000000
4357  -6.294  -76.791  -0.823 0.0000000000
4369  2.179  -76.363  -2.673 0.0000000000
4370  0.919  -76.470  -2.488 0.0000000000
4371  -0.064  -76.688  -2.403 0.0000000000
4372  -0.497  -77.192  -2.444 0.0000000000
4379  2.263  -75.934  -3.896 0.0000000000
4380  1.327  -76.135  -3.480 0.0000000000
4381  0.179  -76.334  -3.210 0.0000000000
4382  -0.481  -76.844  -2.999 0.0000000000
4392  2.162  -75.708  -4.532 0.0000000000
4393  1.595  -75.948  -4.396 0.0000000000
4394  0.534  -75.992  -4.122 0.0000000000
4395  -0.635  -76.672  -3.968 0.0000000000
4407  2.218  -75.509  -4.713 0.0000000000
4408  1.846  -75.692  -4.869 0.0000000000
4409  1.051  -75.863  -4.917 0.0000000000
4410  0.012  -75.952  -4.801 0.0000000000
4718  -3.575  -75.128  21.194 0.0000000000
4719  -3.895  -75.090  21.490 0.0000000000
4720  -4.269  -74.934  21.611 0.0000000000
4726  -3.614  -75.364  20.806 0.0000000000
4727  -3.918  -75.579  20.980 0.0000000000
4728  -4.660  -75.528  20.997 0.0000000000
4729  -5.723  -75.221  20.583 0.0000000000
4730  -6.808  -74.925  20.306 0.0000000000
4731  -7.910  -75.086  20.516 0.0000000000
4732  -8.700  -75.255  20.605 0.0000000000
4741  -3.499  -75.266  20.512 0.0000000000
4742  -3.832  -75.677  20.253 0.0000000000
4743  -4.849  -76.187  20.331 0.0000000000
4744  -5.351  -76.097  20.181 0.0000000000
4745  -6.327  -75.893  19.852 0.0000000000
4746  -9.340  -75.128  20.318 0.0000000000
4747  -10.071  -75.259  19.519 0.0000000000
4832  -1.851  -74.907  12.006 0.0000000000
4843  -1.989  -75.404  10.928 0.0000000000
4844  -2.380  -75.990  11.255 0.0000000000
4855  -1.766  -75.528  9.859 0.0000000000
4856  -1.893  -75.253  9.476 0.0000000000
4862  -1.649  -76.036  9.103 0.0000000000
4863  -2.077  -75.828  8.642 0.0000000000
4864  -3.403  -75.817  8.092 0.0000000000
4865  -4.338  -75.357  8.057 0.0000000000
4870  -3.601  -76.048  7.297 0.0000000000
4871  -4.591  -75.626  7.083 0.0000000000
4872  -5.436  -75.038  6.810 0.0000000000
4876  -4.568  -75.668  5.761 0.0000000000
4877  -5.507  -75.229  6.106 0.0000000000
4878  -6.023  -74.922  5.660 0.0000000000
4891  -4.417  -75.602  4.908 0.0000000000
4892  -5.093  -75.471  5.291 0.0000000000
4893  -5.717  -75.182  5.173 0.0000000000
4909  -3.632  -75.718  4.047 0.0000000000
4910  -4.018  -75.644  4.197 0.0000000000
4911  -5.027  -75.437  4.422 0.0000000000
4912  -5.917  -75.039  4.381 0.0000000000
4923  -3.698  -75.737  3.802 0.0000000000
4924  -4.262  -75.568  3.460 0.0000000000
4925  -5.427  -75.027  3.483 0.0000000000
4926  -6.073  -74.809  3.876 0.0000000000
4932  1.979  -75.274  3.025 0.0000000000
4933  1.532  -75.852  2.993 0.0000000000
4934  0.827  -75.959  2.944 0.0000000000
4935  -4.609  -75.131  2.466 0.0000000000
4936  -5.319  -74.763  2.859 0.0000000000
4946  2.129  -75.597  2.190 0.0000000000
4947  1.921  -76.278  2.645 0.0000000000
4948  0.326  -75.969  2.429 0.0000000000
4949  -0.244  -75.945  1.740 0.0000000000
4950  -4.682  -75.158  1.219 0.0000000000
4951  -5.138  -75.900  0.940 0.0000000000
4957  2.404  -75.842  0.635 0.0000000000
4958  -0.735  -76.048  1.072 0.0000000000
4959  -1.128  -75.746  0.476 0.0000000000
4960  -4.902  -74.824  0.107 0.0000000000
4961  -5.324  -75.568  0.392 0.0000000000
4969  2.559  -75.939  -0.665 0.0000000000
4970  -1.502  -75.405  -0.066 0.0000000000
4971  -2.050  -75.508  -0.575 0.0000000000
4972  -4.760  -74.912  -0.811 0.0000000000
4973  -5.409  -75.501  -0.451 0.0000000000
4985  2.643  -76.028  -1.415 0.0000000000
4986  -2.730  -75.533  -1.155 0.0000000000
4987  -3.492  -75.480  -1.420 0.0000000000
4988  -4.327  -75.393  -1.354 0.0000000000
4989  -5.131  -75.651  -1.133 0.0000000000
5008  2.705  -75.894  -2.150 0.0000000000
5017  3.004  -74.943  -3.719 0.0000000000
5018  2.847  -75.476  -3.406 0.0000000000
5029  3.002  -74.966  -4.024 0.0000000000
5030  2.651  -75.243  -4.474 0.0000000000
5039  2.199  -75.231  -5.016 0.0000000000
5040  1.483  -75.270  -5.097 0.0000000000
5041  0.578  -75.350  -5.136 0.0000000000
5375  -2.765  -74.065  21.234 0.0000000000
5376  -3.213  -74.421  21.380 0.0000000000
5377  -3.937  -74.440  21.715 0.0000000000
5378  -4.714  -74.506  21.632 0.0000000000
5379  -5.372  -74.195  21.382 0.0000000000
5380  -7.778  -73.414  21.004 0.0000000000
5381  -7.983  -73.614  21.058 0.0000000000
5382  -8.556  -73.711  21.111 0.0000000000
5393  -1.959  -73.877  20.061 0.0000000000
5394  -2.564  -74.175  20.759 0.0000000000
5395  -3.261  -74.933  20.846 0.0000000000
5396  -5.297  -74.752  21.235 0.0000000000
5397  -6.036  -74.248  20.897 0.0000000000
5398  -7.362  -73.943  20.835 0.0000000000
5399  -8.309  -74.221  20.943 0.0000000000
5400  -9.125  -74.182  20.941 0.0000000000
5401  -9.480  -73.740  20.698 0.0000000000
5411  -1.719  -73.853  19.288 0.0000000000
5412  -2.327  -74.215  19.660 0.0000000000
5413  -3.265  -74.922  19.996 0.0000000000
5414  -3.743  -75.508  19.714 0.0000000000
5415  -9.384  -74.480  20.557 0.0000000000
5416  -9.777  -74.165  20.230 0.0000000000
5421  -1.185  -73.749  17.851 0.0000000000
5422  -1.469  -73.784  18.421 0.0000000000
5423  -1.993  -74.007  18.736 0.0000000000
5427  -10.622  -74.147  19.225 0.0000000000
5436  -1.009  -73.907  17.467 0.0000000000
5437  -1.359  -73.827  17.575 0.0000000000
5438  -1.688  -73.906  18.066 0.0000000000
5449  -1.015  -73.969  16.990 0.0000000000
5460  -0.919  -74.315  15.864 0.0000000000
5474  -0.570  -74.007  14.581 0.0000000000
5490  -0.746  -73.808  13.233 0.0000000000
5505  -0.817  -73.581  12.482 0.0000000000
5506  -1.202  -74.096  12.336 0.0000000000
5518  -1.536  -74.427  11.449 0.0000000000
5531  -1.648  -74.500  10.697 0.0000000000
5546  -1.728  -74.613  10.063 0.0000000000
5547  -1.996  -74.514  9.718 0.0000000000
5548  -2.588  -74.332  9.452 0.0000000000
5549  -3.335  -74.196  9.191 0.0000000000
5558  -2.239  -74.995  9.314 0.0000000000
5559  -2.956  -75.008  8.980 0.0000000000
5560  -4.142  -74.635  8.674 0.0000000000
5561  -4.998  -74.155  8.211 0.0000000000
5570  -4.855  -74.900  7.955 0.0000000000
5571  -5.660  -74.313  7.284 0.0000000000
5572  -6.223  -73.896  6.686 0.0000000000
5582  -5.736  -74.771  6.612 0.0000000000
5583  -6.224  -74.445  6.187 0.0000000000
5596  -6.412  -74.645  5.089 0.0000000000
5611  -6.410  -74.609  4.229 0.0000000000
5619  1.422  -74.159  3.730 0.0000000000
5620  1.162  -74.452  3.521 0.0000000000
5621  -5.690  -74.622  3.047 0.0000000000
5622  -6.277  -74.359  3.440 0.0000000000
5625  2.081  -74.706  2.948 0.0000000000
5626  1.669  -74.643  3.325 0.0000000000
5627  1.041  -75.077  3.062 0.0000000000
5628  -4.795  -74.641  1.914 0.0000000000
5629  -5.593  -74.224  2.432 0.0000000000
5630  -6.319  -73.872  2.963 0.0000000000
5640  2.216  -74.480  2.241 0.0000000000
5641  0.597  -75.425  2.617 0.0000000000
5642  0.204  -75.256  1.890 0.0000000000
5643  -5.020  -74.192  1.502 0.0000000000
5644  -5.291  -73.612  1.823 0.0000000000
5649  2.284  -74.630  1.140 0.0000000000
5650  2.211  -74.089  0.409 0.0000000000
5651  -0.457  -75.216  1.031 0.0000000000
5652  -1.079  -74.923  0.325 0.0000000000
5653  -4.660  -74.122  0.685 0.0000000000
5658  2.318  -74.855  -0.213 0.0000000000
5659  2.118  -73.852  -0.368 0.0000000000
5660  -1.634  -74.780  -0.247 0.0000000000
5661  -2.355  -74.721  -0.766 0.0000000000
5662  -3.265  -74.323  -0.793 0.0000000000
5663  -4.169  -74.055  -0.254 0.0000000000
5676  2.450  -75.250  -1.418 0.0000000000
5677  2.126  -74.379  -1.151 0.0000000000
5678  -3.047  -74.924  -1.276 0.0000000000
5679  -3.654  -74.890  -1.311 0.0000000000
5680  -4.087  -74.617  -1.044 0.0000000000
5696  2.582  -74.699  -2.470 0.0000000000
5697  2.307  -74.625  -1.722 0.0000000000
5709  3.018  -74.430  -3.904 0.0000000000
5710  2.907  -74.694  -3.402 0.0000000000
5724  2.985  -74.457  -4.514 0.0000000000
5725  2.820  -74.666  -4.769 0.0000000000
5735  2.897  -74.321  -4.919 0.0000000000
5736  2.604  -74.602  -5.032 0.0000000000
5737  1.933  -74.589  -5.235 0.0000000000
5738  1.098  -74.617  -5.258 0.0000000000
5739  0.149  -74.642  -5.280 0.0000000000
6133  -2.140  -73.140  20.974 0.0000000000
6134  -2.542  -73.591  21.183 0.0000000000
6135  -3.349  -73.663  21.500 0.0000000000
6136  -4.238  -73.759  21.595 0.0000000000
6137  -5.205  -73.756  21.329 0.0000000000
6138  -5.667  -73.849  21.197 0.0000000000
6139  -7.895  -73.212  21.040 0.0000000000
6140  -8.419  -73.315  21.090 0.0000000000
6141  -8.860  -73.441  21.062 0.0000000000
6150  -2.027  -73.489  20.662 0.0000000000
6151  -2.315  -73.744  20.949 0.0000000000
6152  -5.517  -73.568  21.036 0.0000000000
6153  -6.205  -73.568  20.872 0.0000000000
6154  -7.416  -73.293  20.885 0.0000000000
6155  -9.255  -73.396  20.845 0.0000000000
6156  -9.728  -73.267  20.420 0.0000000000
6161  -1.150  -73.306  19.125 0.0000000000
6162  -1.546  -73.471  19.756 0.0000000000
6163  -10.418  -73.195  19.676 0.0000000000
6164  -10.725  -72.693  19.387 0.0000000000
6170  -1.040  -73.542  18.349 0.0000000000
6171  -1.368  -73.636  18.996 0.0000000000
6174  -10.730  -73.456  19.300 0.0000000000
6182  -0.985  -73.780  17.540 0.0000000000
6196  -0.696  -73.666  16.745 0.0000000000
6208  -0.470  -73.466  15.686 0.0000000000
6220  -0.337  -73.069  14.780 0.0000000000
6235  -0.368  -72.951  13.705 0.0000000000
6253  -0.575  -73.106  12.406 0.0000000000
6254  -0.881  -73.528  12.128 0.0000000000
6270  -0.767  -72.870  11.776 0.0000000000
6271  -1.161  -73.557  11.493 0.0000000000
6286  -1.592  -73.948  10.611 0.0000000000
6287  -1.924  -73.625  10.436 0.0000000000
6288  -2.566  -73.349  10.291 0.0000000000
6306  -1.802  -74.107  10.118 0.0000000000
6307  -2.242  -73.888  9.907 0.0000000000
6308  -3.123  -73.553  9.741 0.0000000000
6309  -3.957  -73.564  9.243 0.0000000000
6325  -4.653  -73.481  8.687 0.0000000000
6326  -5.337  -73.274  8.111 0.0000000000
6339  -5.880  -73.157  7.524 0.0000000000
6340  -6.287  -73.286  6.952 0.0000000000
6354  -0.896  -73.174  6.060 0.0000000000
6355  -1.601  -73.181  6.240 0.0000000000
6356  -2.177  -73.044  6.426 0.0000000000
6357  -6.613  -73.482  6.258 0.0000000000
6373  0.349  -73.268  5.037 0.0000000000
6374  -0.320  -73.297  5.425 0.0000000000
6375  -1.297  -73.634  5.678 0.0000000000
6376  -2.536  -73.466  5.872 0.0000000000
6377  -3.335  -73.183  5.546 0.0000000000
6378  -6.832  -73.801  5.452 0.0000000000
6379  -7.206  -73.180  4.976 0.0000000000
6398  1.406  -73.405  4.343 0.0000000000
6399  1.016  -73.363  4.682 0.0000000000
6400  0.220  -73.603  4.696 0.0000000000
6401  -0.755  -73.741  4.779 0.0000000000
6402  -1.931  -73.719  4.760 0.0000000000
6403  -3.259  -73.178  4.558 0.0000000000
6404  -6.969  -73.937  4.393 0.0000000000
6405  -7.239  -72.976  4.323 0.0000000000
6414  2.064  -73.304  3.567 0.0000000000
6415  1.720  -73.714  3.957 0.0000000000
6416  0.922  -73.971  4.037 0.0000000000
6417  -0.132  -73.898  3.887 0.0000000000
6418  -1.227  -73.644  3.744 0.0000000000
6419  -2.359  -73.323  3.568 0.0000000000
6420  -3.224  -72.996  3.199 0.0000000000
6421  -6.804  -73.277  3.466 0.0000000000
6422  -7.169  -72.802  3.917 0.0000000000
6426  2.187  -73.743  2.984 0.0000000000
6427  2.016  -74.252  3.413 0.0000000000
6428  0.437  -74.336  3.063 0.0000000000
6429  -0.623  -73.765  2.714 0.0000000000
6430  -1.745  -73.347  2.605 0.0000000000
6431  -2.837  -73.012  2.487 0.0000000000
6432  -3.228  -72.898  2.704 0.0000000000
6433  -5.651  -73.225  2.260 0.0000000000
6434  -6.164  -73.493  2.774 0.0000000000
6444  2.197  -73.622  1.730 0.0000000000
6445  2.075  -72.988  1.394 0.0000000000
6446  0.519  -74.844  2.407 0.0000000000
6447  -0.239  -74.318  1.611 0.0000000000
6448  -1.297  -73.482  1.509 0.0000000000
6449  -2.325  -73.098  1.659 0.0000000000
6450  -3.953  -72.861  1.057 0.0000000000
6451  -4.755  -73.300  1.322 0.0000000000
6452  -5.242  -73.199  1.789 0.0000000000
6455  2.220  -73.890  0.959 0.0000000000
6456  2.140  -73.230  0.588 0.0000000000
6457  -0.714  -74.566  0.773 0.0000000000
6458  -1.304  -74.073  0.367 0.0000000000
6459  -2.323  -73.309  0.598 0.0000000000
6460  -3.395  -73.117  0.580 0.0000000000
6461  -4.123  -73.461  0.563 0.0000000000
6468  2.444  -73.011  -1.025 0.0000000000
6469  2.280  -73.030  -0.507 0.0000000000
6470  -1.865  -74.323  -0.291 0.0000000000
6471  -2.306  -73.933  -0.298 0.0000000000
6472  -3.201  -73.541  -0.143 0.0000000000
6473  -3.744  -73.501  0.150 0.0000000000
6486  2.531  -72.947  -1.447 0.0000000000
6487  2.208  -73.536  -1.228 0.0000000000
6497  2.501  -73.398  -2.179 0.0000000000
6498  2.163  -74.132  -1.797 0.0000000000
6509  3.047  -73.684  -4.271 0.0000000000
6510  2.823  -73.727  -3.349 0.0000000000
6522  3.002  -73.737  -4.948 0.0000000000
6523  2.675  -73.325  -5.019 0.0000000000
6524  1.290  -73.398  -5.162 0.0000000000
6525  0.602  -73.298  -4.927 0.0000000000
6537  2.778  -74.122  -5.063 0.0000000000
6538  2.416  -73.833  -5.200 0.0000000000
6539  1.596  -73.915  -5.339 0.0000000000
6540  0.754  -73.930  -5.290 0.0000000000
6926  -2.247  -72.700  21.008 0.0000000000
6927  -2.728  -72.866  21.253 0.0000000000
6928  -3.513  -72.816  21.200 0.0000000000
6929  -4.689  -73.372  21.176 0.0000000000
6930  -5.248  -73.523  21.102 0.0000000000
6931  -8.325  -72.986  20.999 0.0000000000
6932  -8.762  -73.010  20.959 0.0000000000
6933  -9.131  -73.112  20.856 0.0000000000
6937  -1.584  -72.408  20.422 0.0000000000
6938  -1.891  -72.802  20.746 0.0000000000
6939  -3.497  -72.133  20.518 0.0000000000
6940  -4.344  -72.789  20.653 0.0000000000
6941  -5.564  -73.259  20.746 0.0000000000
6942  -6.905  -73.099  20.622 0.0000000000
6943  -7.872  -72.856  20.787 0.0000000000
6944  -8.610  -72.522  20.590 0.0000000000
6945  -9.270  -72.721  20.571 0.0000000000
6946  -9.979  -72.532  19.977 0.0000000000
6951  -1.244  -72.699  19.710 0.0000000000
6952  -1.608  -73.008  20.310 0.0000000000
6953  -3.551  -71.817  20.220 0.0000000000
6954  -3.896  -72.065  19.804 0.0000000000
6955  -5.102  -72.722  19.905 0.0000000000
6956  -6.394  -72.821  20.062 0.0000000000
6957  -7.535  -72.520  20.194 0.0000000000
6958  -8.169  -72.417  20.381 0.0000000000
6959  -10.484  -72.445  19.554 0.0000000000
6960  -10.867  -72.223  19.241 0.0000000000
6966  -0.834  -72.784  18.666 0.0000000000
6967  -4.092  -71.526  19.168 0.0000000000
6968  -4.690  -72.066  18.774 0.0000000000
6969  -5.894  -72.565  19.104 0.0000000000
6970  -7.019  -72.322  19.329 0.0000000000
6980  -0.635  -73.152  17.638 0.0000000000
6981  -5.089  -71.743  18.074 0.0000000000
6982  -5.611  -72.140  18.132 0.0000000000
6983  -6.541  -72.268  18.443 0.0000000000
6994  -0.446  -72.781  16.590 0.0000000000
7000  -0.343  -72.521  15.489 0.0000000000
7006  -0.309  -72.293  14.514 0.0000000000
7015  -0.339  -72.090  13.753 0.0000000000
7026  -0.454  -72.299  12.977 0.0000000000
7034  -0.712  -72.345  12.194 0.0000000000
7035  -1.379  -72.581  11.466 0.0000000000
7036  -2.571  -72.257  11.287 0.0000000000
7037  -3.230  -71.978  11.145 0.0000000000
7048  -1.557  -73.337  10.932 0.0000000000
7049  -2.184  -72.975  10.815 0.0000000000
7050  -3.471  -72.504  10.453 0.0000000000
7051  -4.297  -71.978  10.083 0.0000000000
7067  -3.824  -73.053  9.744 0.0000000000
7068  -4.569  -72.434  9.348 0.0000000000
7069  -5.257  -71.841  8.966 0.0000000000
7086  -4.958  -72.863  8.631 0.0000000000
7087  -5.366  -72.324  8.497 0.0000000000
7088  -5.959  -71.962  8.042 0.0000000000
7100  -5.761  -72.599  7.896 0.0000000000
7101  -6.323  -72.299  7.364 0.0000000000
7111  -1.164  -72.855  6.200 0.0000000000
7112  -1.768  -72.447  6.381 0.0000000000
7113  -2.851  -72.683  6.535 0.0000000000
7114  -3.625  -72.508  6.177 0.0000000000
7115  -6.816  -72.469  6.457 0.0000000000
7116  -7.243  -72.134  5.883 0.0000000000
7129  0.359  -72.951  5.287 0.0000000000
7130  -0.581  -72.464  5.795 0.0000000000
7131  -1.410  -71.973  6.102 0.0000000000
7132  -3.356  -73.055  6.042 0.0000000000
7133  -4.004  -72.669  5.470 0.0000000000
7134  -4.696  -72.231  4.938 0.0000000000
7135  -7.099  -72.895  5.698 0.0000000000
7136  -7.373  -72.197  5.062 0.0000000000
7154  1.464  -73.098  4.404 0.0000000000
7155  0.929  -72.589  4.814 0.0000000000
7156  0.293  -72.501  5.280 0.0000000000
7157  -4.384  -72.637  4.393 0.0000000000
7158  -5.222  -72.164  4.274 0.0000000000
7159  -6.017  -71.894  3.995 0.0000000000
7160  -6.738  -72.011  4.036 0.0000000000
7161  -7.180  -72.371  4.261 0.0000000000
7168  2.144  -73.050  3.251 0.0000000000
7169  1.864  -72.707  3.836 0.0000000000
7170  1.408  -72.620  4.328 0.0000000000
7171  -3.976  -72.695  3.456 0.0000000000
7172  -4.886  -72.462  3.473 0.0000000000
7173  -5.714  -72.422  3.468 0.0000000000
7174  -6.436  -72.474  3.565 0.0000000000
7175  -6.966  -72.561  3.779 0.0000000000
7178  2.158  -73.055  2.751 0.0000000000
7179  2.031  -72.540  2.932 0.0000000000
7180  -3.208  -72.756  2.051 0.0000000000
7181  -3.597  -72.690  2.455 0.0000000000
7182  -4.564  -72.568  2.597 0.0000000000
7183  -5.402  -72.644  2.711 0.0000000000
7184  -6.140  -72.853  2.935 0.0000000000
7193  2.175  -73.283  2.400 0.0000000000
7194  2.040  -72.794  2.089 0.0000000000
7195  -2.948  -72.839  1.760 0.0000000000
7196  -3.486  -72.717  1.576 0.0000000000
7197  -4.272  -72.671  1.759 0.0000000000
7198  -5.073  -72.789  1.961 0.0000000000
7204  1.880  -72.444  1.169 0.0000000000
7205  -2.951  -72.862  1.155 0.0000000000
7206  -3.447  -72.820  1.055 0.0000000000
7217  2.409  -72.486  -1.008 0.0000000000
7218  1.999  -72.183  -0.094 0.0000000000
7232  2.639  -72.263  -1.898 0.0000000000
7249  2.833  -72.548  -2.975 0.0000000000
7267  2.993  -73.156  -4.664 0.0000000000
7268  3.052  -72.703  -4.048 0.0000000000
7269  0.473  -72.183  -4.020 0.0000000000
7284  2.819  -73.206  -4.872 0.0000000000
7285  2.518  -72.701  -4.859 0.0000000000
7286  1.427  -72.674  -4.880 0.0000000000
7287  0.612  -72.732  -4.444 0.0000000000
7298  2.419  -73.259  -5.076 0.0000000000
7299  1.972  -73.249  -5.190 0.0000000000
7724  -2.211  -72.317  20.907 0.0000000000
7725  -2.420  -72.303  21.010 0.0000000000
7726  -2.717  -72.275  21.034 0.0000000000
7730  -1.607  -72.080  20.505 0.0000000000
7731  -1.895  -72.027  20.740 0.0000000000
7732  -2.365  -71.716  20.835 0.0000000000
7733  -2.939  -71.677  20.787 0.0000000000
7734  -8.778  -72.186  20.325 0.0000000000
7735  -9.069  -72.091  20.276 0.0000000000
7736  -9.630  -72.079  20.022 0.0000000000
7742  -1.397  -71.855  20.182 0.0000000000
7743  -1.692  -71.239  20.303 0.0000000000
7744  -3.387  -71.361  20.201 0.0000000000
7745  -3.733  -71.026  19.461 0.0000000000
7746  -8.106  -72.228  20.093 0.0000000000
7747  -8.610  -71.995  20.057 0.0000000000
7748  -9.450  -71.646  19.507 0.0000000000
7749  -10.348  -71.780  19.398 0.0000000000
7750  -11.044  -71.564  18.906 0.0000000000
7755  -0.998  -71.750  19.160 0.0000000000
7756  -4.178  -70.892  18.612 0.0000000000
7757  -4.762  -71.395  18.112 0.0000000000
7758  -7.963  -72.040  19.561 0.0000000000
7759  -8.665  -71.569  19.059 0.0000000000
7760  -9.489  -71.221  18.550 0.0000000000
7769  -0.752  -71.765  17.670 0.0000000000
7770  -4.641  -70.812  17.868 0.0000000000
7771  -5.324  -71.297  17.349 0.0000000000
7772  -6.396  -71.906  17.510 0.0000000000
7773  -7.635  -71.870  18.212 0.0000000000
7774  -8.776  -71.352  17.976 0.0000000000
7786  -0.509  -71.775  16.234 0.0000000000
7787  -5.636  -70.994  16.647 0.0000000000
7788  -6.162  -71.247  16.519 0.0000000000
7789  -7.149  -71.599  16.891 0.0000000000
7797  -0.451  -71.659  15.216 0.0000000000
7798  -6.441  -70.957  16.004 0.0000000000
7806  -0.504  -71.554  14.353 0.0000000000
7815  -0.672  -71.505  13.476 0.0000000000
7816  -1.071  -71.175  13.337 0.0000000000
7828  -0.641  -71.895  12.707 0.0000000000
7829  -1.012  -71.501  12.784 0.0000000000
7830  -1.727  -71.369  12.574 0.0000000000
7831  -2.518  -71.219  12.448 0.0000000000
7840  -0.792  -71.887  12.396 0.0000000000
7841  -1.178  -71.874  12.143 0.0000000000
7842  -2.059  -71.800  11.935 0.0000000000
7843  -3.214  -71.461  11.802 0.0000000000
7844  -4.069  -71.094  11.378 0.0000000000
7852  -3.682  -71.677  11.072 0.0000000000
7853  -4.418  -71.372  10.636 0.0000000000
7854  -5.030  -71.078  10.174 0.0000000000
7868  -4.724  -71.619  9.931 0.0000000000
7869  -5.321  -71.285  9.471 0.0000000000
7882  -5.848  -71.385  8.614 0.0000000000
7883  -6.483  -71.209  7.818 0.0000000000
7894  -7.020  -71.387  6.797 0.0000000000
7895  -7.348  -70.896  6.431 0.0000000000
7904  -1.952  -71.375  6.446 0.0000000000
7905  -2.580  -71.724  6.859 0.0000000000
7906  -3.652  -71.656  6.477 0.0000000000
7907  -4.263  -70.973  6.136 0.0000000000
7908  -7.156  -71.814  6.265 0.0000000000
7909  -7.399  -71.275  5.920 0.0000000000
7919  -0.553  -71.792  5.372 0.0000000000
7920  -1.327  -71.457  5.631 0.0000000000
7921  -4.059  -72.169  6.004 0.0000000000
7922  -4.593  -71.568  5.499 0.0000000000
7923  -5.055  -70.779  5.074 0.0000000000
7924  -6.938  -71.040  4.690 0.0000000000
7925  -7.301  -71.142  5.112 0.0000000000
7936  0.839  -72.179  4.688 0.0000000000
7937  0.290  -71.942  4.989 0.0000000000
7938  -0.781  -71.437  4.762 0.0000000000
7939  -5.003  -71.824  4.830 0.0000000000
7940  -5.497  -71.252  4.597 0.0000000000
7941  -6.470  -71.305  4.379 0.0000000000
7942  -7.130  -71.644  4.529 0.0000000000
7946  1.610  -72.279  3.774 0.0000000000
7947  1.172  -72.077  4.129 0.0000000000
7948  -0.024  -71.427  3.820 0.0000000000
7949  -1.091  -71.039  3.955 0.0000000000
7953  1.649  -72.110  3.334 0.0000000000
7954  0.980  -71.519  2.975 0.0000000000
7955  -0.156  -71.246  2.512 0.0000000000
7963  1.609  -71.990  2.170 0.0000000000
7964  0.675  -71.499  1.713 0.0000000000
7965  -0.431  -71.228  1.305 0.0000000000
7973  1.277  -71.845  0.788 0.0000000000
7974  0.293  -71.412  0.431 0.0000000000
7975  -0.581  -71.092  0.306 0.0000000000
7987  2.179  -71.686  -1.171 0.0000000000
7988  1.110  -71.213  -0.682 0.0000000000
7989  -0.099  -71.027  -0.415 0.0000000000
7990  -0.613  -70.817  -0.167 0.0000000000
8011  2.361  -71.438  -1.964 0.0000000000
8012  1.817  -70.981  -1.617 0.0000000000
8030  2.630  -71.595  -2.748 0.0000000000
8031  2.068  -70.986  -2.471 0.0000000000
8032  -0.471  -71.278  -2.858 0.0000000000
8044  2.852  -71.838  -3.563 0.0000000000
8045  2.122  -71.148  -3.561 0.0000000000
8046  1.069  -71.402  -3.922 0.0000000000
8047  0.188  -71.635  -3.374 0.0000000000
8055  2.676  -71.843  -4.265 0.0000000000
8056  1.854  -71.789  -4.516 0.0000000000
8057  1.044  -72.007  -4.542 0.0000000000
8538  -1.996  -71.208  20.586 0.0000000000
8539  -2.473  -70.976  20.488 0.0000000000
8540  -3.002  -70.827  20.361 0.0000000000
8550  -1.421  -70.959  19.618 0.0000000000
8551  -1.944  -70.380  19.796 0.0000000000
8552  -2.779  -70.233  19.897 0.0000000000
8553  -3.395  -70.363  19.700 0.0000000000
8554  -3.867  -70.143  19.092 0.0000000000
8555  -10.235  -71.172  18.784 0.0000000000
8556  -10.915  -71.118  18.765 0.0000000000
8565  -1.194  -70.461  18.573 0.0000000000
8566  -1.516  -70.303  19.232 0.0000000000
8567  -4.190  -69.920  18.601 0.0000000000
8578  -1.019  -70.451  17.562 0.0000000000
8579  -4.464  -70.054  18.147 0.0000000000
8580  -4.928  -70.223  17.440 0.0000000000
8593  -0.848  -70.841  16.698 0.0000000000
8594  -5.490  -70.415  16.647 0.0000000000
8595  -5.812  -70.799  16.391 0.0000000000
8606  -0.735  -71.075  15.817 0.0000000000
8607  -5.639  -70.021  16.249 0.0000000000
8608  -6.035  -70.437  15.948 0.0000000000
8622  -0.802  -70.842  15.090 0.0000000000
8623  -1.068  -70.435  14.700 0.0000000000
8637  -0.831  -71.010  14.297 0.0000000000
8638  -1.231  -70.638  13.935 0.0000000000
8639  -1.921  -70.337  13.622 0.0000000000
8640  -2.598  -70.152  13.422 0.0000000000
8656  -1.516  -70.989  13.208 0.0000000000
8657  -2.260  -70.774  13.017 0.0000000000
8658  -3.272  -70.458  12.758 0.0000000000
8659  -4.119  -69.959  12.271 0.0000000000
8669  -3.955  -70.657  11.943 0.0000000000
8670  -4.858  -70.149  11.318 0.0000000000
8671  -5.518  -69.719  10.688 0.0000000000
8685  -4.990  -70.735  10.588 0.0000000000
8686  -5.540  -70.294  10.166 0.0000000000
8699  -6.227  -70.343  9.091 0.0000000000
8700  -6.726  -69.735  8.711 0.0000000000
8706  -1.889  -70.211  8.378 0.0000000000
8707  -2.398  -70.093  8.413 0.0000000000
8708  -6.352  -70.779  8.428 0.0000000000
8709  -6.791  -70.196  8.162 0.0000000000
8721  -1.894  -70.443  7.663 0.0000000000
8722  -2.498  -70.425  7.841 0.0000000000
8723  -3.226  -70.139  7.603 0.0000000000
8724  -3.685  -69.772  7.430 0.0000000000
8725  -7.092  -70.508  7.309 0.0000000000
8726  -7.295  -70.624  6.731 0.0000000000
8738  -1.841  -70.423  6.967 0.0000000000
8739  -2.342  -70.841  7.123 0.0000000000
8740  -3.050  -70.891  7.177 0.0000000000
8741  -4.003  -70.317  6.825 0.0000000000
8742  -7.331  -70.060  6.834 0.0000000000
8743  -7.350  -70.354  6.276 0.0000000000
8753  -1.964  -70.512  5.985 0.0000000000
8754  -4.783  -70.316  5.681 0.0000000000
8755  -5.736  -70.310  5.057 0.0000000000
8756  -6.745  -70.482  5.095 0.0000000000
8757  -7.264  -70.454  5.691 0.0000000000
8767  -1.844  -70.596  4.695 0.0000000000
8768  -2.205  -70.040  3.912 0.0000000000
8769  -6.216  -70.757  4.640 0.0000000000
8770  -6.610  -70.866  4.661 0.0000000000
8774  -0.856  -70.961  3.160 0.0000000000
8775  -1.699  -70.442  3.361 0.0000000000
8776  -2.265  -69.818  3.254 0.0000000000
8779  -1.264  -70.713  2.107 0.0000000000
8780  -2.114  -69.828  2.422 0.0000000000
8781  -2.255  -69.402  2.919 0.0000000000
8788  -1.181  -70.723  0.869 0.0000000000
8789  -1.771  -70.048  1.262 0.0000000000
8801  -0.988  -70.602  0.093 0.0000000000
8802  -1.345  -70.137  0.381 0.0000000000
8818  0.922  -70.550  -1.126 0.0000000000
8819  0.410  -70.256  -0.939 0.0000000000
8820  -0.594  -70.314  -0.445 0.0000000000
8821  -1.063  -70.189  -0.084 0.0000000000
8842  1.237  -70.512  -1.429 0.0000000000
8843  0.930  -70.155  -1.289 0.0000000000
8854  1.468  -70.394  -2.101 0.0000000000
8855  1.049  -70.261  -2.634 0.0000000000
8856  0.279  -70.537  -3.016 0.0000000000
8857  -0.893  -70.447  -2.686 0.0000000000
8866  1.569  -70.774  -2.786 0.0000000000
8867  1.160  -70.881  -3.212 0.0000000000
8868  0.710  -71.118  -3.366 0.0000000000
9365  -1.970  -69.744  19.200 0.0000000000
9366  -2.440  -69.589  19.246 0.0000000000
9367  -3.286  -69.571  19.174 0.0000000000
9368  -3.661  -69.863  19.138 0.0000000000
9379  -1.392  -69.747  18.323 0.0000000000
9380  -1.647  -69.653  18.721 0.0000000000
9381  -2.006  -69.488  18.963 0.0000000000
9382  -3.632  -69.098  18.691 0.0000000000
9383  -4.124  -69.317  18.558 0.0000000000
9384  -4.678  -68.781  18.044 0.0000000000
9392  -1.269  -69.594  17.790 0.0000000000
9393  -1.474  -69.476  18.169 0.0000000000
9394  -4.429  -69.596  18.355 0.0000000000
9395  -4.822  -69.238  17.877 0.0000000000
9406  -1.049  -69.842  16.932 0.0000000000
9407  -5.398  -69.508  17.015 0.0000000000
9408  -5.759  -68.933  16.903 0.0000000000
9420  -0.936  -70.248  16.008 0.0000000000
9421  -5.542  -69.828  16.514 0.0000000000
9422  -5.843  -69.393  16.260 0.0000000000
9437  -1.067  -69.912  15.377 0.0000000000
9438  -1.352  -69.725  14.747 0.0000000000
9439  -1.820  -69.349  14.521 0.0000000000
9440  -6.334  -69.639  15.241 0.0000000000
9457  -1.712  -69.924  14.181 0.0000000000
9458  -2.311  -69.547  13.994 0.0000000000
9459  -3.070  -69.483  13.475 0.0000000000
9478  -3.730  -69.325  12.854 0.0000000000
9479  -4.441  -69.041  12.197 0.0000000000
9497  -5.062  -68.985  11.581 0.0000000000
9498  -5.521  -69.164  11.004 0.0000000000
9513  -6.051  -69.214  10.217 0.0000000000
9514  -6.431  -68.711  9.786 0.0000000000
9523  0.312  -69.249  9.038 0.0000000000
9524  -0.276  -69.464  9.486 0.0000000000
9525  -1.232  -69.286  9.674 0.0000000000
9526  -1.824  -68.997  9.676 0.0000000000
9527  -6.156  -69.770  9.704 0.0000000000
9528  -6.644  -69.199  9.272 0.0000000000
9535  0.441  -69.241  8.352 0.0000000000
9536  -0.151  -69.741  8.606 0.0000000000
9537  -1.153  -69.869  8.929 0.0000000000
9538  -2.360  -69.483  8.983 0.0000000000
9539  -3.053  -68.933  8.569 0.0000000000
9540  -6.996  -69.248  8.280 0.0000000000
9548  0.477  -69.185  7.907 0.0000000000
9549  0.077  -69.541  7.874 0.0000000000
9550  -1.019  -69.988  7.786 0.0000000000
9551  -2.768  -69.939  8.208 0.0000000000
9552  -3.351  -69.333  8.010 0.0000000000
9553  -4.188  -69.281  7.296 0.0000000000
9554  -7.138  -69.631  7.411 0.0000000000
9562  0.338  -69.070  7.549 0.0000000000
9563  -0.314  -69.273  7.156 0.0000000000
9564  -1.406  -69.551  6.560 0.0000000000
9565  -5.016  -69.291  6.438 0.0000000000
9566  -6.122  -69.045  6.111 0.0000000000
9567  -6.970  -69.480  6.500 0.0000000000
9568  -7.297  -70.012  5.969 0.0000000000
9577  -2.008  -69.568  5.535 0.0000000000
9578  -5.588  -69.609  5.639 0.0000000000
9579  -6.438  -69.722  5.606 0.0000000000
9580  -7.083  -69.982  5.731 0.0000000000
9581  -7.249  -70.160  5.778 0.0000000000
9589  -2.168  -69.400  4.498 0.0000000000
9590  -2.268  -69.487  3.736 0.0000000000
9593  -2.073  -68.924  3.719 0.0000000000
9594  -2.263  -69.253  3.246 0.0000000000
9597  -2.021  -68.928  2.851 0.0000000000
9598  -2.249  -69.145  2.979 0.0000000000
9607  -1.573  -68.961  1.717 0.0000000000
9625  -0.489  -69.085  0.240 0.0000000000
9626  -1.260  -69.404  0.683 0.0000000000
9644  0.953  -69.095  -1.179 0.0000000000
9645  0.647  -69.195  -0.869 0.0000000000
9646  -0.137  -69.380  -0.494 0.0000000000
9647  -0.936  -69.725  -0.056 0.0000000000
9664  1.075  -69.734  -1.597 0.0000000000
9665  0.823  -69.702  -1.217 0.0000000000
9676  1.144  -69.529  -2.151 0.0000000000
9677  0.619  -69.527  -2.623 0.0000000000
9678  -0.235  -69.511  -2.856 0.0000000000
9679  -1.331  -69.436  -2.597 0.0000000000
10257  -2.651  -69.190  18.916 0.0000000000
10258  -2.887  -69.282  19.047 0.0000000000
10269  -1.678  -69.239  18.357 0.0000000000
10270  -2.155  -69.050  18.532 0.0000000000
10271  -3.092  -68.837  18.671 0.0000000000
10272  -3.906  -68.534  18.388 0.0000000000
10273  -4.573  -68.392  18.042 0.0000000000
10281  -1.296  -69.199  17.588 0.0000000000
10282  -1.515  -68.989  17.826 0.0000000000
10283  -2.070  -68.282  17.859 0.0000000000
10284  -5.238  -68.277  17.783 0.0000000000
10285  -5.941  -68.016  17.531 0.0000000000
10293  -1.150  -69.133  17.230 0.0000000000
10294  -1.271  -68.486  16.825 0.0000000000
10295  -5.612  -68.682  17.400 0.0000000000
10296  -6.290  -68.329  16.904 0.0000000000
10297  -6.878  -67.967  16.395 0.0000000000
10305  -1.028  -69.236  16.238 0.0000000000
10306  -1.327  -68.469  15.841 0.0000000000
10307  -6.464  -68.635  15.822 0.0000000000
10308  -7.253  -67.997  15.547 0.0000000000
10318  -1.227  -69.178  15.449 0.0000000000
10319  -1.611  -68.791  15.024 0.0000000000
10320  -2.197  -68.794  14.529 0.0000000000
10335  -2.771  -68.740  13.994 0.0000000000
10336  -3.353  -68.519  13.411 0.0000000000
10354  -3.903  -68.439  12.816 0.0000000000
10355  -4.293  -68.152  12.371 0.0000000000
10377  -4.740  -68.214  11.820 0.0000000000
10378  -5.327  -68.282  11.216 0.0000000000
10398  0.105  -68.508  10.200 0.0000000000
10399  -0.031  -68.301  10.376 0.0000000000
10400  -0.434  -68.194  10.318 0.0000000000
10401  -5.793  -68.477  10.659 0.0000000000
10402  -6.230  -68.234  10.143 0.0000000000
10412  0.301  -68.710  9.711 0.0000000000
10413  -0.336  -68.823  10.149 0.0000000000
10414  -1.233  -68.427  9.981 0.0000000000
10415  -2.172  -68.423  9.483 0.0000000000
10416  -6.614  -68.196  9.461 0.0000000000
10425  0.591  -68.626  8.786 0.0000000000
10426  -2.852  -68.411  8.860 0.0000000000
10427  -3.536  -68.344  8.243 0.0000000000
10428  -4.220  -68.033  7.798 0.0000000000
10429  -6.821  -68.356  8.614 0.0000000000
10438  0.716  -68.719  7.822 0.0000000000
10439  -4.025  -68.638  7.686 0.0000000000
10440  -4.980  -68.304  7.329 0.0000000000
10441  -6.071  -68.237  7.195 0.0000000000
10442  -6.784  -68.669  7.514 0.0000000000
10451  0.431  -68.585  6.797 0.0000000000
10452  -0.595  -68.728  6.260 0.0000000000
10453  -1.475  -68.894  5.847 0.0000000000
10454  -5.756  -68.659  6.715 0.0000000000
10455  -6.520  -68.808  6.817 0.0000000000
10456  -6.831  -68.968  6.938 0.0000000000
10465  1.207  -68.018  4.526 0.0000000000
10466  0.365  -68.320  5.327 0.0000000000
10467  -0.993  -68.506  5.283 0.0000000000
10468  -1.757  -68.874  5.170 0.0000000000
10474  1.397  -68.036  3.603 0.0000000000
10475  0.585  -68.384  4.042 0.0000000000
10476  -0.512  -68.489  4.339 0.0000000000
10477  -1.560  -68.663  4.444 0.0000000000
10484  1.632  -67.958  2.702 0.0000000000
10485  0.813  -68.348  3.059 0.0000000000
10486  -0.231  -68.482  3.340 0.0000000000
10487  -1.316  -68.544  3.546 0.0000000000
10496  1.840  -67.952  1.786 0.0000000000
10497  1.067  -68.316  2.157 0.0000000000
10498  0.051  -68.467  2.434 0.0000000000
10499  -1.050  -68.457  2.595 0.0000000000
10515  1.830  -68.035  1.031 0.0000000000
10516  1.237  -68.370  1.288 0.0000000000
10517  0.267  -68.503  1.568 0.0000000000
10518  -0.637  -68.495  1.842 0.0000000000
10536  1.853  -67.954  0.453 0.0000000000
10537  1.347  -68.357  0.472 0.0000000000
10538  0.381  -68.655  0.629 0.0000000000
10539  -0.623  -68.719  1.048 0.0000000000
10554  1.293  -68.360  -0.442 0.0000000000
10555  0.656  -68.782  -0.140 0.0000000000
10556  0.056  -68.864  -0.015 0.0000000000
10571  1.087  -68.724  -1.510 0.0000000000
10572  -1.562  -68.126  -1.942 0.0000000000
10583  0.954  -68.771  -2.272 0.0000000000
10584  0.356  -68.782  -2.606 0.0000000000
10585  -0.474  -68.674  -2.638 0.0000000000
10586  -1.488  -68.520  -2.256 0.0000000000
11194  -2.642  -68.200  18.198 0.0000000000
11195  -3.426  -67.901  18.161 0.0000000000
11196  -4.326  -67.682  17.996 0.0000000000
11197  -5.047  -67.524  17.869 0.0000000000
11207  -1.713  -68.033  17.302 0.0000000000
11208  -2.719  -67.384  17.342 0.0000000000
11209  -3.871  -67.201  17.755 0.0000000000
11210  -4.433  -67.138  17.800 0.0000000000
11211  -5.740  -67.409  17.742 0.0000000000
11212  -6.472  -67.369  17.459 0.0000000000
11213  -6.953  -67.039  17.145 0.0000000000
11221  -1.828  -67.675  16.353 0.0000000000
11222  -2.519  -67.170  16.346 0.0000000000
11223  -6.875  -67.633  16.955 0.0000000000
11224  -7.291  -67.236  16.530 0.0000000000
11232  -1.899  -68.030  15.321 0.0000000000
11233  -2.577  -67.305  15.502 0.0000000000
11234  -3.068  -67.048  15.217 0.0000000000
11235  -7.920  -67.120  15.704 0.0000000000
11236  -8.386  -66.784  15.375 0.0000000000
11248  -2.051  -68.379  14.879 0.0000000000
11249  -2.561  -67.974  14.532 0.0000000000
11250  -3.081  -67.281  14.723 0.0000000000
11251  -7.777  -67.743  15.066 0.0000000000
11265  -3.035  -68.182  13.926 0.0000000000
11266  -3.445  -67.569  13.786 0.0000000000
11267  -4.062  -67.196  13.418 0.0000000000
11284  -3.623  -68.012  13.181 0.0000000000
11285  -4.032  -67.657  12.944 0.0000000000
11304  -4.508  -67.471  12.237 0.0000000000
11305  -5.003  -67.389  11.525 0.0000000000
11323  0.204  -68.009  10.206 0.0000000000
11324  -0.070  -67.666  10.532 0.0000000000
11325  -0.774  -67.565  10.320 0.0000000000
11326  -5.657  -67.461  10.663 0.0000000000
11327  -6.307  -67.366  9.828 0.0000000000
11341  0.497  -67.730  9.436 0.0000000000
11342  -1.767  -67.402  9.734 0.0000000000
11343  -2.616  -67.572  9.110 0.0000000000
11344  -6.612  -67.416  9.013 0.0000000000
11354  0.721  -67.881  8.223 0.0000000000
11355  -3.253  -67.578  8.617 0.0000000000
11356  -3.962  -67.450  8.135 0.0000000000
11357  -4.660  -67.519  7.773 0.0000000000
11358  -6.089  -67.278  8.001 0.0000000000
11359  -6.563  -67.729  8.239 0.0000000000
11367  0.858  -67.912  7.116 0.0000000000
11368  -5.139  -67.545  7.640 0.0000000000
11369  -5.700  -67.696  7.590 0.0000000000
11370  -6.334  -67.889  7.720 0.0000000000
11377  0.947  -67.306  5.467 0.0000000000
11378  0.866  -67.890  6.038 0.0000000000
11384  1.252  -67.319  4.781 0.0000000000
11385  1.041  -67.837  5.236 0.0000000000
11394  1.546  -67.313  3.969 0.0000000000
11406  1.739  -67.415  3.174 0.0000000000
11420  1.868  -67.269  2.327 0.0000000000
11438  1.932  -67.444  1.147 0.0000000000
11452  1.767  -67.521  0.058 0.0000000000
11453  1.439  -67.351  -0.378 0.0000000000
11454  -1.388  -66.844  -0.049 0.0000000000
11455  -1.949  -67.127  0.091 0.0000000000
11466  1.362  -67.862  -0.877 0.0000000000
11467  0.805  -67.437  -1.027 0.0000000000
11468  -0.312  -67.294  -1.199 0.0000000000
11469  -1.394  -67.164  -0.634 0.0000000000
11484  0.980  -68.048  -1.879 0.0000000000
11485  0.184  -67.699  -1.852 0.0000000000
11486  -0.627  -67.671  -1.842 0.0000000000
11487  -1.383  -67.721  -1.555 0.0000000000
11495  0.704  -68.401  -2.321 0.0000000000
11496  0.297  -68.180  -2.385 0.0000000000
11497  -0.522  -68.040  -2.257 0.0000000000
11498  -1.123  -67.969  -2.018 0.0000000000
12132  -4.827  -67.113  17.846 0.0000000000
12133  -5.089  -67.102  17.844 0.0000000000
12146  -3.229  -66.848  16.956 0.0000000000
12147  -3.705  -66.763  17.256 0.0000000000
12148  -4.595  -66.576  17.628 0.0000000000
12149  -5.310  -66.746  17.829 0.0000000000
12150  -6.111  -66.571  17.826 0.0000000000
12151  -6.746  -66.417  17.546 0.0000000000
12163  -2.993  -66.882  16.507 0.0000000000
12164  -3.645  -66.590  16.600 0.0000000000
12165  -4.297  -66.244  17.021 0.0000000000
12166  -7.192  -66.470  17.110 0.0000000000
12177  -2.808  -66.971  16.009 0.0000000000
12178  -3.336  -66.789  15.731 0.0000000000
12179  -4.420  -66.181  16.063 0.0000000000
12180  -5.066  -65.800  15.655 0.0000000000
12181  -7.633  -66.279  16.610 0.0000000000
12182  -8.182  -66.182  15.884 0.0000000000
12193  -3.398  -66.940  15.009 0.0000000000
12194  -4.012  -66.696  15.046 0.0000000000
12195  -4.874  -66.246  14.988 0.0000000000
12196  -8.751  -66.300  15.082 0.0000000000
12206  -3.606  -67.011  14.478 0.0000000000
12207  -4.258  -66.786  14.054 0.0000000000
12208  -5.244  -66.182  13.977 0.0000000000
12222  -4.573  -66.826  13.029 0.0000000000
12223  -5.290  -66.023  12.817 0.0000000000
12237  0.457  -66.177  11.131 0.0000000000
12238  0.251  -66.287  11.204 0.0000000000
12239  -4.831  -66.730  12.136 0.0000000000
12240  -5.266  -66.252  11.486 0.0000000000
12256  0.318  -66.707  10.590 0.0000000000
12257  -0.294  -66.690  10.838 0.0000000000
12258  -1.185  -66.743  10.297 0.0000000000
12259  -5.733  -66.251  10.144 0.0000000000
12260  -6.274  -66.809  9.396 0.0000000000
12276  0.486  -66.742  9.563 0.0000000000
12277  -1.826  -66.514  9.830 0.0000000000
12278  -2.668  -66.568  9.239 0.0000000000
12279  -3.258  -66.172  8.921 0.0000000000
12280  -5.948  -66.333  9.053 0.0000000000
12281  -6.393  -66.832  9.002 0.0000000000
12292  0.523  -66.991  8.625 0.0000000000
12293  -2.995  -67.075  8.834 0.0000000000
12294  -3.547  -66.653  8.596 0.0000000000
12295  -4.687  -66.731  8.131 0.0000000000
12296  -5.658  -66.658  8.337 0.0000000000
12297  -6.286  -67.002  8.604 0.0000000000
12304  0.628  -67.057  7.513 0.0000000000
12305  -4.964  -67.192  7.786 0.0000000000
12306  -5.397  -67.139  7.864 0.0000000000
12314  0.834  -66.855  5.546 0.0000000000
12315  0.738  -66.921  6.235 0.0000000000
12328  1.068  -66.706  5.087 0.0000000000
12329  0.818  -66.375  5.501 0.0000000000
12344  1.439  -66.510  4.386 0.0000000000
12360  1.694  -66.488  3.282 0.0000000000
12383  1.566  -66.452  1.995 0.0000000000
12384  0.554  -66.203  1.969 0.0000000000
12385  -0.601  -66.170  2.183 0.0000000000
12409  1.654  -66.953  0.627 0.0000000000
12410  0.833  -66.583  1.000 0.0000000000
12411  -0.326  -66.479  1.263 0.0000000000
12412  -1.461  -66.486  1.505 0.0000000000
12425  1.613  -67.136  0.020 0.0000000000
12426  0.941  -66.919  -0.107 0.0000000000
12427  -0.130  -66.643  0.342 0.0000000000
12428  -1.223  -66.669  0.540 0.0000000000
12440  0.342  -67.113  -0.694 0.0000000000
12441  -0.229  -66.877  -0.436 0.0000000000
12442  -0.902  -66.681  -0.099 0.0000000000
13139  -4.894  -66.216  17.601 0.0000000000
13140  -5.127  -66.092  17.678 0.0000000000
13141  -5.745  -65.885  17.824 0.0000000000
13142  -6.378  -65.791  17.805 0.0000000000
13151  -4.855  -66.018  17.425 0.0000000000
13152  -5.355  -65.478  17.445 0.0000000000
13153  -6.138  -65.116  17.781 0.0000000000
13154  -7.054  -65.395  17.457 0.0000000000
13161  -4.793  -65.770  16.929 0.0000000000
13162  -5.272  -65.398  16.417 0.0000000000
13163  -7.695  -65.235  16.553 0.0000000000
13164  -8.234  -65.213  15.702 0.0000000000
13171  -5.505  -65.405  15.177 0.0000000000
13172  -8.741  -65.221  14.745 0.0000000000
13181  -5.700  -65.243  13.914 0.0000000000
13196  0.338  -65.286  12.501 0.0000000000
13197  -0.061  -65.529  12.374 0.0000000000
13198  -0.619  -65.535  12.027 0.0000000000
13199  -5.568  -65.134  12.603 0.0000000000
13212  0.457  -65.676  11.652 0.0000000000
13213  -0.234  -66.016  11.515 0.0000000000
13214  -0.861  -65.687  11.485 0.0000000000
13215  -5.432  -65.300  11.256 0.0000000000
13227  0.681  -65.770  10.806 0.0000000000
13228  -0.422  -66.236  11.088 0.0000000000
13229  -1.087  -65.937  10.767 0.0000000000
13230  -1.812  -65.580  10.460 0.0000000000
13231  -5.411  -65.202  10.397 0.0000000000
13245  0.546  -65.947  9.964 0.0000000000
13246  -1.532  -66.221  10.180 0.0000000000
13247  -2.089  -65.797  9.940 0.0000000000
13248  -3.316  -65.600  9.273 0.0000000000
13249  -4.483  -65.218  9.240 0.0000000000
13250  -5.377  -65.502  9.550 0.0000000000
13263  0.328  -66.022  8.914 0.0000000000
13264  -3.554  -66.022  8.786 0.0000000000
13265  -4.137  -65.895  8.642 0.0000000000
13266  -5.136  -65.909  8.701 0.0000000000
13277  0.272  -66.250  7.966 0.0000000000
13288  0.281  -65.919  6.908 0.0000000000
13298  1.154  -65.847  5.029 0.0000000000
13299  0.759  -65.567  5.857 0.0000000000
13300  -2.370  -65.027  5.546 0.0000000000
13311  1.455  -65.470  4.172 0.0000000000
13312  -1.629  -65.016  4.713 0.0000000000
13330  1.450  -65.395  3.196 0.0000000000
13331  0.889  -65.160  3.131 0.0000000000
13332  -0.058  -65.157  3.465 0.0000000000
13333  -1.313  -65.164  4.098 0.0000000000
13353  1.102  -65.704  2.577 0.0000000000
13354  0.225  -65.709  2.744 0.0000000000
13355  -0.890  -65.795  3.098 0.0000000000
14160  -5.824  -64.903  17.147 0.0000000000
14161  -6.480  -64.445  17.125 0.0000000000
14162  -7.204  -64.340  16.939 0.0000000000
14173  -5.828  -64.610  16.263 0.0000000000
14174  -6.284  -63.921  16.200 0.0000000000
14175  -7.708  -64.193  16.296 0.0000000000
14176  -8.163  -64.156  15.423 0.0000000000
14183  -5.902  -64.308  15.174 0.0000000000
14184  -6.104  -63.544  15.617 0.0000000000
14185  -8.456  -64.057  14.398 0.0000000000
14192  -0.602  -64.555  13.717 0.0000000000
14193  -1.651  -64.398  13.931 0.0000000000
14194  -2.812  -64.119  13.913 0.0000000000
14195  -3.443  -63.964  13.761 0.0000000000
14196  -5.589  -64.260  13.907 0.0000000000
14211  0.642  -64.869  12.627 0.0000000000
14212  0.021  -65.048  13.031 0.0000000000
14213  -1.034  -65.061  12.820 0.0000000000
14214  -2.416  -64.513  12.960 0.0000000000
14215  -3.666  -64.149  13.067 0.0000000000
14216  -4.759  -64.160  12.821 0.0000000000
14217  -5.331  -64.417  12.967 0.0000000000
14233  0.801  -64.763  11.858 0.0000000000
14234  -1.302  -65.363  11.753 0.0000000000
14235  -2.152  -64.886  11.882 0.0000000000
14236  -3.311  -64.523  11.942 0.0000000000
14237  -4.420  -64.411  11.964 0.0000000000
14238  -5.211  -64.680  12.103 0.0000000000
14255  0.771  -64.952  11.021 0.0000000000
14256  -1.275  -65.549  11.227 0.0000000000
14257  -1.904  -65.249  10.896 0.0000000000
14258  -2.991  -64.732  10.912 0.0000000000
14259  -4.127  -64.502  10.945 0.0000000000
14260  -5.090  -64.674  11.081 0.0000000000
14272  0.637  -65.186  10.249 0.0000000000
14273  -2.146  -65.425  10.339 0.0000000000
14274  -2.698  -65.166  10.161 0.0000000000
14275  -3.757  -64.736  9.972 0.0000000000
14276  -4.857  -64.728  10.102 0.0000000000
14290  0.469  -65.065  9.281 0.0000000000
14301  0.341  -65.059  7.912 0.0000000000
14305  1.092  -64.231  5.996 0.0000000000
14306  0.812  -64.583  6.442 0.0000000000
14307  -1.255  -63.674  5.968 0.0000000000
14308  -1.522  -63.795  6.054 0.0000000000
14318  1.156  -64.597  5.361 0.0000000000
14319  0.895  -64.879  5.858 0.0000000000
14320  -0.698  -63.616  5.304 0.0000000000
14321  -1.110  -63.819  5.629 0.0000000000
14322  -2.116  -64.516  5.858 0.0000000000
14337  1.337  -64.286  4.056 0.0000000000
14338  0.623  -63.822  4.189 0.0000000000
14339  -0.391  -63.742  4.784 0.0000000000
14340  -1.416  -64.631  5.006 0.0000000000
14341  -1.868  -64.856  5.358 0.0000000000
14356  1.208  -64.834  3.507 0.0000000000
14357  0.717  -64.585  3.695 0.0000000000
14358  -0.186  -64.457  4.061 0.0000000000
14359  -0.815  -64.503  4.474 0.0000000000
15186  -6.774  -63.866  16.632 0.0000000000
15187  -7.175  -63.652  16.466 0.0000000000
15199  -6.011  -62.980  15.603 0.0000000000
15200  -6.476  -63.216  15.851 0.0000000000
15201  -7.503  -63.090  15.864 0.0000000000
15202  -8.023  -63.355  15.127 0.0000000000
15213  -2.664  -63.346  14.984 0.0000000000
15214  -3.045  -63.280  14.986 0.0000000000
15215  -4.050  -63.108  14.887 0.0000000000
15216  -5.527  -63.227  15.136 0.0000000000
15217  -6.042  -63.276  15.599 0.0000000000
15218  -7.749  -62.675  15.165 0.0000000000
15219  -8.082  -62.960  14.486 0.0000000000
15225  -0.487  -64.156  13.881 0.0000000000
15226  -1.103  -63.965  14.385 0.0000000000
15227  -2.293  -63.620  14.729 0.0000000000
15228  -3.542  -63.662  14.297 0.0000000000
15229  -4.685  -63.514  14.274 0.0000000000
15230  -5.283  -63.712  14.209 0.0000000000
15231  -8.548  -63.280  13.500 0.0000000000
15238  0.627  -64.308  12.808 0.0000000000
15239  0.091  -64.294  13.285 0.0000000000
15240  -0.530  -63.743  13.860 0.0000000000
15241  -3.750  -63.887  13.671 0.0000000000
15242  -4.296  -63.822  13.581 0.0000000000
15243  -5.093  -63.893  13.557 0.0000000000
15244  -8.654  -62.785  12.935 0.0000000000
15252  0.748  -64.200  12.268 0.0000000000
15253  0.436  -63.867  12.686 0.0000000000
15254  -0.169  -63.600  12.959 0.0000000000
15271  0.516  -63.938  11.152 0.0000000000
15272  0.370  -63.573  11.931 0.0000000000
15273  0.080  -63.524  12.378 0.0000000000
15284  0.568  -64.145  9.874 0.0000000000
15293  0.666  -64.158  8.611 0.0000000000
15300  1.042  -63.196  6.972 0.0000000000
15301  0.899  -63.784  7.366 0.0000000000
15308  1.135  -63.609  6.255 0.0000000000
15309  1.010  -63.970  6.692 0.0000000000
15310  -0.629  -62.806  5.881 0.0000000000
15311  -1.119  -63.304  6.101 0.0000000000
15312  -1.938  -63.469  6.315 0.0000000000
15325  1.357  -63.342  5.038 0.0000000000
15326  -0.586  -63.253  5.504 0.0000000000
15327  -0.929  -63.496  5.788 0.0000000000
15328  -2.773  -63.582  6.141 0.0000000000
15340  1.100  -63.169  4.436 0.0000000000
15341  0.598  -63.038  4.486 0.0000000000
15342  0.096  -62.795  4.900 0.0000000000
16186  -6.063  -62.648  15.537 0.0000000000
16187  -6.653  -62.312  15.652 0.0000000000
16188  -7.299  -62.214  15.383 0.0000000000
16201  -2.693  -63.086  15.063 0.0000000000
16202  -3.373  -62.844  15.152 0.0000000000
16203  -4.262  -62.348  15.098 0.0000000000
16204  -5.499  -62.248  15.248 0.0000000000
16205  -6.103  -62.162  15.441 0.0000000000
16206  -7.667  -61.992  14.603 0.0000000000
16207  -8.073  -62.465  13.958 0.0000000000
16215  -1.639  -63.495  14.646 0.0000000000
16216  -2.016  -63.017  14.803 0.0000000000
16217  -3.014  -62.243  14.677 0.0000000000
16218  -3.809  -61.872  14.867 0.0000000000
16219  -7.877  -61.890  13.829 0.0000000000
16220  -8.267  -62.234  13.307 0.0000000000
16228  -1.283  -63.329  14.313 0.0000000000
16229  -1.861  -62.629  13.978 0.0000000000
16230  -2.642  -62.015  13.421 0.0000000000
16231  -8.678  -62.200  12.564 0.0000000000
16240  -0.992  -63.155  13.325 0.0000000000
16241  -1.828  -62.625  12.629 0.0000000000
16242  -2.975  -62.138  12.049 0.0000000000
16243  -3.888  -62.081  11.374 0.0000000000
16259  0.368  -63.413  10.735 0.0000000000
16260  0.132  -63.331  11.000 0.0000000000
16261  -0.648  -63.164  11.790 0.0000000000
16262  -2.037  -62.695  11.190 0.0000000000
16263  -3.209  -62.539  10.725 0.0000000000
16264  -4.365  -62.328  10.517 0.0000000000
16265  -5.147  -62.353  10.166 0.0000000000
16280  0.369  -62.969  10.000 0.0000000000
16281  -0.278  -62.636  10.345 0.0000000000
16282  -1.216  -62.494  10.338 0.0000000000
16283  -2.373  -62.540  9.794 0.0000000000
16284  -3.555  -62.566  9.683 0.0000000000
16285  -4.575  -62.449  9.538 0.0000000000
16286  -5.560  -62.327  9.494 0.0000000000
16287  -6.253  -62.172  9.201 0.0000000000
16298  1.049  -62.336  7.639 0.0000000000
16299  0.799  -62.923  8.500 0.0000000000
16300  -2.415  -62.233  9.233 0.0000000000
16301  -2.916  -62.321  9.064 0.0000000000
16302  -3.874  -62.254  8.879 0.0000000000
16303  -4.871  -62.163  8.774 0.0000000000
16304  -5.709  -62.154  8.743 0.0000000000
16314  1.176  -62.531  6.821 0.0000000000
16315  0.979  -62.929  7.465 0.0000000000
16327  1.301  -62.469  5.805 0.0000000000
16328  -0.811  -62.346  6.134 0.0000000000
16329  -1.575  -62.612  6.385 0.0000000000
16330  -2.336  -62.718  6.322 0.0000000000
16342  1.168  -62.291  4.937 0.0000000000
16343  0.624  -61.903  5.003 0.0000000000
16344  -0.137  -62.218  5.427 0.0000000000
16345  -2.992  -62.649  5.864 0.0000000000
16353  0.988  -62.654  4.481 0.0000000000
16354  0.691  -62.457  4.705 0.0000000000
16355  0.320  -62.297  4.917 0.0000000000
17171  -6.839  -61.908  15.362 0.0000000000
17172  -7.068  -61.734  15.067 0.0000000000
17187  -4.191  -61.746  14.917 0.0000000000
17188  -4.886  -61.691  14.868 0.0000000000
17189  -6.214  -61.654  14.973 0.0000000000
17190  -7.032  -61.430  14.501 0.0000000000
17199  -3.232  -61.735  13.912 0.0000000000
17200  -4.001  -61.505  14.253 0.0000000000
17201  -5.332  -61.277  13.942 0.0000000000
17202  -6.540  -61.094  13.702 0.0000000000
17203  -7.397  -61.319  13.721 0.0000000000
17204  -7.924  -61.558  13.430 0.0000000000
17213  -3.514  -61.622  13.113 0.0000000000
17214  -4.570  -61.326  12.932 0.0000000000
17215  -5.890  -60.964  12.651 0.0000000000
17216  -6.543  -60.827  13.012 0.0000000000
17217  -7.754  -61.101  13.157 0.0000000000
17218  -8.193  -61.457  12.937 0.0000000000
17226  -3.917  -61.597  12.139 0.0000000000
17227  -4.946  -61.602  11.507 0.0000000000
17228  -6.089  -60.905  11.465 0.0000000000
17229  -6.653  -60.433  11.300 0.0000000000
17230  -8.546  -61.206  12.390 0.0000000000
17239  -5.115  -62.103  10.687 0.0000000000
17240  -5.864  -61.787  10.463 0.0000000000
17241  -6.589  -60.786  10.700 0.0000000000
17255  0.104  -61.986  9.533 0.0000000000
17256  -0.584  -61.703  9.508 0.0000000000
17257  -1.559  -61.837  9.376 0.0000000000
17258  -2.128  -62.136  9.292 0.0000000000
17259  -6.212  -62.063  9.744 0.0000000000
17260  -6.876  -61.370  9.687 0.0000000000
17261  -7.510  -60.877  9.390 0.0000000000
17270  1.001  -61.888  8.055 0.0000000000
17271  0.670  -61.606  8.749 0.0000000000
17272  0.059  -61.266  9.000 0.0000000000
17273  -1.657  -61.418  8.994 0.0000000000
17274  -2.227  -61.667  8.948 0.0000000000
17275  -3.182  -61.599  8.602 0.0000000000
17276  -4.175  -61.523  8.386 0.0000000000
17277  -5.280  -61.474  8.154 0.0000000000
17278  -6.452  -61.859  8.450 0.0000000000
17279  -7.564  -61.283  8.689 0.0000000000
17280  -8.042  -61.035  8.240 0.0000000000
17290  1.255  -61.568  7.262 0.0000000000
17291  1.040  -61.221  7.945 0.0000000000
17292  -5.486  -61.037  7.743 0.0000000000
17293  -5.997  -61.277  7.675 0.0000000000
17294  -6.937  -61.420  7.722 0.0000000000
17295  -7.686  -61.229  7.856 0.0000000000
17312  1.380  -61.753  6.385 0.0000000000
17313  -0.483  -61.311  5.813 0.0000000000
17314  -1.254  -61.677  6.225 0.0000000000
17315  -1.949  -61.994  6.395 0.0000000000
17325  1.389  -61.524  5.695 0.0000000000
17326  1.040  -61.298  5.321 0.0000000000
17327  0.351  -61.192  5.411 0.0000000000
17328  -2.499  -61.856  6.093 0.0000000000
17329  -3.038  -61.708  5.539 0.0000000000
17335  -3.589  -61.562  4.907 0.0000000000
18222  -6.872  -60.762  13.156 0.0000000000
18223  -7.052  -60.899  13.433 0.0000000000
18236  -6.419  -60.532  12.027 0.0000000000
18237  -6.831  -60.449  12.563 0.0000000000
18238  -7.381  -60.646  12.989 0.0000000000
18239  -8.065  -60.560  12.748 0.0000000000
18250  -6.538  -60.514  11.645 0.0000000000
18251  -6.899  -60.151  11.766 0.0000000000
18252  -8.558  -60.277  12.216 0.0000000000
18253  -9.080  -60.101  11.723 0.0000000000
18259  -7.136  -59.887  10.943 0.0000000000
18260  -7.565  -59.374  10.669 0.0000000000
18272  -1.070  -61.251  9.096 0.0000000000
18273  -1.409  -61.337  9.014 0.0000000000
18274  -7.046  -60.477  10.310 0.0000000000
18275  -7.611  -59.963  9.862 0.0000000000
18276  -8.193  -59.571  9.397 0.0000000000
18283  0.422  -60.489  8.408 0.0000000000
18284  -0.461  -60.745  8.750 0.0000000000
18285  -1.488  -60.827  8.794 0.0000000000
18286  -2.503  -60.727  8.599 0.0000000000
18287  -3.454  -60.669  8.363 0.0000000000
18288  -4.388  -60.535  8.037 0.0000000000
18289  -5.118  -60.749  7.803 0.0000000000
18290  -7.793  -60.661  9.206 0.0000000000
18291  -8.326  -60.326  8.813 0.0000000000
18292  -8.856  -60.274  8.171 0.0000000000
18304  1.264  -60.610  7.421 0.0000000000
18305  0.909  -60.656  8.077 0.0000000000
18306  -4.876  -60.125  7.666 0.0000000000
18307  -5.535  -60.512  7.466 0.0000000000
18308  -6.353  -60.665  7.170 0.0000000000
18309  -7.340  -60.954  7.211 0.0000000000
18310  -8.334  -60.850  7.613 0.0000000000
18311  -9.293  -60.305  7.557 0.0000000000
18328  1.498  -60.803  6.443 0.0000000000
18329  1.420  -60.256  5.998 0.0000000000
18330  -0.499  -60.752  5.765 0.0000000000
18331  -0.923  -60.616  5.871 0.0000000000
18332  -1.845  -61.122  6.118 0.0000000000
18333  -6.914  -60.326  6.723 0.0000000000
18334  -7.719  -60.525  6.645 0.0000000000
18335  -8.608  -60.502  6.553 0.0000000000
18336  -9.468  -60.411  6.614 0.0000000000
18346  1.339  -60.789  5.713 0.0000000000
18347  0.931  -60.318  5.582 0.0000000000
18348  -0.083  -60.314  5.618 0.0000000000
18349  -0.547  -59.907  5.710 0.0000000000
18350  -2.480  -60.946  5.841 0.0000000000
18351  -3.055  -60.686  5.376 0.0000000000
18352  -8.978  -60.345  6.071 0.0000000000
18360  -3.695  -60.547  4.756 0.0000000000
18361  -4.222  -60.443  4.074 0.0000000000
19308  -7.345  -60.241  12.565 0.0000000000
19309  -7.715  -60.052  12.520 0.0000000000
19310  -8.141  -59.820  12.385 0.0000000000
19325  -7.381  -59.961  12.197 0.0000000000
19326  -7.810  -59.475  12.122 0.0000000000
19327  -8.493  -59.357  11.887 0.0000000000
19328  -9.158  -59.354  11.441 0.0000000000
19338  -7.407  -59.622  11.696 0.0000000000
19339  -7.782  -59.123  11.315 0.0000000000
19340  -8.721  -58.868  10.893 0.0000000000
19341  -9.696  -59.204  10.912 0.0000000000
19354  -7.913  -59.053  10.522 0.0000000000
19355  -8.370  -58.972  9.840 0.0000000000
19356  -8.820  -58.893  9.351 0.0000000000
19357  -10.786  -58.884  9.938 0.0000000000
19366  0.495  -59.975  8.117 0.0000000000
19367  0.107  -59.918  8.257 0.0000000000
19368  -0.801  -59.867  8.409 0.0000000000
19369  -1.805  -59.816  8.469 0.0000000000
19370  -2.796  -59.780  8.424 0.0000000000
19371  -3.607  -59.831  8.201 0.0000000000
19372  -8.505  -59.279  9.129 0.0000000000
19373  -9.228  -59.262  8.603 0.0000000000
19374  -10.579  -59.014  8.816 0.0000000000
19389  1.423  -60.066  6.885 0.0000000000
19390  0.867  -59.633  7.662 0.0000000000
19391  -0.135  -59.163  7.919 0.0000000000
19392  -1.112  -58.997  8.069 0.0000000000
19393  -2.111  -58.924  8.183 0.0000000000
19394  -3.109  -58.970  8.121 0.0000000000
19395  -4.153  -59.349  7.767 0.0000000000
19396  -5.151  -59.472  7.279 0.0000000000
19397  -5.759  -60.066  7.142 0.0000000000
19398  -10.021  -59.648  7.865 0.0000000000
19418  1.452  -60.129  6.397 0.0000000000
19419  1.203  -59.545  6.342 0.0000000000
19420  -1.618  -60.307  5.896 0.0000000000
19421  -2.055  -60.531  5.943 0.0000000000
19422  -5.340  -59.027  6.998 0.0000000000
19423  -6.028  -59.488  6.857 0.0000000000
19424  -7.209  -59.529  6.226 0.0000000000
19425  -7.960  -60.158  6.171 0.0000000000
19437  0.553  -59.377  5.804 0.0000000000
19438  -0.183  -59.271  5.718 0.0000000000
19439  -1.038  -59.512  5.762 0.0000000000
19440  -2.186  -59.763  5.759 0.0000000000
19441  -3.112  -59.543  5.206 0.0000000000
19442  -7.556  -58.965  5.765 0.0000000000
19443  -8.381  -59.641  5.651 0.0000000000
19453  -3.827  -59.471  4.606 0.0000000000
19454  -4.404  -59.434  3.945 0.0000000000
19459  -4.831  -59.470  3.253 0.0000000000
20448  -8.971  -58.751  10.124 0.0000000000
20449  -9.490  -58.803  10.425 0.0000000000
20450  -9.942  -58.948  10.540 0.0000000000
20463  -8.876  -58.774  9.732 0.0000000000
20464  -9.421  -58.687  9.638 0.0000000000
20465  -10.077  -58.733  10.184 0.0000000000
20477  -9.835  -58.684  9.099 0.0000000000
20478  -10.142  -58.675  9.561 0.0000000000
20489  0.299  -58.718  7.298 0.0000000000
20490  -0.491  -58.362  7.392 0.0000000000
20491  -1.419  -58.236  7.654 0.0000000000
20492  -2.355  -58.139  7.717 0.0000000000
20493  -3.376  -58.258  7.562 0.0000000000
20494  -4.402  -58.430  7.195 0.0000000000
20495  -5.013  -58.811  7.063 0.0000000000
20515  0.693  -58.772  6.688 0.0000000000
20516  0.079  -58.211  6.734 0.0000000000
20517  -4.504  -57.952  6.910 0.0000000000
20518  -5.166  -58.328  6.846 0.0000000000
20519  -6.228  -58.410  6.435 0.0000000000
20520  -7.030  -58.353  5.976 0.0000000000
20533  0.712  -58.964  6.205 0.0000000000
20534  0.174  -58.411  6.049 0.0000000000
20535  -0.551  -58.543  5.734 0.0000000000
20536  -1.396  -58.423  5.624 0.0000000000
20537  -2.381  -58.447  5.339 0.0000000000
20538  -7.749  -58.196  5.486 0.0000000000
20539  -8.775  -58.471  5.000 0.0000000000
20549  -3.179  -58.431  4.873 0.0000000000
20550  -3.861  -58.435  4.301 0.0000000000
20557  -4.468  -58.432  3.625 0.0000000000
20558  -4.927  -58.788  3.017 0.0000000000
20566  -4.739  -58.059  3.070 0.0000000000
20567  -5.153  -58.517  2.362 0.0000000000
20581  -5.478  -58.296  1.767 0.0000000000
21580  -0.942  -57.822  7.165 0.0000000000
21581  -1.597  -57.520  7.211 0.0000000000
21582  -2.560  -57.390  7.179 0.0000000000
21583  -3.601  -57.605  7.039 0.0000000000
21584  -4.179  -57.813  6.926 0.0000000000
21604  -0.443  -57.840  6.857 0.0000000000
21605  -0.938  -57.572  6.628 0.0000000000
21606  -1.775  -57.036  6.392 0.0000000000
21607  -2.949  -56.819  6.547 0.0000000000
21608  -4.228  -57.286  6.585 0.0000000000
21609  -5.391  -57.417  6.305 0.0000000000
21610  -6.336  -57.469  5.965 0.0000000000
21611  -7.024  -57.603  5.725 0.0000000000
21623  -0.308  -57.844  6.383 0.0000000000
21624  -0.775  -57.642  5.899 0.0000000000
21625  -1.920  -57.216  5.424 0.0000000000
21626  -2.568  -57.590  4.989 0.0000000000
21627  -6.668  -57.027  5.643 0.0000000000
21628  -7.322  -57.040  5.436 0.0000000000
21629  -8.356  -57.260  5.100 0.0000000000
21630  -9.252  -57.077  4.976 0.0000000000
21637  -2.460  -56.925  4.839 0.0000000000
21638  -3.082  -57.312  4.418 0.0000000000
21639  -3.807  -57.674  3.932 0.0000000000
21640  -9.034  -57.720  4.863 0.0000000000
21645  -3.429  -56.974  3.819 0.0000000000
21646  -4.115  -57.317  3.389 0.0000000000
21653  -4.634  -57.366  2.674 0.0000000000
21654  -4.966  -57.566  1.955 0.0000000000
21664  -5.412  -57.693  1.385 0.0000000000
21665  -5.880  -57.805  0.790 0.0000000000
21679  -6.431  -57.790  0.212 0.0000000000
21680  -7.280  -57.639  -0.256 0.0000000000
21681  -8.051  -57.869  -0.511 0.0000000000
21682  -10.505  -56.886  -0.280 0.0000000000
21683  -10.979  -56.959  0.020 0.0000000000
21684  -11.900  -57.045  0.329 0.0000000000
21697  -7.873  -57.287  -0.546 0.0000000000
21698  -8.587  -57.520  -0.689 0.0000000000
21699  -9.517  -57.466  -0.782 0.0000000000
21700  -10.557  -57.409  -0.759 0.0000000000
22686  -2.515  -56.391  5.736 0.0000000000
22687  -3.489  -56.183  5.978 0.0000000000
22688  -4.630  -56.454  5.944 0.0000000000
22689  -5.684  -56.698  5.786 0.0000000000
22690  -6.270  -56.844  5.693 0.0000000000
22695  -2.565  -56.423  4.941 0.0000000000
22696  -3.101  -55.674  5.051 0.0000000000
22697  -4.028  -55.634  5.427 0.0000000000
22698  -5.109  -55.874  5.390 0.0000000000
22699  -6.392  -56.241  5.357 0.0000000000
22700  -7.676  -56.167  4.968 0.0000000000
22701  -8.773  -56.486  4.862 0.0000000000
22702  -9.651  -56.510  4.918 0.0000000000
22708  -2.694  -56.621  4.562 0.0000000000
22709  -2.977  -56.165  4.118 0.0000000000
22710  -7.835  -55.944  4.625 0.0000000000
22711  -8.382  -56.119  4.605 0.0000000000
22712  -9.292  -56.216  4.637 0.0000000000
22713  -10.037  -56.122  4.776 0.0000000000
22718  -3.604  -56.475  3.549 0.0000000000
22719  -4.078  -56.399  2.965 0.0000000000
22726  -4.630  -56.469  2.161 0.0000000000
22727  -4.938  -56.953  1.545 0.0000000000
22737  -4.869  -56.317  1.482 0.0000000000
22738  -5.252  -56.717  0.913 0.0000000000
22739  -5.883  -57.083  0.410 0.0000000000
22740  -11.601  -55.700  1.212 0.0000000000
22741  -12.014  -55.796  1.346 0.0000000000
22742  -12.931  -55.950  1.489 0.0000000000
22755  -5.700  -56.364  0.425 0.0000000000
22756  -6.346  -56.661  -0.024 0.0000000000
22757  -7.377  -56.448  -0.372 0.0000000000
22758  -8.163  -56.141  -0.413 0.0000000000
22759  -9.867  -56.156  -0.088 0.0000000000
22760  -10.312  -56.327  0.072 0.0000000000
22761  -11.275  -56.097  0.904 0.0000000000
22762  -12.362  -56.534  1.042 0.0000000000
22780  -8.156  -56.804  -0.586 0.0000000000
22781  -8.859  -56.591  -0.563 0.0000000000
22782  -9.721  -56.497  -0.376 0.0000000000
22783  -10.258  -56.797  -0.371 0.0000000000
23734  -3.761  -55.383  4.872 0.0000000000
23735  -4.460  -55.270  4.827 0.0000000000
23736  -5.596  -55.291  4.871 0.0000000000
23737  -6.741  -55.478  4.803 0.0000000000
23738  -7.434  -55.753  4.599 0.0000000000
23745  -3.758  -55.351  4.146 0.0000000000
23746  -4.880  -55.065  3.977 0.0000000000
23747  -6.043  -55.126  4.058 0.0000000000
23748  -7.062  -55.408  4.126 0.0000000000
23749  -7.953  -55.832  4.202 0.0000000000
23750  -8.977  -56.031  4.111 0.0000000000
23751  -9.958  -55.930  4.223 0.0000000000
23758  -3.687  -55.841  3.518 0.0000000000
23759  -4.412  -55.358  2.866 0.0000000000
23760  -5.477  -54.989  3.011 0.0000000000
23761  -6.542  -55.248  3.148 0.0000000000
23762  -7.531  -55.674  3.194 0.0000000000
23763  -8.616  -55.997  3.120 0.0000000000
23764  -9.689  -55.827  3.236 0.0000000000
23765  -10.690  -55.258  3.426 0.0000000000
23772  -4.810  -55.651  1.691 0.0000000000
23773  -5.238  -54.891  1.883 0.0000000000
23774  -6.166  -54.808  2.115 0.0000000000
23775  -7.135  -55.182  2.230 0.0000000000
23776  -8.145  -55.521  2.154 0.0000000000
23777  -9.331  -55.311  2.010 0.0000000000
23778  -10.097  -55.326  2.653 0.0000000000
23789  -4.944  -55.991  1.156 0.0000000000
23790  -5.386  -55.531  0.830 0.0000000000
23791  -6.095  -54.548  1.047 0.0000000000
23792  -6.911  -54.626  1.412 0.0000000000
23793  -7.832  -54.745  1.540 0.0000000000
23794  -8.524  -54.954  1.654 0.0000000000
23795  -11.560  -55.151  1.183 0.0000000000
23796  -12.477  -55.107  1.425 0.0000000000
23810  -5.873  -55.916  0.237 0.0000000000
23811  -6.464  -55.346  0.194 0.0000000000
23812  -7.672  -55.367  -0.136 0.0000000000
23813  -8.785  -55.569  -0.264 0.0000000000
23814  -9.687  -55.621  0.004 0.0000000000
23815  -10.519  -55.350  0.484 0.0000000000
23816  -11.027  -55.220  0.861 0.0000000000
23836  -9.167  -56.139  -0.362 0.0000000000
23837  -9.330  -55.954  -0.224 0.0000000000
24826  -10.967  -54.503  2.953 0.0000000000
24834  -9.554  -54.313  1.728 0.0000000000
24835  -10.285  -54.440  2.310 0.0000000000
24849  -6.448  -54.441  0.893 0.0000000000
24850  -6.774  -54.403  0.899 0.0000000000
24851  -7.715  -54.219  0.963 0.0000000000
24852  -8.831  -54.245  1.350 0.0000000000
24853  -11.506  -54.576  0.993 0.0000000000
24854  -11.934  -54.435  1.081 0.0000000000
24872  -6.564  -54.599  0.702 0.0000000000
24873  -7.202  -54.651  0.455 0.0000000000
24874  -8.275  -54.583  0.288 0.0000000000
24875  -9.161  -54.716  0.142 0.0000000000
24876  -10.010  -54.590  0.338 0.0000000000
24877  -11.132  -54.354  0.702 0.0000000000
24878  -12.148  -53.622  0.714 0.0000000000
25928  -10.980  -53.792  2.731 0.0000000000
25940  -9.854  -53.798  1.549 0.0000000000
25941  -10.570  -53.368  1.994 0.0000000000
25942  -11.092  -53.163  2.438 0.0000000000
25956  -8.744  -54.150  0.747 0.0000000000
25957  -9.569  -53.769  0.967 0.0000000000
25958  -10.663  -53.341  1.250 0.0000000000
25959  -11.265  -52.987  1.118 0.0000000000
25977  -8.883  -54.342  0.425 0.0000000000
25978  -9.415  -54.154  0.521 0.0000000000
25979  -10.325  -53.820  0.707 0.0000000000
25980  -11.471  -53.172  0.868 0.0000000000
27124  -11.019  -52.963  1.986 0.0000000000
27141  -10.898  -53.097  1.663 0.0000000000
27142  -11.382  -52.796  1.451 0.0000000000
27166  -11.578  -52.805  1.040 0.0000000000
