#!ascii label  , from subject ab_data vox2ras=TkReg
1912
4033  -19.512  -77.333  -21.620 0.0000000000
4034  -20.510  -77.071  -21.129 0.0000000000
4035  -21.201  -76.851  -20.970 0.0000000000
4051  -18.907  -77.367  -22.559 0.0000000000
4052  -19.367  -77.236  -22.287 0.0000000000
4609  -15.949  -76.306  -21.692 0.0000000000
4610  -16.372  -76.142  -22.443 0.0000000000
4611  -20.266  -76.889  -21.969 0.0000000000
4612  -20.967  -76.625  -21.735 0.0000000000
4613  -21.785  -76.477  -21.354 0.0000000000
4614  -22.583  -75.913  -21.478 0.0000000000
4615  -22.971  -75.721  -21.119 0.0000000000
4624  -16.709  -76.424  -22.893 0.0000000000
4626  -19.270  -76.991  -23.020 0.0000000000
4627  -19.706  -76.936  -22.606 0.0000000000
4628  -20.605  -76.420  -22.737 0.0000000000
4629  -21.460  -76.173  -22.327 0.0000000000
4630  -22.030  -76.060  -22.039 0.0000000000
4642  -18.021  -76.820  -23.431 0.0000000000
4643  -18.781  -76.849  -23.325 0.0000000000
4644  -19.587  -76.535  -23.251 0.0000000000
4645  -20.080  -76.488  -23.083 0.0000000000
5229  -15.423  -75.595  -20.963 0.0000000000
5239  -15.898  -75.277  -21.642 0.0000000000
5240  -16.315  -75.507  -22.165 0.0000000000
5241  -22.815  -75.495  -22.088 0.0000000000
5242  -23.252  -75.355  -21.373 0.0000000000
5250  -16.692  -75.646  -22.711 0.0000000000
5251  -17.320  -75.773  -23.286 0.0000000000
5252  -18.273  -75.690  -23.513 0.0000000000
5253  -18.811  -75.755  -23.559 0.0000000000
5254  -20.707  -76.114  -23.165 0.0000000000
5255  -21.113  -75.925  -23.079 0.0000000000
5256  -22.179  -75.450  -22.809 0.0000000000
5257  -23.111  -74.959  -22.418 0.0000000000
5268  -17.828  -76.208  -23.647 0.0000000000
5269  -18.467  -76.180  -23.684 0.0000000000
5270  -19.308  -75.961  -23.571 0.0000000000
5271  -20.347  -75.927  -23.414 0.0000000000
5272  -21.263  -75.291  -23.461 0.0000000000
5273  -21.847  -74.932  -23.468 0.0000000000
5932  -14.850  -74.738  -20.603 0.0000000000
5933  -17.615  -74.070  -21.076 0.0000000000
5934  -17.986  -74.147  -20.998 0.0000000000
5935  -23.759  -74.905  -21.030 0.0000000000
5945  -15.625  -74.507  -21.213 0.0000000000
5946  -16.427  -74.669  -21.834 0.0000000000
5947  -17.493  -74.414  -21.576 0.0000000000
5948  -18.794  -74.432  -21.586 0.0000000000
5949  -19.967  -74.273  -22.149 0.0000000000
5950  -20.530  -74.000  -22.389 0.0000000000
5951  -23.831  -74.519  -21.710 0.0000000000
5952  -24.711  -74.013  -21.248 0.0000000000
5953  -25.312  -73.929  -20.795 0.0000000000
5966  -16.608  -75.173  -22.377 0.0000000000
5967  -17.048  -75.055  -22.538 0.0000000000
5968  -18.044  -75.169  -22.634 0.0000000000
5969  -19.377  -75.156  -23.140 0.0000000000
5970  -20.722  -74.303  -22.964 0.0000000000
5971  -21.364  -73.976  -23.279 0.0000000000
5972  -22.875  -74.627  -23.149 0.0000000000
5973  -23.653  -74.083  -22.971 0.0000000000
5974  -24.244  -73.887  -22.221 0.0000000000
5988  -19.881  -75.520  -23.505 0.0000000000
5989  -20.515  -75.079  -23.514 0.0000000000
5990  -21.565  -74.417  -23.482 0.0000000000
5991  -22.354  -74.513  -23.473 0.0000000000
5992  -23.053  -74.070  -23.550 0.0000000000
6751  -14.266  -73.884  -20.335 0.0000000000
6752  -15.336  -73.688  -20.717 0.0000000000
6753  -16.288  -73.317  -20.780 0.0000000000
6754  -17.391  -73.624  -20.724 0.0000000000
6755  -18.606  -73.607  -20.658 0.0000000000
6756  -19.166  -73.205  -20.595 0.0000000000
6757  -25.744  -73.774  -20.514 0.0000000000
6758  -26.136  -73.754  -20.061 0.0000000000
6769  -15.634  -74.007  -21.094 0.0000000000
6770  -15.957  -73.927  -21.281 0.0000000000
6771  -16.686  -73.954  -21.275 0.0000000000
6772  -19.019  -73.973  -21.037 0.0000000000
6773  -19.513  -73.629  -21.151 0.0000000000
6774  -20.512  -73.589  -21.879 0.0000000000
6775  -21.015  -73.482  -22.268 0.0000000000
6776  -24.725  -73.533  -22.042 0.0000000000
6777  -25.273  -73.488  -21.361 0.0000000000
6789  -20.847  -73.790  -22.491 0.0000000000
6790  -21.382  -73.545  -22.826 0.0000000000
6791  -22.095  -73.240  -23.198 0.0000000000
6792  -23.874  -73.606  -23.210 0.0000000000
6793  -24.340  -73.398  -22.928 0.0000000000
6794  -25.081  -73.057  -22.322 0.0000000000
6803  -21.780  -73.724  -23.409 0.0000000000
6804  -22.578  -73.596  -23.550 0.0000000000
6805  -23.619  -73.363  -23.460 0.0000000000
6806  -24.315  -72.837  -23.319 0.0000000000
7518  -26.539  -73.241  -19.661 0.0000000000
7529  -14.612  -72.810  -20.229 0.0000000000
7530  -15.631  -72.576  -20.350 0.0000000000
7531  -16.701  -72.544  -20.195 0.0000000000
7532  -17.823  -72.608  -20.091 0.0000000000
7533  -18.860  -72.553  -20.347 0.0000000000
7534  -19.528  -72.260  -20.598 0.0000000000
7535  -25.632  -73.296  -20.944 0.0000000000
7536  -26.062  -73.130  -20.430 0.0000000000
7548  -19.493  -72.887  -20.672 0.0000000000
7549  -20.204  -72.743  -21.053 0.0000000000
7550  -21.254  -72.945  -21.846 0.0000000000
7551  -22.063  -72.495  -22.131 0.0000000000
7552  -25.561  -72.824  -21.578 0.0000000000
7553  -25.861  -72.378  -21.266 0.0000000000
7562  -21.938  -72.948  -22.656 0.0000000000
7563  -22.898  -72.546  -23.004 0.0000000000
7564  -23.687  -72.276  -23.181 0.0000000000
7565  -24.895  -72.689  -22.944 0.0000000000
7566  -25.395  -72.303  -22.587 0.0000000000
7574  -23.247  -72.969  -23.566 0.0000000000
7575  -23.901  -72.499  -23.383 0.0000000000
7576  -24.733  -72.260  -23.188 0.0000000000
7577  -25.144  -72.214  -23.043 0.0000000000
7617  -17.695  -72.126  -28.253 0.0000000000
7618  -17.909  -72.201  -28.223 0.0000000000
7619  -18.286  -72.250  -28.192 0.0000000000
7624  -17.613  -72.052  -28.434 0.0000000000
7625  -17.862  -72.100  -28.432 0.0000000000
7626  -18.468  -72.122  -28.388 0.0000000000
8279  -27.629  -72.188  -18.695 0.0000000000
8287  -26.475  -72.633  -19.809 0.0000000000
8288  -26.851  -72.216  -19.300 0.0000000000
8295  -13.991  -72.046  -20.268 0.0000000000
8296  -14.897  -71.746  -20.143 0.0000000000
8297  -15.978  -71.574  -20.337 0.0000000000
8298  -17.123  -71.601  -20.235 0.0000000000
8299  -18.141  -71.687  -20.254 0.0000000000
8300  -19.010  -71.596  -20.496 0.0000000000
8301  -19.968  -71.589  -20.740 0.0000000000
8302  -20.928  -71.322  -20.811 0.0000000000
8303  -21.904  -71.317  -20.819 0.0000000000
8304  -22.751  -71.228  -20.923 0.0000000000
8305  -26.157  -72.166  -20.668 0.0000000000
8314  -16.499  -71.071  -20.605 0.0000000000
8315  -17.046  -70.969  -20.774 0.0000000000
8316  -20.788  -72.130  -21.132 0.0000000000
8317  -21.586  -72.038  -21.383 0.0000000000
8318  -22.595  -71.912  -21.716 0.0000000000
8319  -23.591  -71.366  -21.689 0.0000000000
8320  -24.347  -70.879  -21.845 0.0000000000
8321  -25.746  -72.155  -21.981 0.0000000000
8322  -26.180  -71.718  -21.687 0.0000000000
8330  -17.275  -71.218  -23.596 0.0000000000
8331  -17.496  -71.065  -23.248 0.0000000000
8332  -23.236  -71.966  -22.323 0.0000000000
8333  -23.794  -71.907  -22.809 0.0000000000
8334  -24.413  -71.291  -22.529 0.0000000000
8335  -25.914  -71.688  -22.533 0.0000000000
8336  -26.444  -71.187  -22.451 0.0000000000
8347  -17.244  -71.352  -24.334 0.0000000000
8348  -18.001  -71.191  -23.890 0.0000000000
8349  -18.513  -71.000  -24.422 0.0000000000
8350  -23.993  -72.099  -23.216 0.0000000000
8351  -24.618  -71.704  -23.117 0.0000000000
8352  -25.498  -71.589  -22.964 0.0000000000
8353  -26.138  -71.266  -22.876 0.0000000000
8364  -17.110  -71.283  -25.299 0.0000000000
8365  -17.776  -71.553  -25.047 0.0000000000
8366  -18.378  -71.323  -24.953 0.0000000000
8378  -16.991  -71.255  -26.175 0.0000000000
8379  -17.558  -71.654  -26.075 0.0000000000
8380  -18.446  -71.732  -26.020 0.0000000000
8381  -19.028  -71.793  -26.551 0.0000000000
8393  -16.590  -70.944  -26.796 0.0000000000
8394  -17.119  -71.575  -27.030 0.0000000000
8395  -17.933  -72.043  -27.065 0.0000000000
8396  -18.818  -72.126  -27.196 0.0000000000
8397  -19.573  -72.057  -27.589 0.0000000000
8405  -15.505  -70.975  -28.309 0.0000000000
8406  -16.112  -71.113  -27.904 0.0000000000
8407  -17.363  -71.991  -28.139 0.0000000000
8408  -18.224  -72.321  -27.867 0.0000000000
8409  -18.998  -72.338  -28.086 0.0000000000
8410  -20.064  -71.904  -28.158 0.0000000000
8411  -20.677  -71.459  -28.255 0.0000000000
8417  -14.971  -71.161  -28.890 0.0000000000
8418  -15.301  -71.179  -28.706 0.0000000000
8419  -16.167  -71.716  -28.780 0.0000000000
8420  -17.019  -71.959  -28.889 0.0000000000
8421  -17.957  -71.804  -28.693 0.0000000000
8422  -19.184  -71.813  -28.612 0.0000000000
8423  -20.304  -71.418  -28.556 0.0000000000
8424  -21.009  -71.138  -28.459 0.0000000000
8431  -15.072  -71.248  -29.102 0.0000000000
8432  -15.454  -71.434  -29.169 0.0000000000
8433  -16.058  -71.719  -29.332 0.0000000000
8434  -16.473  -71.620  -29.283 0.0000000000
9044  -27.795  -70.956  -18.743 0.0000000000
9045  -28.754  -70.794  -18.410 0.0000000000
9058  -21.969  -70.106  -20.034 0.0000000000
9059  -22.600  -70.142  -20.001 0.0000000000
9060  -22.963  -70.146  -20.005 0.0000000000
9061  -26.509  -71.744  -20.038 0.0000000000
9062  -27.074  -71.364  -19.399 0.0000000000
9074  -14.164  -71.084  -20.530 0.0000000000
9075  -15.108  -70.835  -20.568 0.0000000000
9076  -15.893  -70.854  -20.815 0.0000000000
9077  -17.630  -71.112  -20.582 0.0000000000
9078  -18.314  -70.972  -20.759 0.0000000000
9079  -19.181  -70.773  -20.863 0.0000000000
9080  -20.155  -70.456  -20.828 0.0000000000
9081  -21.292  -70.337  -20.388 0.0000000000
9082  -22.288  -70.648  -20.358 0.0000000000
9083  -23.261  -70.522  -20.439 0.0000000000
9084  -24.104  -70.268  -20.641 0.0000000000
9085  -26.486  -71.509  -20.928 0.0000000000
9086  -26.978  -70.913  -20.559 0.0000000000
9095  -14.401  -70.490  -21.427 0.0000000000
9096  -15.380  -70.518  -21.550 0.0000000000
9097  -16.431  -70.783  -21.500 0.0000000000
9098  -17.515  -70.825  -21.487 0.0000000000
9099  -18.467  -70.504  -21.586 0.0000000000
9100  -19.334  -70.028  -21.536 0.0000000000
9101  -20.032  -69.728  -21.308 0.0000000000
9102  -24.037  -70.732  -21.147 0.0000000000
9103  -24.663  -70.302  -21.374 0.0000000000
9104  -25.227  -70.031  -21.961 0.0000000000
9105  -26.773  -71.104  -21.653 0.0000000000
9106  -27.471  -70.543  -21.679 0.0000000000
9107  -28.014  -70.214  -22.157 0.0000000000
9114  -14.718  -70.125  -22.629 0.0000000000
9115  -15.777  -70.472  -22.678 0.0000000000
9116  -16.893  -71.005  -22.813 0.0000000000
9117  -17.900  -70.781  -22.681 0.0000000000
9118  -18.751  -70.121  -22.673 0.0000000000
9119  -19.396  -69.713  -22.307 0.0000000000
9120  -24.929  -70.595  -22.436 0.0000000000
9121  -25.570  -70.088  -22.623 0.0000000000
9122  -26.989  -70.762  -22.348 0.0000000000
9123  -27.500  -70.355  -22.581 0.0000000000
9124  -28.092  -69.922  -22.769 0.0000000000
9137  -14.732  -69.844  -23.771 0.0000000000
9138  -16.127  -70.555  -23.765 0.0000000000
9139  -16.810  -71.127  -23.797 0.0000000000
9140  -18.335  -70.630  -23.288 0.0000000000
9141  -18.876  -70.408  -23.953 0.0000000000
9142  -19.512  -70.172  -24.206 0.0000000000
9143  -24.884  -71.061  -22.944 0.0000000000
9144  -25.557  -70.685  -22.995 0.0000000000
9145  -26.601  -70.554  -22.909 0.0000000000
9146  -27.620  -69.975  -23.056 0.0000000000
9147  -28.020  -69.820  -23.040 0.0000000000
9158  -16.114  -70.237  -24.904 0.0000000000
9159  -16.669  -70.874  -24.612 0.0000000000
9160  -18.919  -70.953  -24.946 0.0000000000
9161  -19.751  -70.486  -24.843 0.0000000000
9162  -20.379  -70.339  -25.077 0.0000000000
9172  -16.071  -70.096  -25.471 0.0000000000
9173  -16.467  -70.498  -25.797 0.0000000000
9174  -18.780  -71.352  -25.463 0.0000000000
9175  -19.428  -71.310  -25.976 0.0000000000
9176  -20.602  -70.594  -25.854 0.0000000000
9177  -21.370  -70.340  -26.103 0.0000000000
9186  -15.440  -70.348  -27.480 0.0000000000
9187  -15.921  -70.423  -27.010 0.0000000000
9188  -19.460  -71.825  -26.938 0.0000000000
9189  -20.379  -71.465  -27.248 0.0000000000
9190  -21.611  -70.712  -26.911 0.0000000000
9191  -22.512  -70.293  -26.941 0.0000000000
9192  -23.118  -70.054  -27.192 0.0000000000
9203  -14.665  -70.558  -28.487 0.0000000000
9204  -15.144  -70.566  -28.162 0.0000000000
9205  -15.652  -70.605  -27.652 0.0000000000
9206  -20.659  -71.585  -28.011 0.0000000000
9207  -21.275  -71.116  -27.967 0.0000000000
9208  -22.558  -70.379  -27.751 0.0000000000
9209  -23.419  -69.881  -27.647 0.0000000000
9215  -14.771  -70.911  -28.794 0.0000000000
9216  -15.025  -70.924  -28.627 0.0000000000
9217  -16.406  -71.021  -29.488 0.0000000000
9218  -16.926  -71.264  -29.240 0.0000000000
9219  -18.348  -71.021  -28.826 0.0000000000
9220  -19.644  -70.851  -28.703 0.0000000000
9221  -20.747  -70.718  -28.667 0.0000000000
9222  -21.752  -70.555  -28.428 0.0000000000
9223  -22.657  -70.054  -28.272 0.0000000000
9227  -14.953  -71.070  -29.238 0.0000000000
9228  -15.490  -71.235  -29.450 0.0000000000
9229  -16.146  -71.214  -29.522 0.0000000000
9230  -16.484  -71.386  -29.385 0.0000000000
9902  -27.778  -70.241  -19.088 0.0000000000
9903  -28.180  -70.196  -18.766 0.0000000000
9904  -28.932  -69.721  -18.640 0.0000000000
9905  -30.077  -69.639  -18.464 0.0000000000
9906  -31.308  -69.645  -18.308 0.0000000000
9907  -32.104  -69.068  -18.269 0.0000000000
9919  -21.652  -69.695  -20.071 0.0000000000
9920  -22.164  -69.580  -19.848 0.0000000000
9921  -23.013  -69.673  -19.763 0.0000000000
9922  -23.843  -69.336  -19.722 0.0000000000
9923  -27.443  -70.454  -19.622 0.0000000000
9924  -28.063  -69.593  -19.565 0.0000000000
9925  -28.842  -69.022  -19.352 0.0000000000
9933  -20.603  -69.602  -20.849 0.0000000000
9934  -21.222  -69.314  -20.370 0.0000000000
9935  -23.790  -69.929  -20.123 0.0000000000
9936  -24.631  -69.627  -20.386 0.0000000000
9937  -25.382  -69.297  -20.904 0.0000000000
9938  -27.654  -70.082  -20.654 0.0000000000
9939  -28.454  -69.507  -20.868 0.0000000000
9940  -29.118  -69.302  -21.446 0.0000000000
9948  -19.802  -69.560  -21.884 0.0000000000
9949  -20.456  -69.154  -21.781 0.0000000000
9950  -25.166  -69.758  -21.295 0.0000000000
9951  -25.788  -69.399  -21.911 0.0000000000
9952  -26.418  -69.015  -22.134 0.0000000000
9953  -28.062  -70.047  -21.503 0.0000000000
9954  -28.595  -69.781  -22.022 0.0000000000
9955  -29.307  -69.291  -22.343 0.0000000000
9968  -15.275  -70.011  -23.321 0.0000000000
9969  -15.674  -70.288  -23.357 0.0000000000
9970  -19.341  -69.741  -22.936 0.0000000000
9971  -19.981  -69.425  -22.694 0.0000000000
9972  -20.842  -69.035  -22.714 0.0000000000
9973  -21.279  -68.859  -22.931 0.0000000000
9974  -25.983  -69.779  -22.736 0.0000000000
9975  -26.369  -69.428  -22.608 0.0000000000
9976  -28.671  -69.591  -22.853 0.0000000000
9977  -29.034  -69.303  -23.110 0.0000000000
9989  -15.227  -69.823  -23.949 0.0000000000
9990  -15.568  -70.120  -23.740 0.0000000000
9991  -19.101  -69.948  -23.329 0.0000000000
9992  -19.665  -69.808  -23.710 0.0000000000
9993  -20.582  -69.424  -23.563 0.0000000000
9994  -21.246  -69.096  -23.400 0.0000000000
9995  -25.890  -70.109  -22.983 0.0000000000
9996  -26.426  -69.860  -23.018 0.0000000000
9997  -27.300  -69.673  -23.151 0.0000000000
9998  -28.121  -69.533  -23.220 0.0000000000
9999  -28.662  -69.351  -23.217 0.0000000000
10007  -14.993  -69.705  -24.658 0.0000000000
10008  -15.590  -70.012  -24.405 0.0000000000
10009  -19.834  -70.089  -24.319 0.0000000000
10010  -20.439  -69.969  -24.535 0.0000000000
10011  -21.387  -69.446  -24.307 0.0000000000
10012  -22.011  -69.149  -24.383 0.0000000000
10021  -14.612  -69.822  -25.751 0.0000000000
10022  -15.544  -69.855  -25.529 0.0000000000
10023  -16.013  -70.019  -25.751 0.0000000000
10024  -20.676  -70.244  -25.179 0.0000000000
10025  -21.259  -70.022  -25.337 0.0000000000
10026  -22.285  -69.408  -25.263 0.0000000000
10027  -23.140  -69.171  -25.966 0.0000000000
10037  -15.085  -69.907  -27.072 0.0000000000
10038  -15.828  -70.017  -26.245 0.0000000000
10039  -21.998  -70.093  -26.199 0.0000000000
10040  -22.855  -69.799  -26.431 0.0000000000
10041  -23.627  -69.326  -26.931 0.0000000000
10052  -14.331  -70.245  -28.113 0.0000000000
10053  -14.816  -70.219  -27.817 0.0000000000
10054  -19.008  -69.259  -28.032 0.0000000000
10055  -19.384  -69.263  -28.094 0.0000000000
10056  -23.309  -69.925  -28.080 0.0000000000
10057  -23.796  -69.120  -27.807 0.0000000000
10063  -14.293  -70.402  -29.020 0.0000000000
10064  -15.088  -70.303  -29.332 0.0000000000
10065  -16.170  -70.498  -29.387 0.0000000000
10066  -17.415  -70.189  -28.794 0.0000000000
10067  -18.763  -69.717  -28.344 0.0000000000
10068  -20.110  -69.823  -28.437 0.0000000000
10069  -21.166  -69.913  -28.562 0.0000000000
10070  -22.095  -69.645  -28.479 0.0000000000
10071  -23.076  -69.279  -28.231 0.0000000000
10072  -23.674  -68.626  -28.052 0.0000000000
10073  -15.021  -70.828  -29.420 0.0000000000
10074  -15.598  -70.857  -29.573 0.0000000000
10075  -15.934  -70.881  -29.593 0.0000000000
10783  -32.090  -68.547  -17.273 0.0000000000
10784  -32.282  -68.664  -17.899 0.0000000000
10793  -29.450  -68.920  -18.892 0.0000000000
10794  -30.335  -68.589  -18.875 0.0000000000
10795  -31.403  -68.363  -18.955 0.0000000000
10796  -31.998  -68.021  -18.925 0.0000000000
10808  -21.716  -69.128  -19.989 0.0000000000
10809  -22.289  -68.731  -19.761 0.0000000000
10810  -23.275  -68.598  -19.435 0.0000000000
10811  -24.438  -68.596  -19.524 0.0000000000
10812  -25.456  -68.239  -19.735 0.0000000000
10813  -26.171  -67.942  -20.017 0.0000000000
10814  -28.659  -68.935  -20.060 0.0000000000
10815  -29.436  -68.482  -19.825 0.0000000000
10816  -30.597  -67.932  -20.016 0.0000000000
10817  -31.563  -67.570  -19.976 0.0000000000
10818  -32.048  -67.335  -19.767 0.0000000000
10829  -20.973  -68.870  -21.091 0.0000000000
10830  -21.663  -68.412  -20.548 0.0000000000
10831  -22.108  -68.092  -20.029 0.0000000000
10832  -25.239  -68.953  -20.191 0.0000000000
10833  -25.976  -68.620  -20.858 0.0000000000
10834  -26.706  -67.935  -20.682 0.0000000000
10835  -29.095  -68.941  -20.699 0.0000000000
10836  -29.855  -68.622  -21.249 0.0000000000
10837  -30.772  -67.874  -21.154 0.0000000000
10838  -32.048  -67.299  -20.145 0.0000000000
10839  -32.247  -67.168  -20.052 0.0000000000
10851  -21.011  -68.716  -21.798 0.0000000000
10852  -21.387  -68.391  -21.523 0.0000000000
10853  -26.260  -68.858  -21.673 0.0000000000
10854  -26.912  -68.430  -21.729 0.0000000000
10855  -27.488  -68.188  -22.116 0.0000000000
10856  -29.880  -68.753  -22.375 0.0000000000
10857  -30.526  -68.319  -22.093 0.0000000000
10872  -20.920  -68.822  -22.187 0.0000000000
10873  -21.486  -68.507  -22.465 0.0000000000
10874  -22.041  -68.182  -22.856 0.0000000000
10875  -26.827  -69.017  -22.596 0.0000000000
10876  -27.532  -68.549  -22.748 0.0000000000
10877  -28.050  -68.454  -23.183 0.0000000000
10878  -29.477  -68.895  -23.044 0.0000000000
10879  -30.125  -68.388  -23.007 0.0000000000
10896  -21.544  -68.780  -23.180 0.0000000000
10897  -21.965  -68.510  -23.321 0.0000000000
10898  -26.725  -69.438  -22.881 0.0000000000
10899  -27.047  -69.245  -23.037 0.0000000000
10900  -27.877  -68.964  -23.400 0.0000000000
10901  -28.794  -68.843  -23.407 0.0000000000
10902  -29.561  -68.318  -23.414 0.0000000000
10916  -20.190  -68.029  -24.968 0.0000000000
10917  -21.796  -68.971  -23.787 0.0000000000
10918  -22.468  -68.595  -24.299 0.0000000000
10919  -23.249  -68.171  -24.870 0.0000000000
10931  -19.754  -68.243  -25.824 0.0000000000
10932  -20.928  -67.972  -25.822 0.0000000000
10933  -21.706  -67.530  -26.224 0.0000000000
10934  -22.991  -68.757  -25.256 0.0000000000
10935  -23.713  -68.361  -25.891 0.0000000000
10946  -19.056  -68.155  -26.919 0.0000000000
10947  -20.438  -68.141  -26.961 0.0000000000
10948  -21.474  -67.762  -26.997 0.0000000000
10949  -22.203  -67.330  -26.905 0.0000000000
10950  -24.358  -68.155  -27.141 0.0000000000
10951  -24.495  -67.728  -27.705 0.0000000000
10962  -15.955  -68.558  -28.073 0.0000000000
10963  -16.996  -68.489  -27.848 0.0000000000
10964  -17.915  -68.499  -27.691 0.0000000000
10965  -18.852  -68.811  -27.750 0.0000000000
10966  -20.141  -68.772  -27.957 0.0000000000
10967  -21.308  -68.244  -27.913 0.0000000000
10968  -22.451  -67.720  -27.824 0.0000000000
10969  -23.529  -67.767  -27.976 0.0000000000
10970  -24.232  -68.031  -27.926 0.0000000000
10971  -24.407  -67.759  -27.935 0.0000000000
10976  -14.448  -69.598  -28.773 0.0000000000
10977  -15.492  -69.486  -28.812 0.0000000000
10978  -16.615  -69.370  -28.567 0.0000000000
10979  -17.671  -69.192  -28.204 0.0000000000
10980  -18.299  -69.045  -27.956 0.0000000000
10981  -20.693  -69.377  -28.423 0.0000000000
10982  -21.290  -69.073  -28.403 0.0000000000
10983  -22.251  -68.700  -28.333 0.0000000000
10984  -23.159  -68.392  -28.183 0.0000000000
10985  -23.709  -68.226  -28.058 0.0000000000
11624  -30.065  -67.227  -12.742 0.0000000000
11643  -30.004  -67.297  -13.521 0.0000000000
11659  -29.725  -67.115  -14.112 0.0000000000
11660  -30.410  -67.830  -14.198 0.0000000000
11672  -29.808  -67.341  -14.939 0.0000000000
11673  -30.559  -68.075  -15.340 0.0000000000
11677  -29.972  -67.432  -15.869 0.0000000000
11678  -30.793  -67.836  -16.526 0.0000000000
11679  -31.567  -68.123  -17.154 0.0000000000
11688  -31.141  -67.526  -17.461 0.0000000000
11689  -31.935  -67.871  -17.901 0.0000000000
11690  -32.068  -67.913  -18.549 0.0000000000
11700  -23.925  -66.719  -18.817 0.0000000000
11701  -24.407  -66.859  -18.753 0.0000000000
11702  -25.172  -66.871  -18.787 0.0000000000
11703  -31.310  -67.166  -18.263 0.0000000000
11704  -31.859  -67.435  -18.671 0.0000000000
11705  -31.977  -67.431  -19.200 0.0000000000
11715  -22.628  -67.717  -19.646 0.0000000000
11716  -23.687  -67.424  -19.017 0.0000000000
11717  -24.831  -67.601  -19.065 0.0000000000
11718  -25.813  -67.326  -19.320 0.0000000000
11719  -26.654  -67.277  -19.880 0.0000000000
11720  -31.314  -67.586  -20.538 0.0000000000
11721  -31.607  -67.481  -20.367 0.0000000000
11722  -32.221  -67.057  -19.803 0.0000000000
11733  -21.905  -67.843  -20.907 0.0000000000
11734  -22.179  -67.618  -20.471 0.0000000000
11735  -27.249  -67.350  -20.641 0.0000000000
11736  -27.606  -67.153  -20.907 0.0000000000
11737  -31.404  -67.527  -21.156 0.0000000000
11738  -31.833  -67.346  -20.637 0.0000000000
11739  -32.236  -67.083  -20.387 0.0000000000
11753  -21.794  -67.959  -21.400 0.0000000000
11754  -22.174  -67.487  -21.277 0.0000000000
11755  -27.159  -67.855  -21.139 0.0000000000
11756  -27.680  -67.615  -21.584 0.0000000000
11757  -28.194  -67.250  -21.958 0.0000000000
11758  -31.150  -67.693  -21.863 0.0000000000
11759  -31.896  -67.215  -21.601 0.0000000000
11760  -32.183  -67.096  -21.020 0.0000000000
11775  -21.679  -68.100  -21.925 0.0000000000
11776  -22.233  -67.691  -22.301 0.0000000000
11777  -22.813  -67.011  -22.420 0.0000000000
11778  -27.758  -68.064  -22.329 0.0000000000
11779  -28.276  -67.791  -22.717 0.0000000000
11780  -28.821  -67.770  -23.352 0.0000000000
11781  -30.798  -67.796  -22.760 0.0000000000
11782  -31.434  -67.357  -22.386 0.0000000000
11800  -22.456  -67.975  -23.377 0.0000000000
11801  -23.084  -67.166  -23.308 0.0000000000
11802  -28.538  -68.336  -23.358 0.0000000000
11803  -29.392  -67.750  -23.609 0.0000000000
11804  -30.262  -67.574  -23.739 0.0000000000
11805  -31.231  -67.169  -23.246 0.0000000000
11819  -20.877  -67.346  -24.597 0.0000000000
11820  -21.624  -66.825  -25.110 0.0000000000
11821  -23.047  -67.835  -24.127 0.0000000000
11822  -23.801  -67.278  -24.826 0.0000000000
11823  -24.316  -66.816  -25.655 0.0000000000
11824  -29.984  -67.048  -24.369 0.0000000000
11825  -30.451  -66.821  -24.532 0.0000000000
11837  -18.229  -67.786  -26.565 0.0000000000
11838  -21.532  -67.401  -25.490 0.0000000000
11839  -22.225  -66.847  -25.988 0.0000000000
11840  -22.732  -66.355  -26.546 0.0000000000
11841  -24.290  -67.485  -26.162 0.0000000000
11842  -24.503  -66.879  -26.473 0.0000000000
11856  -16.779  -67.155  -26.608 0.0000000000
11857  -17.769  -67.588  -26.828 0.0000000000
11858  -18.316  -67.808  -26.922 0.0000000000
11859  -22.679  -66.849  -26.951 0.0000000000
11860  -23.112  -66.437  -27.070 0.0000000000
11861  -24.540  -67.461  -26.806 0.0000000000
11862  -24.576  -67.312  -27.262 0.0000000000
11870  -16.412  -67.711  -27.394 0.0000000000
11871  -17.382  -67.801  -27.289 0.0000000000
11872  -18.230  -67.998  -27.243 0.0000000000
11873  -22.648  -67.222  -27.370 0.0000000000
11874  -23.236  -67.001  -27.589 0.0000000000
11875  -24.061  -67.246  -27.867 0.0000000000
11876  -24.462  -67.515  -27.740 0.0000000000
12590  -29.564  -66.556  -12.260 0.0000000000
12605  -29.036  -66.045  -13.653 0.0000000000
12606  -29.329  -66.430  -13.426 0.0000000000
12621  -28.927  -66.032  -14.071 0.0000000000
12622  -29.268  -66.621  -14.527 0.0000000000
12627  -28.786  -65.966  -15.056 0.0000000000
12628  -29.305  -66.742  -15.608 0.0000000000
12635  -28.764  -65.888  -16.372 0.0000000000
12636  -29.824  -66.818  -16.839 0.0000000000
12637  -30.560  -67.281  -17.151 0.0000000000
12652  -29.235  -65.983  -17.341 0.0000000000
12653  -29.870  -66.149  -17.959 0.0000000000
12654  -30.557  -66.880  -17.741 0.0000000000
12666  -24.161  -66.376  -18.794 0.0000000000
12667  -24.772  -66.049  -18.669 0.0000000000
12668  -25.963  -66.312  -18.844 0.0000000000
12669  -26.501  -65.900  -19.030 0.0000000000
12670  -30.084  -65.878  -18.502 0.0000000000
12671  -30.678  -66.307  -18.768 0.0000000000
12672  -31.623  -66.886  -18.971 0.0000000000
12673  -31.938  -67.166  -18.982 0.0000000000
12684  -22.997  -66.849  -19.483 0.0000000000
12685  -23.663  -66.205  -19.216 0.0000000000
12686  -24.159  -66.035  -18.844 0.0000000000
12687  -26.335  -66.831  -19.351 0.0000000000
12688  -26.872  -66.339  -19.534 0.0000000000
12689  -27.355  -66.012  -19.888 0.0000000000
12690  -30.924  -65.898  -19.410 0.0000000000
12691  -31.566  -66.256  -19.677 0.0000000000
12692  -32.025  -66.886  -19.470 0.0000000000
12700  -22.591  -66.887  -20.186 0.0000000000
12701  -23.086  -66.315  -19.982 0.0000000000
12702  -27.122  -66.896  -20.088 0.0000000000
12703  -27.594  -66.524  -20.487 0.0000000000
12704  -28.057  -66.226  -20.945 0.0000000000
12705  -31.929  -66.143  -20.102 0.0000000000
12706  -32.223  -66.439  -20.269 0.0000000000
12717  -22.488  -67.020  -20.910 0.0000000000
12718  -23.032  -66.334  -20.989 0.0000000000
12719  -27.789  -67.038  -21.045 0.0000000000
12720  -28.091  -66.755  -21.346 0.0000000000
12721  -32.204  -66.933  -21.838 0.0000000000
12722  -32.450  -66.613  -21.478 0.0000000000
12735  -22.665  -66.954  -21.707 0.0000000000
12736  -23.250  -66.358  -22.360 0.0000000000
12737  -28.539  -66.710  -22.204 0.0000000000
12738  -29.194  -66.939  -23.135 0.0000000000
12739  -32.015  -66.841  -22.436 0.0000000000
12740  -32.641  -66.118  -22.669 0.0000000000
12754  -20.611  -66.354  -23.653 0.0000000000
12755  -23.735  -66.269  -23.723 0.0000000000
12756  -29.706  -66.615  -24.204 0.0000000000
12757  -30.935  -66.884  -24.135 0.0000000000
12758  -31.791  -66.291  -23.781 0.0000000000
12759  -32.540  -65.642  -23.341 0.0000000000
12770  -21.298  -66.177  -24.517 0.0000000000
12771  -21.881  -66.012  -25.282 0.0000000000
12772  -24.075  -66.162  -25.014 0.0000000000
12773  -24.284  -66.318  -25.857 0.0000000000
12774  -30.226  -66.127  -25.128 0.0000000000
12775  -31.009  -66.383  -25.029 0.0000000000
12776  -31.445  -65.780  -25.037 0.0000000000
12789  -22.551  -65.771  -25.964 0.0000000000
12790  -23.092  -65.924  -26.626 0.0000000000
12791  -24.330  -66.330  -26.396 0.0000000000
12792  -30.770  -65.899  -25.825 0.0000000000
12793  -31.158  -65.848  -25.691 0.0000000000
12794  -31.294  -65.739  -25.530 0.0000000000
12807  -23.567  -66.184  -27.012 0.0000000000
12808  -24.115  -66.303  -27.086 0.0000000000
12809  -24.451  -66.581  -26.939 0.0000000000
12810  -23.461  -66.550  -27.327 0.0000000000
12811  -23.857  -66.634  -27.494 0.0000000000
12812  -24.363  -66.897  -27.486 0.0000000000
13550  -29.284  -65.909  -11.451 0.0000000000
13561  -29.009  -65.537  -13.163 0.0000000000
13562  -29.104  -65.672  -12.792 0.0000000000
13574  -28.943  -65.673  -13.497 0.0000000000
13575  -29.098  -65.926  -13.227 0.0000000000
13590  -28.603  -65.330  -14.360 0.0000000000
13599  -28.242  -65.004  -15.433 0.0000000000
13612  -28.225  -64.899  -16.531 0.0000000000
13631  -28.757  -65.142  -17.552 0.0000000000
13632  -29.363  -65.646  -17.842 0.0000000000
13649  -24.753  -64.992  -18.732 0.0000000000
13650  -25.545  -65.351  -18.617 0.0000000000
13651  -26.273  -65.424  -18.783 0.0000000000
13652  -29.097  -64.726  -18.179 0.0000000000
13653  -29.670  -65.280  -18.518 0.0000000000
13654  -30.195  -65.725  -18.749 0.0000000000
13673  -23.799  -65.264  -19.470 0.0000000000
13674  -24.163  -65.511  -18.940 0.0000000000
13675  -26.779  -65.450  -19.213 0.0000000000
13676  -27.189  -65.616  -19.616 0.0000000000
13677  -30.011  -65.088  -19.010 0.0000000000
13678  -30.409  -65.396  -19.201 0.0000000000
13679  -31.220  -65.456  -19.791 0.0000000000
13697  -23.406  -65.516  -20.276 0.0000000000
13698  -27.595  -65.510  -20.135 0.0000000000
13699  -27.937  -65.845  -20.708 0.0000000000
13700  -31.926  -65.683  -20.332 0.0000000000
13701  -32.545  -65.719  -21.098 0.0000000000
13718  -23.354  -65.492  -21.602 0.0000000000
13719  -27.934  -65.240  -20.720 0.0000000000
13720  -28.322  -65.721  -21.445 0.0000000000
13721  -32.977  -65.637  -21.990 0.0000000000
13734  -20.465  -65.333  -23.119 0.0000000000
13735  -23.520  -65.474  -22.872 0.0000000000
13736  -28.961  -65.724  -22.613 0.0000000000
13737  -29.447  -65.755  -23.679 0.0000000000
13738  -32.972  -65.367  -22.808 0.0000000000
13751  -20.982  -65.118  -23.986 0.0000000000
13752  -23.744  -65.215  -24.139 0.0000000000
13753  -29.570  -65.563  -24.726 0.0000000000
13754  -31.993  -65.332  -24.053 0.0000000000
13755  -32.700  -65.180  -23.321 0.0000000000
13765  -21.511  -65.209  -24.822 0.0000000000
13766  -21.980  -65.122  -25.401 0.0000000000
13767  -23.842  -65.402  -25.337 0.0000000000
13768  -24.147  -65.928  -25.558 0.0000000000
13769  -29.734  -65.381  -25.638 0.0000000000
13770  -31.561  -65.325  -25.117 0.0000000000
13780  -22.494  -64.938  -25.712 0.0000000000
13781  -23.181  -65.267  -26.198 0.0000000000
13782  -23.782  -65.491  -26.077 0.0000000000
13783  -24.171  -65.878  -25.984 0.0000000000
13784  -30.375  -65.407  -26.250 0.0000000000
13785  -31.011  -65.529  -26.356 0.0000000000
13786  -31.284  -65.555  -25.671 0.0000000000
13789  -23.422  -65.798  -26.611 0.0000000000
13790  -23.748  -65.833  -26.610 0.0000000000
13791  -24.157  -66.046  -26.554 0.0000000000
13792  -30.463  -65.327  -26.669 0.0000000000
13793  -30.677  -65.433  -26.643 0.0000000000
14551  -29.417  -64.846  -10.810 0.0000000000
14572  -29.176  -64.909  -12.059 0.0000000000
14585  -28.941  -65.303  -13.212 0.0000000000
14586  -29.014  -64.854  -12.973 0.0000000000
14602  -28.742  -64.827  -13.688 0.0000000000
14603  -29.067  -64.296  -13.423 0.0000000000
14619  -28.404  -64.410  -14.536 0.0000000000
14634  -27.708  -63.539  -15.749 0.0000000000
14635  -27.940  -63.949  -15.211 0.0000000000
14636  -34.223  -64.054  -15.827 0.0000000000
14652  -27.713  -63.449  -16.399 0.0000000000
14653  -27.838  -64.191  -16.077 0.0000000000
14671  -27.833  -63.399  -16.844 0.0000000000
14672  -28.035  -63.994  -17.099 0.0000000000
14689  -24.700  -64.040  -18.759 0.0000000000
14690  -25.434  -64.444  -18.668 0.0000000000
14691  -26.019  -64.789  -18.651 0.0000000000
14692  -28.727  -64.139  -17.974 0.0000000000
14693  -29.390  -64.254  -18.575 0.0000000000
14709  -23.508  -64.518  -19.891 0.0000000000
14710  -24.060  -64.512  -19.125 0.0000000000
14711  -26.521  -64.661  -19.015 0.0000000000
14712  -27.153  -64.750  -19.597 0.0000000000
14713  -30.120  -64.521  -19.169 0.0000000000
14714  -30.904  -64.647  -19.773 0.0000000000
14715  -31.576  -64.804  -20.331 0.0000000000
14732  -22.678  -63.915  -21.229 0.0000000000
14733  -22.995  -64.455  -20.990 0.0000000000
14734  -27.612  -64.594  -20.324 0.0000000000
14735  -32.280  -64.897  -20.983 0.0000000000
14736  -32.807  -65.063  -21.630 0.0000000000
14748  -22.628  -63.954  -21.792 0.0000000000
14749  -23.113  -64.732  -22.247 0.0000000000
14750  -28.032  -64.559  -21.159 0.0000000000
14751  -28.522  -64.702  -22.149 0.0000000000
14752  -32.483  -64.394  -21.796 0.0000000000
14753  -33.028  -64.877  -22.354 0.0000000000
14764  -20.093  -64.275  -22.706 0.0000000000
14765  -20.496  -64.549  -23.458 0.0000000000
14766  -22.735  -63.935  -23.013 0.0000000000
14767  -23.309  -64.731  -23.260 0.0000000000
14768  -28.923  -64.542  -23.424 0.0000000000
14769  -29.362  -65.154  -24.097 0.0000000000
14770  -32.378  -64.533  -22.891 0.0000000000
14771  -32.956  -64.891  -23.020 0.0000000000
14786  -20.294  -63.954  -23.445 0.0000000000
14787  -20.610  -64.107  -24.005 0.0000000000
14788  -22.821  -63.529  -23.705 0.0000000000
14789  -23.142  -64.118  -24.013 0.0000000000
14790  -28.839  -64.170  -24.657 0.0000000000
14791  -29.229  -64.818  -24.496 0.0000000000
14792  -31.418  -64.566  -24.590 0.0000000000
14793  -31.849  -64.744  -23.912 0.0000000000
14794  -32.525  -64.916  -23.444 0.0000000000
14805  -21.130  -64.228  -24.795 0.0000000000
14806  -21.612  -64.684  -25.105 0.0000000000
14807  -23.432  -64.477  -24.859 0.0000000000
14808  -29.028  -64.135  -25.537 0.0000000000
14809  -29.269  -64.813  -25.295 0.0000000000
14810  -31.231  -64.566  -25.356 0.0000000000
14811  -31.675  -64.942  -24.865 0.0000000000
14816  -21.366  -63.834  -25.135 0.0000000000
14817  -21.885  -64.266  -25.353 0.0000000000
14818  -22.738  -64.464  -25.578 0.0000000000
14819  -23.302  -64.696  -25.558 0.0000000000
14820  -29.220  -64.108  -25.931 0.0000000000
14821  -29.578  -64.714  -26.110 0.0000000000
14822  -30.902  -64.771  -26.246 0.0000000000
14823  -31.363  -65.130  -25.724 0.0000000000
14824  -30.233  -65.060  -26.584 0.0000000000
14825  -30.666  -65.207  -26.714 0.0000000000
15535  -29.857  -64.050  -10.946 0.0000000000
15554  -29.649  -64.130  -11.739 0.0000000000
15555  -30.388  -63.682  -11.524 0.0000000000
15567  -29.441  -64.097  -12.791 0.0000000000
15568  -30.234  -63.628  -12.451 0.0000000000
15569  -31.117  -63.476  -12.272 0.0000000000
15584  -28.837  -63.949  -14.018 0.0000000000
15585  -29.421  -63.679  -13.653 0.0000000000
15586  -30.129  -63.439  -13.339 0.0000000000
15587  -30.895  -63.413  -13.094 0.0000000000
15588  -32.066  -63.667  -13.290 0.0000000000
15589  -32.997  -63.854  -14.236 0.0000000000
15607  -28.447  -63.329  -14.659 0.0000000000
15608  -29.198  -63.157  -14.233 0.0000000000
15609  -29.981  -63.072  -14.029 0.0000000000
15610  -31.039  -63.208  -14.046 0.0000000000
15611  -32.199  -63.373  -14.616 0.0000000000
15612  -33.097  -63.612  -14.939 0.0000000000
15625  -27.611  -62.936  -15.924 0.0000000000
15626  -27.855  -63.065  -15.260 0.0000000000
15627  -32.669  -63.255  -15.220 0.0000000000
15628  -33.533  -63.450  -15.683 0.0000000000
15629  -34.339  -63.802  -16.278 0.0000000000
15644  -27.662  -62.931  -16.360 0.0000000000
15645  -34.060  -63.227  -16.425 0.0000000000
15646  -34.915  -63.615  -17.056 0.0000000000
15663  -27.758  -62.986  -16.692 0.0000000000
15664  -27.970  -63.097  -17.124 0.0000000000
15679  -23.845  -63.026  -18.876 0.0000000000
15680  -24.528  -63.145  -18.785 0.0000000000
15681  -25.453  -63.387  -18.905 0.0000000000
15682  -26.051  -64.132  -18.836 0.0000000000
15683  -28.427  -63.220  -17.708 0.0000000000
15684  -29.089  -63.344  -18.389 0.0000000000
15693  -22.821  -63.212  -19.907 0.0000000000
15694  -23.440  -63.505  -19.391 0.0000000000
15695  -24.097  -63.662  -18.937 0.0000000000
15696  -25.816  -62.945  -19.305 0.0000000000
15697  -26.514  -63.519  -19.593 0.0000000000
15698  -27.231  -64.072  -19.976 0.0000000000
15699  -29.831  -63.437  -19.041 0.0000000000
15700  -30.830  -63.486  -19.880 0.0000000000
15701  -31.290  -64.208  -20.200 0.0000000000
15715  -22.475  -63.270  -20.958 0.0000000000
15716  -23.030  -63.822  -20.188 0.0000000000
15717  -26.770  -63.061  -20.363 0.0000000000
15718  -27.323  -63.579  -20.706 0.0000000000
15719  -30.916  -62.848  -21.211 0.0000000000
15720  -31.719  -63.956  -20.867 0.0000000000
15735  -22.396  -63.066  -22.356 0.0000000000
15736  -27.994  -63.696  -21.919 0.0000000000
15737  -28.475  -64.094  -22.563 0.0000000000
15738  -30.598  -62.920  -22.392 0.0000000000
15739  -31.446  -63.761  -22.262 0.0000000000
15747  -19.671  -63.529  -22.680 0.0000000000
15748  -22.629  -62.948  -23.415 0.0000000000
15749  -27.728  -63.041  -22.463 0.0000000000
15750  -28.279  -63.546  -22.862 0.0000000000
15751  -30.743  -63.346  -23.340 0.0000000000
15752  -31.371  -64.204  -23.480 0.0000000000
15758  -19.871  -63.407  -23.258 0.0000000000
15759  -20.276  -63.560  -23.794 0.0000000000
15760  -22.769  -63.167  -24.195 0.0000000000
15761  -23.027  -63.793  -24.658 0.0000000000
15762  -27.914  -62.902  -23.061 0.0000000000
15763  -28.341  -63.313  -23.843 0.0000000000
15764  -30.891  -63.897  -24.512 0.0000000000
15765  -31.354  -64.416  -24.124 0.0000000000
15766  -20.065  -63.096  -23.815 0.0000000000
15767  -20.508  -63.376  -24.383 0.0000000000
15768  -22.643  -63.382  -24.777 0.0000000000
15769  -23.028  -63.962  -25.157 0.0000000000
15770  -28.730  -63.386  -24.880 0.0000000000
15771  -30.662  -64.040  -25.591 0.0000000000
15772  -21.031  -63.419  -24.972 0.0000000000
15773  -21.630  -63.513  -25.141 0.0000000000
15774  -22.418  -63.697  -25.189 0.0000000000
15775  -22.919  -64.153  -25.404 0.0000000000
15776  -29.096  -63.600  -25.594 0.0000000000
15777  -29.578  -63.967  -26.058 0.0000000000
15778  -30.275  -64.173  -26.141 0.0000000000
15779  -29.994  -64.572  -26.383 0.0000000000
15780  -30.421  -64.797  -26.517 0.0000000000
16604  -28.822  -62.367  -14.457 0.0000000000
16605  -29.669  -62.379  -14.354 0.0000000000
16606  -30.571  -62.489  -14.506 0.0000000000
16607  -31.598  -62.638  -15.011 0.0000000000
16608  -32.182  -63.051  -15.175 0.0000000000
16623  -27.773  -62.272  -15.530 0.0000000000
16624  -28.162  -62.330  -14.892 0.0000000000
16625  -32.028  -62.232  -15.317 0.0000000000
16626  -32.554  -62.625  -15.502 0.0000000000
16627  -33.468  -62.552  -16.132 0.0000000000
16641  -27.776  -62.316  -16.421 0.0000000000
16642  -28.009  -61.865  -16.766 0.0000000000
16643  -34.220  -62.551  -16.815 0.0000000000
16644  -34.941  -62.572  -17.551 0.0000000000
16657  -27.892  -62.662  -16.901 0.0000000000
16658  -28.226  -62.234  -17.273 0.0000000000
16674  -22.677  -61.981  -19.214 0.0000000000
16675  -23.155  -62.415  -18.944 0.0000000000
16676  -24.092  -62.321  -18.555 0.0000000000
16677  -24.910  -62.371  -18.684 0.0000000000
16678  -28.876  -62.450  -18.055 0.0000000000
16679  -29.517  -62.516  -18.692 0.0000000000
16694  -22.526  -62.379  -19.817 0.0000000000
16695  -22.958  -62.892  -19.464 0.0000000000
16696  -25.500  -62.377  -19.042 0.0000000000
16697  -25.958  -62.399  -19.576 0.0000000000
16698  -30.140  -62.474  -19.381 0.0000000000
16699  -30.601  -62.176  -20.198 0.0000000000
16708  -22.275  -62.060  -20.839 0.0000000000
16709  -26.407  -62.397  -20.341 0.0000000000
16710  -26.839  -62.765  -20.878 0.0000000000
16711  -30.449  -61.882  -21.075 0.0000000000
16716  -19.073  -62.832  -22.053 0.0000000000
16717  -22.402  -62.093  -21.842 0.0000000000
16718  -26.644  -62.131  -21.192 0.0000000000
16719  -27.239  -62.632  -21.757 0.0000000000
16720  -30.310  -62.102  -22.007 0.0000000000
16721  -18.835  -62.255  -22.396 0.0000000000
16722  -19.340  -62.906  -22.720 0.0000000000
16723  -22.543  -62.027  -22.949 0.0000000000
16724  -27.518  -62.380  -22.647 0.0000000000
16725  -30.568  -62.322  -23.079 0.0000000000
16726  -19.183  -62.265  -22.996 0.0000000000
16727  -19.651  -62.574  -23.438 0.0000000000
16728  -22.615  -62.142  -23.861 0.0000000000
16729  -27.837  -62.322  -23.439 0.0000000000
16730  -28.342  -62.437  -24.287 0.0000000000
16731  -30.696  -62.578  -24.174 0.0000000000
16732  -20.198  -62.619  -24.046 0.0000000000
16733  -20.744  -62.686  -24.657 0.0000000000
16734  -21.458  -62.440  -24.720 0.0000000000
16735  -22.265  -62.531  -24.513 0.0000000000
16736  -29.029  -62.662  -24.991 0.0000000000
16737  -29.753  -62.639  -25.159 0.0000000000
16738  -30.367  -62.964  -25.048 0.0000000000
16739  -21.319  -62.980  -24.990 0.0000000000
16740  -21.920  -63.018  -24.952 0.0000000000
16741  -22.327  -63.146  -24.857 0.0000000000
16742  -29.450  -63.296  -25.530 0.0000000000
16743  -29.961  -63.442  -25.702 0.0000000000
16744  -30.306  -63.685  -25.681 0.0000000000
17614  -28.487  -61.470  -14.621 0.0000000000
17615  -29.275  -61.482  -14.346 0.0000000000
17616  -30.192  -61.545  -14.431 0.0000000000
17617  -31.056  -61.694  -14.788 0.0000000000
17631  -27.803  -61.504  -15.838 0.0000000000
17632  -27.983  -61.492  -15.155 0.0000000000
17633  -31.779  -61.738  -15.161 0.0000000000
17634  -32.299  -61.842  -15.447 0.0000000000
17635  -32.928  -61.715  -15.800 0.0000000000
17650  -27.940  -61.494  -16.406 0.0000000000
17651  -28.196  -61.421  -16.904 0.0000000000
17652  -33.664  -61.656  -16.476 0.0000000000
17653  -34.373  -61.653  -17.197 0.0000000000
17667  -23.810  -60.824  -18.033 0.0000000000
17668  -24.172  -60.945  -17.957 0.0000000000
17669  -28.564  -61.351  -17.395 0.0000000000
17670  -28.946  -61.198  -17.824 0.0000000000
17671  -35.113  -61.707  -17.899 0.0000000000
17685  -22.821  -61.468  -18.924 0.0000000000
17686  -23.591  -61.369  -18.329 0.0000000000
17687  -24.588  -61.424  -18.286 0.0000000000
17688  -25.281  -61.539  -18.646 0.0000000000
17689  -28.793  -61.769  -17.778 0.0000000000
17690  -29.298  -61.599  -18.317 0.0000000000
17706  -22.545  -61.557  -19.512 0.0000000000
17707  -25.764  -61.558  -19.163 0.0000000000
17708  -26.141  -61.509  -19.840 0.0000000000
17709  -29.765  -61.778  -18.974 0.0000000000
17710  -30.099  -61.487  -19.603 0.0000000000
17716  -17.461  -60.997  -20.806 0.0000000000
17718  -22.394  -61.345  -20.295 0.0000000000
17719  -26.479  -61.259  -20.820 0.0000000000
17720  -30.194  -61.237  -20.497 0.0000000000
17724  -17.786  -60.805  -21.380 0.0000000000
17725  -18.345  -61.465  -21.760 0.0000000000
17726  -22.514  -61.170  -21.377 0.0000000000
17727  -26.900  -61.491  -21.905 0.0000000000
17728  -27.202  -61.985  -22.300 0.0000000000
17729  -30.272  -61.175  -21.517 0.0000000000
17730  -19.128  -61.693  -22.812 0.0000000000
17731  -19.565  -61.508  -23.088 0.0000000000
17732  -22.516  -61.051  -22.440 0.0000000000
17733  -27.059  -61.096  -22.342 0.0000000000
17734  -27.370  -61.480  -22.797 0.0000000000
17735  -30.603  -61.368  -22.589 0.0000000000
17736  -19.392  -62.046  -23.282 0.0000000000
17737  -19.947  -61.798  -23.634 0.0000000000
17738  -20.951  -61.323  -23.885 0.0000000000
17739  -21.786  -61.088  -23.828 0.0000000000
17740  -22.282  -61.178  -23.380 0.0000000000
17741  -27.966  -61.499  -23.760 0.0000000000
17742  -28.664  -61.612  -24.398 0.0000000000
17743  -31.150  -61.520  -23.745 0.0000000000
17744  -31.517  -61.091  -23.946 0.0000000000
17745  -20.430  -62.260  -24.185 0.0000000000
17746  -20.822  -61.971  -24.365 0.0000000000
17747  -21.646  -61.741  -24.343 0.0000000000
17748  -22.245  -61.640  -24.077 0.0000000000
17749  -29.438  -61.744  -24.722 0.0000000000
17750  -30.220  -61.782  -24.823 0.0000000000
17751  -30.881  -61.584  -24.511 0.0000000000
17752  -31.394  -61.079  -24.165 0.0000000000
18649  -28.284  -60.654  -14.888 0.0000000000
18650  -28.872  -60.568  -14.382 0.0000000000
18651  -29.785  -60.552  -14.273 0.0000000000
18652  -30.840  -60.605  -14.463 0.0000000000
18653  -31.638  -60.329  -14.785 0.0000000000
18668  -27.857  -61.127  -15.796 0.0000000000
18669  -27.980  -60.790  -15.654 0.0000000000
18670  -31.556  -61.058  -14.837 0.0000000000
18671  -32.312  -60.859  -15.330 0.0000000000
18672  -33.224  -60.757  -16.048 0.0000000000
18692  -27.873  -61.116  -16.041 0.0000000000
18693  -28.148  -60.781  -16.438 0.0000000000
18694  -33.932  -60.760  -16.767 0.0000000000
18695  -34.637  -60.775  -17.442 0.0000000000
18716  -24.064  -60.486  -17.890 0.0000000000
18717  -24.846  -60.407  -17.832 0.0000000000
18718  -25.472  -59.997  -17.927 0.0000000000
18719  -28.435  -60.839  -17.044 0.0000000000
18720  -28.785  -60.646  -17.498 0.0000000000
18721  -35.465  -60.846  -18.036 0.0000000000
18736  -23.036  -60.796  -18.694 0.0000000000
18737  -23.548  -60.425  -18.256 0.0000000000
18738  -25.169  -61.004  -18.255 0.0000000000
18739  -25.780  -60.517  -18.619 0.0000000000
18740  -26.236  -59.985  -19.159 0.0000000000
18741  -29.215  -60.633  -18.125 0.0000000000
18751  -16.563  -59.779  -20.646 0.0000000000
18753  -22.734  -60.597  -19.590 0.0000000000
18754  -23.160  -60.159  -18.899 0.0000000000
18755  -26.006  -61.010  -19.348 0.0000000000
18756  -26.344  -60.458  -19.813 0.0000000000
18757  -29.639  -60.826  -18.953 0.0000000000
18758  -29.955  -60.556  -19.793 0.0000000000
18763  -16.688  -59.752  -21.056 0.0000000000
18764  -16.939  -60.200  -20.795 0.0000000000
18765  -19.087  -60.556  -21.023 0.0000000000
18768  -22.696  -60.410  -20.829 0.0000000000
18769  -26.690  -60.347  -20.777 0.0000000000
18770  -30.266  -60.306  -20.758 0.0000000000
18773  -16.894  -59.775  -21.193 0.0000000000
18774  -17.305  -60.155  -21.108 0.0000000000
18775  -18.410  -60.702  -21.500 0.0000000000
18776  -19.715  -60.717  -21.763 0.0000000000
18777  -20.501  -60.320  -21.741 0.0000000000
18778  -22.645  -60.158  -21.876 0.0000000000
18779  -26.897  -60.507  -21.612 0.0000000000
18780  -27.216  -60.126  -21.962 0.0000000000
18781  -30.662  -60.398  -21.929 0.0000000000
18782  -18.827  -61.257  -22.179 0.0000000000
18783  -19.533  -61.160  -22.567 0.0000000000
18784  -20.658  -60.455  -22.520 0.0000000000
18785  -21.572  -60.086  -22.795 0.0000000000
18786  -22.221  -60.120  -22.687 0.0000000000
18787  -26.935  -60.898  -22.119 0.0000000000
18788  -27.251  -60.573  -22.412 0.0000000000
18789  -31.362  -60.713  -23.054 0.0000000000
18790  -31.957  -60.288  -23.232 0.0000000000
18791  -32.368  -60.091  -23.121 0.0000000000
18792  -19.800  -61.386  -23.167 0.0000000000
18793  -20.329  -61.104  -23.233 0.0000000000
18794  -21.214  -60.682  -23.350 0.0000000000
18795  -21.876  -60.556  -23.292 0.0000000000
18796  -27.727  -60.636  -23.245 0.0000000000
18797  -28.397  -60.713  -23.925 0.0000000000
18798  -31.467  -61.007  -23.735 0.0000000000
18799  -31.768  -60.630  -23.856 0.0000000000
18800  -32.421  -60.097  -23.522 0.0000000000
18801  -29.143  -60.843  -24.393 0.0000000000
18802  -29.863  -61.029  -24.631 0.0000000000
18803  -30.618  -60.836  -24.621 0.0000000000
18804  -31.443  -60.560  -24.354 0.0000000000
18805  -32.372  -60.096  -24.078 0.0000000000
19701  -28.646  -59.768  -14.731 0.0000000000
19702  -29.350  -59.639  -14.356 0.0000000000
19703  -30.282  -59.544  -14.271 0.0000000000
19704  -31.264  -59.522  -14.511 0.0000000000
19705  -32.161  -59.632  -14.986 0.0000000000
19724  -28.284  -59.980  -15.293 0.0000000000
19725  -32.941  -59.837  -15.588 0.0000000000
19726  -33.643  -59.822  -16.275 0.0000000000
19727  -34.324  -59.469  -16.584 0.0000000000
19745  -28.271  -59.875  -16.044 0.0000000000
19746  -34.278  -60.094  -16.933 0.0000000000
19747  -35.122  -59.822  -17.346 0.0000000000
19748  -36.173  -59.637  -17.607 0.0000000000
19749  -37.171  -59.446  -17.699 0.0000000000
19750  -37.714  -59.275  -17.743 0.0000000000
19763  -24.055  -59.773  -17.839 0.0000000000
19764  -24.676  -59.558  -17.684 0.0000000000
19765  -25.162  -59.497  -17.757 0.0000000000
19766  -28.568  -60.037  -16.916 0.0000000000
19767  -29.008  -59.861  -17.626 0.0000000000
19768  -35.469  -60.340  -17.789 0.0000000000
19769  -35.890  -60.339  -18.003 0.0000000000
19770  -36.869  -60.272  -18.375 0.0000000000
19771  -37.898  -59.686  -18.203 0.0000000000
19772  -38.889  -59.585  -18.317 0.0000000000
19773  -39.662  -59.621  -18.131 0.0000000000
19780  -23.499  -59.573  -18.547 0.0000000000
19781  -25.693  -59.429  -18.159 0.0000000000
19782  -26.177  -59.446  -18.795 0.0000000000
19783  -29.560  -59.698  -18.535 0.0000000000
19784  -29.952  -59.156  -18.826 0.0000000000
19785  -37.149  -60.743  -18.692 0.0000000000
19786  -37.609  -60.563  -18.639 0.0000000000
19787  -38.401  -60.322  -18.535 0.0000000000
19788  -39.052  -60.121  -18.484 0.0000000000
19798  -23.011  -59.794  -20.424 0.0000000000
19799  -23.258  -59.449  -19.579 0.0000000000
19800  -26.491  -59.486  -19.527 0.0000000000
19801  -29.728  -60.116  -19.263 0.0000000000
19802  -30.168  -59.512  -19.582 0.0000000000
19807  -16.492  -59.215  -21.156 0.0000000000
19808  -17.124  -59.112  -21.133 0.0000000000
19809  -18.152  -59.634  -20.806 0.0000000000
19813  -22.945  -59.500  -21.315 0.0000000000
19814  -23.304  -58.996  -20.742 0.0000000000
19815  -26.874  -59.538  -20.472 0.0000000000
19816  -27.300  -59.137  -20.804 0.0000000000
19817  -31.072  -59.296  -20.931 0.0000000000
19818  -31.834  -59.001  -21.144 0.0000000000
19819  -16.697  -59.554  -21.205 0.0000000000
19820  -16.932  -59.525  -21.186 0.0000000000
19821  -17.506  -59.849  -21.058 0.0000000000
19824  -22.532  -59.041  -22.076 0.0000000000
19825  -23.078  -58.725  -21.527 0.0000000000
19826  -26.957  -59.989  -21.098 0.0000000000
19827  -27.415  -59.563  -21.484 0.0000000000
19828  -27.869  -59.306  -21.754 0.0000000000
19829  -31.443  -59.955  -22.276 0.0000000000
19830  -32.207  -59.337  -21.912 0.0000000000
19831  -33.312  -59.302  -22.316 0.0000000000
19832  -33.894  -59.276  -22.451 0.0000000000
19833  -20.890  -60.059  -22.067 0.0000000000
19834  -21.321  -59.661  -22.169 0.0000000000
19835  -21.927  -59.351  -22.368 0.0000000000
19836  -27.449  -59.933  -22.213 0.0000000000
19837  -27.940  -59.503  -22.247 0.0000000000
19838  -31.716  -60.255  -22.829 0.0000000000
19839  -32.091  -59.970  -22.736 0.0000000000
19840  -32.844  -59.841  -22.900 0.0000000000
19841  -33.960  -59.625  -22.971 0.0000000000
19842  -34.560  -59.133  -23.328 0.0000000000
19843  -35.134  -59.049  -23.218 0.0000000000
19844  -27.667  -60.038  -22.750 0.0000000000
19845  -28.348  -59.782  -23.323 0.0000000000
19846  -29.127  -59.566  -23.847 0.0000000000
19847  -33.107  -59.723  -23.580 0.0000000000
19848  -33.874  -59.421  -23.692 0.0000000000
19849  -34.396  -58.981  -23.707 0.0000000000
19850  -35.048  -58.892  -23.453 0.0000000000
19851  -28.909  -60.135  -24.060 0.0000000000
19852  -29.831  -60.018  -24.428 0.0000000000
19853  -30.991  -59.906  -24.606 0.0000000000
19854  -31.946  -59.673  -24.355 0.0000000000
19855  -33.028  -59.457  -24.177 0.0000000000
19856  -33.816  -59.112  -24.057 0.0000000000
19857  -34.124  -58.941  -23.945 0.0000000000
20834  -29.015  -59.011  -14.633 0.0000000000
20835  -29.752  -58.576  -14.419 0.0000000000
20836  -30.792  -58.536  -14.381 0.0000000000
20837  -31.839  -58.591  -14.654 0.0000000000
20838  -32.981  -58.737  -15.164 0.0000000000
20839  -33.557  -58.377  -15.325 0.0000000000
20851  -28.610  -58.965  -15.423 0.0000000000
20852  -29.127  -58.367  -14.872 0.0000000000
20853  -33.349  -59.296  -15.721 0.0000000000
20854  -33.829  -58.832  -15.839 0.0000000000
20855  -34.927  -58.855  -16.397 0.0000000000
20856  -36.028  -58.541  -16.182 0.0000000000
20857  -37.204  -58.276  -16.166 0.0000000000
20858  -38.332  -57.873  -16.391 0.0000000000
20859  -38.956  -57.647  -16.545 0.0000000000
20866  -28.685  -58.973  -16.554 0.0000000000
20867  -29.015  -58.439  -16.770 0.0000000000
20868  -35.181  -59.274  -16.898 0.0000000000
20869  -35.633  -59.166  -16.923 0.0000000000
20870  -36.643  -58.966  -16.974 0.0000000000
20871  -37.828  -58.771  -17.211 0.0000000000
20872  -39.076  -58.143  -17.060 0.0000000000
20873  -40.103  -58.159  -17.324 0.0000000000
20881  -23.858  -59.032  -18.144 0.0000000000
20882  -24.452  -59.020  -17.811 0.0000000000
20883  -24.868  -59.125  -17.715 0.0000000000
20884  -28.839  -59.406  -17.146 0.0000000000
20885  -29.236  -58.845  -17.434 0.0000000000
20886  -37.995  -59.192  -17.766 0.0000000000
20887  -38.543  -59.025  -17.802 0.0000000000
20888  -39.471  -58.870  -17.859 0.0000000000
20889  -40.186  -58.896  -17.778 0.0000000000
20895  -23.637  -58.744  -18.909 0.0000000000
20896  -24.278  -58.456  -18.383 0.0000000000
20897  -25.138  -58.611  -18.057 0.0000000000
20898  -25.978  -58.595  -18.503 0.0000000000
20899  -29.825  -58.773  -18.324 0.0000000000
20900  -30.284  -58.661  -18.870 0.0000000000
20909  -23.548  -58.303  -20.010 0.0000000000
20910  -26.521  -58.632  -19.149 0.0000000000
20911  -26.941  -58.303  -19.616 0.0000000000
20912  -30.909  -58.488  -19.540 0.0000000000
20913  -31.630  -58.196  -19.811 0.0000000000
20914  -32.193  -58.062  -20.084 0.0000000000
20919  -23.371  -58.106  -21.166 0.0000000000
20920  -26.804  -58.891  -19.814 0.0000000000
20921  -27.306  -58.558  -20.278 0.0000000000
20922  -27.894  -58.335  -20.697 0.0000000000
20923  -31.352  -58.648  -20.201 0.0000000000
20924  -31.855  -58.622  -20.557 0.0000000000
20925  -32.686  -58.331  -20.654 0.0000000000
20926  -33.343  -58.334  -21.104 0.0000000000
20928  -22.168  -58.270  -21.723 0.0000000000
20929  -22.829  -58.043  -21.748 0.0000000000
20930  -27.620  -58.877  -20.963 0.0000000000
20931  -28.246  -58.812  -21.495 0.0000000000
20932  -29.087  -58.546  -21.934 0.0000000000
20933  -32.302  -58.816  -21.150 0.0000000000
20934  -32.945  -58.797  -21.516 0.0000000000
20935  -33.865  -58.739  -21.852 0.0000000000
20936  -34.756  -58.663  -22.188 0.0000000000
20937  -35.496  -58.540  -22.581 0.0000000000
20938  -36.076  -58.426  -22.885 0.0000000000
20939  -21.747  -58.904  -21.909 0.0000000000
20940  -22.069  -58.847  -22.086 0.0000000000
20941  -28.683  -59.062  -22.540 0.0000000000
20942  -29.507  -58.569  -22.756 0.0000000000
20943  -30.115  -58.328  -23.256 0.0000000000
20944  -34.281  -59.141  -22.514 0.0000000000
20945  -34.778  -59.068  -22.845 0.0000000000
20946  -35.332  -58.705  -23.144 0.0000000000
20947  -36.080  -58.307  -23.229 0.0000000000
20948  -29.047  -59.160  -23.301 0.0000000000
20949  -29.765  -58.979  -23.766 0.0000000000
20950  -30.653  -58.421  -23.861 0.0000000000
20951  -31.472  -58.288  -24.052 0.0000000000
20952  -34.648  -58.577  -23.655 0.0000000000
20953  -35.300  -58.408  -23.470 0.0000000000
20954  -35.994  -58.105  -23.458 0.0000000000
20955  -30.489  -59.245  -24.296 0.0000000000
20956  -31.305  -59.041  -24.345 0.0000000000
20957  -32.280  -58.725  -24.301 0.0000000000
20958  -33.252  -58.772  -24.296 0.0000000000
20959  -33.865  -58.727  -24.052 0.0000000000
20960  -34.264  -58.714  -23.846 0.0000000000
21888  -40.297  -57.360  -13.087 0.0000000000
21901  -40.371  -56.896  -14.486 0.0000000000
21902  -41.119  -57.669  -14.040 0.0000000000
21910  -29.593  -57.640  -14.835 0.0000000000
21911  -30.380  -57.619  -14.508 0.0000000000
21912  -31.391  -57.599  -14.516 0.0000000000
21913  -32.477  -57.661  -14.691 0.0000000000
21914  -33.632  -57.721  -14.956 0.0000000000
21915  -34.753  -57.374  -14.897 0.0000000000
21916  -35.823  -57.226  -14.827 0.0000000000
21917  -36.810  -56.999  -14.886 0.0000000000
21918  -37.324  -56.722  -15.028 0.0000000000
21919  -40.480  -56.567  -15.190 0.0000000000
21920  -40.991  -57.103  -15.389 0.0000000000
21929  -28.791  -58.308  -16.121 0.0000000000
21930  -29.057  -57.946  -15.518 0.0000000000
21931  -33.821  -58.253  -15.398 0.0000000000
21932  -34.357  -58.142  -15.500 0.0000000000
21933  -35.372  -57.970  -15.509 0.0000000000
21934  -36.499  -57.742  -15.426 0.0000000000
21935  -37.751  -57.227  -15.435 0.0000000000
21936  -39.074  -57.082  -16.150 0.0000000000
21937  -39.747  -56.732  -16.354 0.0000000000
21938  -41.156  -57.265  -16.341 0.0000000000
21946  -28.927  -58.331  -16.499 0.0000000000
21947  -29.331  -57.725  -16.620 0.0000000000
21948  -30.000  -57.026  -16.716 0.0000000000
21949  -39.276  -57.529  -16.607 0.0000000000
21950  -39.872  -57.297  -16.703 0.0000000000
21951  -40.721  -57.431  -16.875 0.0000000000
21959  -29.828  -58.044  -17.844 0.0000000000
21960  -30.221  -57.271  -17.391 0.0000000000
21969  -24.010  -57.959  -19.214 0.0000000000
21970  -24.798  -57.723  -18.757 0.0000000000
21971  -25.729  -57.671  -18.698 0.0000000000
21972  -26.302  -57.963  -18.815 0.0000000000
21973  -30.148  -58.294  -18.411 0.0000000000
21974  -30.670  -57.748  -18.585 0.0000000000
21975  -31.479  -57.341  -18.774 0.0000000000
21976  -31.976  -57.033  -18.743 0.0000000000
21983  -23.874  -57.676  -19.889 0.0000000000
21984  -24.400  -57.199  -19.763 0.0000000000
21985  -25.308  -56.921  -19.247 0.0000000000
21986  -26.731  -57.766  -19.245 0.0000000000
21987  -27.214  -57.674  -19.728 0.0000000000
21988  -30.936  -58.013  -19.132 0.0000000000
21989  -31.279  -57.853  -19.215 0.0000000000
21990  -32.173  -57.442  -19.363 0.0000000000
21991  -32.945  -57.308  -19.733 0.0000000000
21997  -23.791  -57.374  -20.675 0.0000000000
21998  -24.349  -56.734  -20.685 0.0000000000
21999  -27.685  -57.617  -20.249 0.0000000000
22000  -28.428  -57.634  -20.680 0.0000000000
22001  -29.258  -57.384  -20.929 0.0000000000
22002  -32.665  -57.747  -20.053 0.0000000000
22003  -33.396  -57.664  -20.413 0.0000000000
22004  -34.146  -57.582  -20.827 0.0000000000
22005  -34.815  -57.478  -21.134 0.0000000000
22007  -22.542  -57.251  -21.503 0.0000000000
22008  -23.239  -57.100  -21.455 0.0000000000
22009  -28.992  -58.092  -21.319 0.0000000000
22010  -29.784  -57.860  -21.696 0.0000000000
22011  -30.487  -57.586  -22.112 0.0000000000
22012  -31.002  -57.202  -22.371 0.0000000000
22013  -33.824  -58.061  -21.158 0.0000000000
22014  -34.472  -58.092  -21.489 0.0000000000
22015  -35.405  -57.958  -21.747 0.0000000000
22016  -36.286  -57.961  -22.321 0.0000000000
22017  -37.075  -57.457  -22.395 0.0000000000
22018  -30.125  -58.047  -22.595 0.0000000000
22019  -30.641  -57.715  -23.060 0.0000000000
22020  -31.370  -57.100  -23.088 0.0000000000
22021  -36.713  -57.961  -22.872 0.0000000000
22022  -37.552  -57.265  -22.851 0.0000000000
22023  -31.198  -57.792  -23.612 0.0000000000
22024  -32.087  -57.597  -23.810 0.0000000000
22025  -32.988  -57.537  -23.901 0.0000000000
22026  -33.799  -57.614  -23.812 0.0000000000
22027  -34.725  -57.920  -23.748 0.0000000000
22028  -35.753  -57.750  -23.589 0.0000000000
22029  -36.685  -57.616  -23.292 0.0000000000
22030  -37.467  -57.161  -23.237 0.0000000000
22031  -32.813  -58.160  -24.197 0.0000000000
22032  -33.479  -58.210  -24.100 0.0000000000
22033  -33.865  -58.205  -24.027 0.0000000000
22034  -34.201  -58.187  -23.997 0.0000000000
22956  -38.968  -56.017  -13.088 0.0000000000
22957  -39.557  -56.388  -13.867 0.0000000000
22965  -29.704  -57.242  -15.008 0.0000000000
22966  -30.028  -57.042  -14.866 0.0000000000
22967  -30.938  -56.645  -14.726 0.0000000000
22968  -32.023  -56.750  -14.568 0.0000000000
22969  -33.079  -56.732  -14.617 0.0000000000
22970  -34.169  -56.637  -14.617 0.0000000000
22971  -35.237  -56.498  -14.598 0.0000000000
22972  -36.246  -56.399  -14.651 0.0000000000
22973  -37.037  -56.336  -14.844 0.0000000000
22974  -39.968  -56.110  -15.070 0.0000000000
22975  -40.424  -56.416  -15.642 0.0000000000
22982  -29.611  -57.182  -15.468 0.0000000000
22983  -30.393  -56.513  -15.509 0.0000000000
22984  -30.821  -56.336  -15.211 0.0000000000
22985  -37.657  -56.276  -15.134 0.0000000000
22986  -38.557  -56.202  -15.434 0.0000000000
22987  -39.706  -56.177  -15.906 0.0000000000
22988  -40.621  -56.698  -16.286 0.0000000000
22998  -29.885  -56.838  -16.208 0.0000000000
22999  -30.706  -56.437  -16.664 0.0000000000
23000  -31.388  -55.997  -16.762 0.0000000000
23001  -40.126  -56.689  -16.433 0.0000000000
23002  -40.395  -56.978  -16.599 0.0000000000
23009  -30.961  -56.862  -17.861 0.0000000000
23010  -31.712  -56.185  -17.516 0.0000000000
23011  -32.341  -55.919  -17.850 0.0000000000
23021  -26.084  -56.878  -19.059 0.0000000000
23022  -26.343  -57.360  -19.001 0.0000000000
23023  -31.160  -57.167  -18.407 0.0000000000
23024  -31.629  -56.818  -18.329 0.0000000000
23025  -32.558  -56.429  -18.617 0.0000000000
23026  -33.323  -56.148  -18.918 0.0000000000
23034  -25.001  -56.437  -20.237 0.0000000000
23035  -25.918  -56.306  -19.785 0.0000000000
23036  -26.798  -56.841  -19.573 0.0000000000
23037  -27.350  -57.102  -19.949 0.0000000000
23038  -32.825  -56.959  -19.328 0.0000000000
23039  -33.644  -56.669  -19.619 0.0000000000
23040  -34.859  -56.348  -20.049 0.0000000000
23041  -35.517  -56.206  -20.238 0.0000000000
23046  -24.043  -56.622  -21.427 0.0000000000
23047  -24.746  -56.280  -21.243 0.0000000000
23048  -25.543  -55.875  -21.028 0.0000000000
23049  -26.563  -55.949  -20.472 0.0000000000
23050  -27.646  -56.484  -20.456 0.0000000000
23051  -28.851  -56.432  -20.647 0.0000000000
23052  -30.065  -56.701  -20.804 0.0000000000
23053  -31.116  -56.218  -20.952 0.0000000000
23054  -31.617  -55.937  -21.218 0.0000000000
23055  -33.929  -57.248  -20.300 0.0000000000
23056  -34.502  -57.025  -20.475 0.0000000000
23057  -35.619  -56.858  -20.998 0.0000000000
23058  -36.810  -56.411  -21.043 0.0000000000
23059  -37.431  -56.073  -21.071 0.0000000000
23060  -23.057  -56.361  -21.677 0.0000000000
23061  -23.734  -56.216  -21.885 0.0000000000
23062  -24.540  -56.086  -21.855 0.0000000000
23063  -25.035  -55.949  -21.604 0.0000000000
23064  -30.311  -57.325  -21.510 0.0000000000
23065  -30.811  -56.983  -21.569 0.0000000000
23066  -31.604  -56.469  -21.969 0.0000000000
23067  -36.040  -57.548  -21.699 0.0000000000
23068  -36.689  -57.230  -21.704 0.0000000000
23069  -37.873  -56.628  -21.899 0.0000000000
23070  -38.575  -56.117  -22.098 0.0000000000
23071  -32.285  -56.449  -23.096 0.0000000000
23072  -32.855  -56.060  -23.143 0.0000000000
23073  -38.245  -56.655  -22.721 0.0000000000
23074  -38.634  -56.187  -22.475 0.0000000000
23075  -32.614  -57.040  -23.611 0.0000000000
23076  -33.209  -56.631  -23.499 0.0000000000
23077  -34.276  -56.877  -23.572 0.0000000000
23078  -35.280  -57.017  -23.603 0.0000000000
23079  -36.292  -56.972  -23.578 0.0000000000
23080  -37.243  -56.808  -23.406 0.0000000000
23081  -38.056  -56.624  -23.154 0.0000000000
23082  -38.668  -56.262  -22.923 0.0000000000
24014  -38.686  -55.154  -13.717 0.0000000000
24015  -39.151  -55.709  -13.839 0.0000000000
24023  -31.729  -56.153  -14.854 0.0000000000
24024  -32.568  -55.956  -14.733 0.0000000000
24025  -33.630  -55.831  -14.702 0.0000000000
24026  -34.710  -55.717  -14.670 0.0000000000
24027  -35.761  -55.632  -14.686 0.0000000000
24028  -36.749  -55.702  -14.847 0.0000000000
24029  -37.307  -55.874  -14.991 0.0000000000
24030  -38.735  -54.813  -14.675 0.0000000000
24031  -39.244  -55.496  -14.629 0.0000000000
24039  -30.824  -56.267  -15.452 0.0000000000
24040  -31.202  -56.079  -15.323 0.0000000000
24041  -31.993  -55.635  -15.377 0.0000000000
24042  -33.086  -55.286  -15.480 0.0000000000
24043  -34.251  -55.159  -15.241 0.0000000000
24044  -35.281  -55.022  -15.161 0.0000000000
24045  -36.341  -54.949  -15.217 0.0000000000
24046  -37.607  -55.254  -15.286 0.0000000000
24047  -38.703  -55.148  -15.268 0.0000000000
24048  -39.418  -55.724  -15.303 0.0000000000
24057  -30.871  -56.155  -15.806 0.0000000000
24058  -31.409  -55.808  -16.126 0.0000000000
24059  -32.267  -55.397  -16.245 0.0000000000
24060  -33.129  -55.121  -16.596 0.0000000000
24064  -31.818  -55.724  -16.767 0.0000000000
24065  -32.450  -55.555  -17.220 0.0000000000
24066  -33.311  -55.282  -17.550 0.0000000000
24067  -33.919  -55.270  -17.977 0.0000000000
24068  -34.539  -55.244  -18.116 0.0000000000
24076  -32.741  -55.660  -17.989 0.0000000000
24077  -33.355  -55.656  -18.428 0.0000000000
24078  -34.156  -55.512  -18.601 0.0000000000
24079  -34.956  -55.403  -18.693 0.0000000000
24088  -33.772  -55.929  -18.987 0.0000000000
24089  -34.462  -55.870  -19.284 0.0000000000
24090  -35.482  -55.678  -19.580 0.0000000000
24091  -36.211  -55.417  -19.813 0.0000000000
24095  -25.660  -55.583  -21.467 0.0000000000
24096  -26.107  -55.505  -21.361 0.0000000000
24097  -27.072  -55.421  -21.180 0.0000000000
24098  -28.233  -55.124  -21.095 0.0000000000
24099  -29.409  -55.317  -20.641 0.0000000000
24100  -30.515  -55.307  -20.483 0.0000000000
24101  -31.580  -55.250  -20.701 0.0000000000
24102  -32.298  -54.924  -21.031 0.0000000000
24103  -36.107  -56.009  -20.324 0.0000000000
24104  -36.913  -55.466  -20.382 0.0000000000
24105  -37.912  -55.570  -21.107 0.0000000000
24106  -38.632  -55.333  -21.541 0.0000000000
24107  -22.927  -55.831  -21.472 0.0000000000
24108  -23.450  -55.568  -21.915 0.0000000000
24109  -24.239  -55.566  -21.936 0.0000000000
24110  -25.328  -55.429  -21.728 0.0000000000
24111  -26.427  -54.947  -21.699 0.0000000000
24112  -27.352  -54.650  -21.504 0.0000000000
24113  -27.911  -54.380  -21.417 0.0000000000
24114  -32.046  -55.629  -21.455 0.0000000000
24115  -32.635  -55.090  -21.776 0.0000000000
24116  -38.476  -55.898  -21.768 0.0000000000
24117  -39.063  -55.555  -22.110 0.0000000000
24118  -39.488  -55.177  -22.484 0.0000000000
24119  -32.308  -55.837  -22.211 0.0000000000
24120  -32.894  -55.450  -22.687 0.0000000000
24121  -33.470  -55.303  -22.921 0.0000000000
24122  -39.093  -55.738  -22.726 0.0000000000
24123  -39.395  -55.193  -22.877 0.0000000000
24124  -33.211  -55.823  -23.139 0.0000000000
24125  -33.898  -55.818  -23.241 0.0000000000
24126  -34.773  -56.122  -23.380 0.0000000000
24127  -35.726  -56.157  -23.418 0.0000000000
24128  -36.759  -56.089  -23.429 0.0000000000
24129  -37.776  -55.971  -23.420 0.0000000000
24130  -38.761  -55.679  -23.159 0.0000000000
24131  -39.227  -55.134  -23.106 0.0000000000
25095  -38.257  -54.275  -14.223 0.0000000000
25103  -38.448  -54.338  -15.066 0.0000000000
25117  -33.970  -54.914  -16.140 0.0000000000
25118  -34.896  -54.777  -15.953 0.0000000000
25119  -35.753  -54.458  -15.891 0.0000000000
25120  -36.736  -54.070  -15.819 0.0000000000
25121  -37.937  -54.351  -15.446 0.0000000000
25122  -38.302  -54.403  -15.296 0.0000000000
25133  -33.877  -55.010  -17.024 0.0000000000
25134  -34.651  -54.874  -16.858 0.0000000000
25135  -35.392  -54.568  -16.785 0.0000000000
25136  -35.970  -54.039  -16.753 0.0000000000
25143  -33.868  -55.158  -17.516 0.0000000000
25144  -34.363  -55.092  -17.540 0.0000000000
25145  -35.210  -54.920  -17.818 0.0000000000
25146  -35.754  -54.351  -17.485 0.0000000000
25154  -35.694  -55.061  -18.884 0.0000000000
25155  -35.945  -54.430  -18.356 0.0000000000
25162  -36.008  -55.241  -19.398 0.0000000000
25163  -36.474  -54.663  -19.518 0.0000000000
25164  -36.962  -54.148  -19.739 0.0000000000
25165  -23.872  -54.976  -21.599 0.0000000000
25166  -24.413  -54.497  -21.236 0.0000000000
25167  -28.976  -54.341  -20.891 0.0000000000
25168  -29.857  -54.038  -20.652 0.0000000000
25169  -31.023  -54.142  -20.353 0.0000000000
25170  -32.049  -54.163  -20.522 0.0000000000
25171  -32.655  -54.163  -21.249 0.0000000000
25172  -36.892  -54.899  -20.064 0.0000000000
25173  -37.348  -54.604  -20.273 0.0000000000
25174  -38.355  -54.667  -21.047 0.0000000000
25175  -23.992  -55.221  -21.885 0.0000000000
25176  -24.693  -54.763  -21.663 0.0000000000
25177  -25.834  -54.419  -21.647 0.0000000000
25178  -26.819  -54.125  -21.618 0.0000000000
25179  -27.642  -53.895  -21.510 0.0000000000
25180  -28.396  -53.872  -21.288 0.0000000000
25181  -29.078  -53.570  -20.935 0.0000000000
25182  -33.241  -54.307  -22.140 0.0000000000
25183  -33.743  -53.848  -22.341 0.0000000000
25184  -39.131  -54.790  -21.602 0.0000000000
25185  -39.768  -54.682  -21.977 0.0000000000
25186  -40.200  -54.222  -21.929 0.0000000000
25187  -33.412  -54.915  -22.637 0.0000000000
25188  -34.153  -54.596  -22.781 0.0000000000
25189  -35.458  -54.381  -23.010 0.0000000000
25190  -36.537  -54.379  -23.131 0.0000000000
25191  -37.164  -54.433  -23.186 0.0000000000
25192  -39.773  -54.497  -22.440 0.0000000000
25193  -40.174  -54.248  -22.160 0.0000000000
25194  -34.449  -55.457  -23.178 0.0000000000
25195  -35.092  -55.323  -23.196 0.0000000000
25196  -36.121  -55.248  -23.262 0.0000000000
25197  -37.179  -55.120  -23.340 0.0000000000
25198  -38.149  -55.114  -23.364 0.0000000000
25199  -38.903  -54.871  -23.216 0.0000000000
25200  -39.441  -54.565  -22.902 0.0000000000
26190  -43.180  -53.798  -10.861 0.0000000000
26191  -44.105  -53.956  -10.635 0.0000000000
26207  -42.374  -53.564  -11.589 0.0000000000
26208  -43.125  -53.481  -11.943 0.0000000000
26219  -41.773  -53.408  -11.980 0.0000000000
26220  -42.536  -53.471  -12.292 0.0000000000
26221  -43.065  -53.448  -12.497 0.0000000000
26245  -38.075  -53.785  -14.887 0.0000000000
26259  -36.692  -53.173  -15.926 0.0000000000
26260  -37.465  -53.510  -15.358 0.0000000000
26261  -38.175  -54.007  -15.349 0.0000000000
26269  -36.209  -53.317  -16.690 0.0000000000
26276  -36.119  -53.610  -17.753 0.0000000000
26290  -30.612  -52.700  -18.603 0.0000000000
26291  -36.342  -53.814  -18.753 0.0000000000
26300  -29.352  -53.061  -19.435 0.0000000000
26301  -30.112  -52.811  -19.296 0.0000000000
26302  -36.746  -53.667  -19.370 0.0000000000
26303  -37.285  -53.642  -19.887 0.0000000000
26306  -29.589  -53.022  -20.714 0.0000000000
26307  -30.576  -53.060  -20.427 0.0000000000
26308  -31.605  -53.113  -20.439 0.0000000000
26309  -32.481  -53.197  -20.746 0.0000000000
26310  -38.024  -53.771  -20.489 0.0000000000
26311  -39.020  -53.858  -21.184 0.0000000000
26312  -39.620  -53.392  -21.221 0.0000000000
26313  -24.843  -54.222  -21.290 0.0000000000
26314  -25.424  -53.676  -21.246 0.0000000000
26315  -26.376  -53.476  -21.392 0.0000000000
26316  -27.250  -53.286  -21.373 0.0000000000
26317  -28.042  -53.142  -21.317 0.0000000000
26318  -28.769  -53.044  -21.081 0.0000000000
26319  -33.083  -53.272  -21.403 0.0000000000
26320  -33.586  -53.249  -21.958 0.0000000000
26321  -39.545  -54.354  -21.630 0.0000000000
26322  -39.975  -53.892  -21.663 0.0000000000
26323  -40.411  -53.866  -21.942 0.0000000000
26324  -34.123  -53.287  -22.354 0.0000000000
26325  -34.941  -53.389  -22.655 0.0000000000
26326  -36.046  -53.462  -22.795 0.0000000000
26327  -37.307  -53.722  -22.950 0.0000000000
26328  -38.423  -53.490  -22.874 0.0000000000
26329  -39.258  -53.465  -22.785 0.0000000000
26330  -39.863  -53.745  -22.585 0.0000000000
26331  -40.329  -53.793  -22.189 0.0000000000
26332  -37.627  -54.542  -23.236 0.0000000000
26333  -38.265  -54.326  -23.135 0.0000000000
26334  -38.996  -54.142  -22.985 0.0000000000
26335  -39.391  -53.979  -22.800 0.0000000000
27391  -43.645  -52.794  -10.206 0.0000000000
27407  -43.539  -53.378  -10.905 0.0000000000
27408  -44.048  -53.672  -10.677 0.0000000000
27420  -43.277  -53.167  -11.857 0.0000000000
27431  -41.638  -52.960  -12.521 0.0000000000
27432  -42.735  -53.286  -12.820 0.0000000000
27433  -43.462  -53.171  -12.814 0.0000000000
27434  -44.039  -52.870  -13.407 0.0000000000
27448  -42.127  -52.817  -13.178 0.0000000000
27449  -42.992  -52.922  -13.527 0.0000000000
27450  -43.894  -53.128  -13.735 0.0000000000
27451  -44.238  -52.724  -13.857 0.0000000000
27469  -43.455  -52.760  -14.106 0.0000000000
27470  -43.987  -52.690  -14.304 0.0000000000
27471  -44.250  -52.330  -14.227 0.0000000000
27481  -36.893  -52.452  -15.351 0.0000000000
27490  -31.482  -52.212  -16.874 0.0000000000
27491  -36.479  -52.534  -16.413 0.0000000000
27501  -31.190  -52.504  -17.790 0.0000000000
27502  -31.587  -51.968  -17.654 0.0000000000
27503  -36.346  -52.657  -17.400 0.0000000000
27516  -31.162  -52.067  -18.658 0.0000000000
27517  -31.425  -52.049  -18.161 0.0000000000
27518  -36.686  -52.732  -18.726 0.0000000000
27519  -37.321  -52.197  -19.047 0.0000000000
27523  -28.744  -52.654  -20.013 0.0000000000
27524  -29.739  -52.572  -19.939 0.0000000000
27525  -30.657  -52.252  -19.454 0.0000000000
27526  -37.039  -53.122  -19.521 0.0000000000
27527  -37.778  -52.654  -19.889 0.0000000000
27528  -38.619  -52.313  -20.095 0.0000000000
27530  -26.534  -52.373  -20.479 0.0000000000
27531  -27.304  -52.328  -20.529 0.0000000000
27532  -28.152  -52.532  -20.559 0.0000000000
27533  -29.093  -52.686  -20.563 0.0000000000
27534  -30.466  -52.414  -20.207 0.0000000000
27535  -31.384  -52.247  -20.430 0.0000000000
27536  -32.133  -52.265  -20.701 0.0000000000
27537  -38.469  -53.265  -20.559 0.0000000000
27538  -39.106  -52.822  -20.634 0.0000000000
27539  -40.243  -52.976  -21.229 0.0000000000
27540  -41.081  -52.509  -21.264 0.0000000000
27541  -41.430  -52.214  -21.308 0.0000000000
27542  -25.706  -53.069  -20.744 0.0000000000
27543  -26.120  -52.909  -20.905 0.0000000000
27544  -26.867  -52.685  -21.083 0.0000000000
27545  -27.683  -52.625  -21.087 0.0000000000
27546  -28.367  -52.682  -21.018 0.0000000000
27547  -32.786  -52.327  -21.110 0.0000000000
27548  -33.351  -52.396  -21.577 0.0000000000
27549  -40.399  -53.488  -21.744 0.0000000000
27550  -40.697  -53.132  -21.805 0.0000000000
27551  -41.072  -52.432  -21.624 0.0000000000
27552  -33.871  -52.382  -22.005 0.0000000000
27553  -34.552  -52.331  -22.301 0.0000000000
27554  -35.495  -52.414  -22.454 0.0000000000
27555  -36.617  -52.569  -22.539 0.0000000000
27556  -37.750  -52.634  -22.629 0.0000000000
27557  -38.794  -52.641  -22.667 0.0000000000
27558  -39.757  -52.724  -22.543 0.0000000000
27559  -40.530  -52.927  -22.214 0.0000000000
27560  -40.866  -52.735  -21.922 0.0000000000
28546  -42.076  -51.523  -10.605 0.0000000000
28547  -42.926  -52.138  -10.190 0.0000000000
28548  -43.759  -52.106  -9.634 0.0000000000
28558  -42.184  -51.675  -11.420 0.0000000000
28559  -42.876  -52.508  -11.189 0.0000000000
28562  -42.473  -51.568  -12.196 0.0000000000
28563  -42.998  -52.494  -12.129 0.0000000000
28570  -40.749  -52.232  -12.864 0.0000000000
28571  -41.517  -52.554  -13.120 0.0000000000
28572  -42.663  -51.366  -12.608 0.0000000000
28573  -43.563  -51.975  -12.964 0.0000000000
28574  -44.105  -52.465  -13.537 0.0000000000
28588  -39.968  -51.463  -13.292 0.0000000000
28589  -41.622  -52.052  -13.843 0.0000000000
28590  -42.816  -52.535  -14.113 0.0000000000
28591  -43.780  -51.506  -13.511 0.0000000000
28592  -44.212  -51.904  -13.830 0.0000000000
28605  -41.928  -51.474  -14.578 0.0000000000
28606  -43.074  -51.897  -14.761 0.0000000000
28607  -44.068  -52.029  -14.688 0.0000000000
28608  -44.223  -51.786  -14.426 0.0000000000
28621  -43.415  -51.256  -15.445 0.0000000000
28622  -43.881  -51.387  -15.287 0.0000000000
28623  -44.158  -51.405  -14.938 0.0000000000
28634  -31.816  -51.818  -17.028 0.0000000000
28635  -32.278  -51.533  -16.887 0.0000000000
28637  -36.695  -51.786  -16.170 0.0000000000
28638  -37.247  -51.226  -15.912 0.0000000000
28648  -31.927  -51.652  -17.570 0.0000000000
28649  -32.388  -51.344  -17.795 0.0000000000
28650  -33.159  -50.982  -17.979 0.0000000000
28651  -36.532  -51.993  -16.961 0.0000000000
28652  -37.209  -51.402  -17.067 0.0000000000
28653  -37.847  -51.220  -17.765 0.0000000000
28659  -31.332  -51.763  -18.788 0.0000000000
28660  -31.645  -51.603  -18.479 0.0000000000
28661  -32.430  -51.008  -18.888 0.0000000000
28662  -33.250  -50.818  -18.884 0.0000000000
28663  -36.692  -52.019  -17.722 0.0000000000
28664  -37.303  -51.725  -18.326 0.0000000000
28665  -38.290  -51.347  -18.554 0.0000000000
28666  -39.155  -51.293  -18.995 0.0000000000
28667  -40.084  -51.280  -19.166 0.0000000000
28668  -40.964  -51.315  -19.312 0.0000000000
28671  -31.226  -51.722  -19.159 0.0000000000
28672  -31.696  -51.275  -19.571 0.0000000000
28673  -32.314  -50.827  -19.796 0.0000000000
28674  -37.781  -51.870  -19.127 0.0000000000
28675  -38.585  -51.833  -19.549 0.0000000000
28676  -39.583  -51.681  -19.739 0.0000000000
28677  -40.550  -51.673  -19.923 0.0000000000
28678  -41.557  -51.593  -19.948 0.0000000000
28679  -42.226  -51.450  -20.162 0.0000000000
28680  -42.663  -51.103  -20.134 0.0000000000
28683  -31.089  -51.777  -19.801 0.0000000000
28684  -31.560  -51.621  -20.256 0.0000000000
28685  -32.044  -51.613  -20.643 0.0000000000
28686  -39.153  -52.113  -20.144 0.0000000000
28687  -39.955  -52.190  -20.454 0.0000000000
28688  -40.948  -52.197  -20.633 0.0000000000
28689  -41.723  -51.983  -20.786 0.0000000000
28690  -42.252  -51.252  -20.663 0.0000000000
28691  -42.733  -50.847  -20.289 0.0000000000
28692  -32.516  -51.585  -21.025 0.0000000000
28693  -33.069  -51.558  -21.410 0.0000000000
28694  -33.521  -51.200  -21.707 0.0000000000
28695  -35.100  -50.881  -22.130 0.0000000000
28696  -35.510  -50.954  -22.122 0.0000000000
28697  -36.354  -51.069  -22.105 0.0000000000
28698  -40.920  -51.385  -21.787 0.0000000000
28699  -41.428  -51.624  -21.471 0.0000000000
28700  -42.111  -50.970  -21.103 0.0000000000
28701  -33.572  -51.756  -21.748 0.0000000000
28702  -34.073  -51.448  -22.021 0.0000000000
28703  -34.913  -51.266  -22.217 0.0000000000
28704  -35.993  -51.613  -22.257 0.0000000000
28705  -37.126  -51.647  -22.291 0.0000000000
28706  -38.175  -51.832  -22.397 0.0000000000
28707  -39.194  -51.811  -22.376 0.0000000000
28708  -40.441  -51.713  -22.124 0.0000000000
28709  -41.014  -52.319  -21.973 0.0000000000
29705  -41.506  -50.892  -10.332 0.0000000000
29706  -41.987  -51.028  -9.900 0.0000000000
29707  -42.938  -51.041  -9.485 0.0000000000
29719  -40.717  -50.418  -10.949 0.0000000000
29720  -41.135  -50.773  -10.832 0.0000000000
29729  -40.773  -50.475  -11.294 0.0000000000
29730  -41.480  -50.983  -11.692 0.0000000000
29735  -40.876  -50.459  -11.968 0.0000000000
29736  -41.734  -50.795  -12.525 0.0000000000
29737  -42.688  -51.121  -12.903 0.0000000000
29751  -40.266  -51.086  -13.968 0.0000000000
29752  -42.117  -50.642  -13.181 0.0000000000
29753  -43.120  -50.890  -13.468 0.0000000000
29754  -43.907  -51.165  -13.826 0.0000000000
29767  -39.593  -50.653  -14.575 0.0000000000
29768  -40.992  -50.928  -14.693 0.0000000000
29769  -42.036  -51.050  -15.048 0.0000000000
29770  -43.561  -50.640  -14.027 0.0000000000
29771  -44.153  -50.921  -14.544 0.0000000000
29785  -38.823  -50.563  -15.444 0.0000000000
29786  -40.105  -50.410  -15.566 0.0000000000
29787  -41.389  -50.516  -15.708 0.0000000000
29788  -42.686  -50.777  -15.747 0.0000000000
29789  -43.561  -50.729  -15.983 0.0000000000
29790  -44.179  -50.424  -15.805 0.0000000000
29791  -44.350  -49.667  -16.383 0.0000000000
29802  -38.064  -50.753  -16.456 0.0000000000
29803  -39.347  -50.485  -16.559 0.0000000000
29804  -40.634  -50.338  -16.658 0.0000000000
29805  -41.866  -50.304  -16.773 0.0000000000
29806  -42.900  -50.285  -16.868 0.0000000000
29807  -43.624  -50.020  -16.877 0.0000000000
29808  -44.230  -49.595  -17.014 0.0000000000
29809  -44.417  -49.411  -16.718 0.0000000000
29813  -34.030  -50.820  -18.419 0.0000000000
29817  -37.911  -50.988  -17.233 0.0000000000
29818  -38.698  -50.823  -17.637 0.0000000000
29819  -39.994  -50.584  -17.607 0.0000000000
29820  -41.206  -50.484  -17.766 0.0000000000
29821  -42.306  -50.339  -17.904 0.0000000000
29822  -43.147  -50.055  -17.924 0.0000000000
29823  -43.757  -49.657  -17.923 0.0000000000
29824  -32.957  -50.656  -19.663 0.0000000000
29825  -33.830  -50.668  -19.480 0.0000000000
29826  -34.813  -50.623  -19.195 0.0000000000
29827  -35.864  -50.369  -18.992 0.0000000000
29828  -36.941  -49.947  -18.910 0.0000000000
29829  -37.575  -49.790  -19.252 0.0000000000
29830  -38.915  -51.078  -18.394 0.0000000000
29831  -39.568  -50.948  -18.400 0.0000000000
29832  -40.616  -50.909  -18.547 0.0000000000
29833  -41.815  -50.972  -18.978 0.0000000000
29834  -42.843  -50.592  -18.883 0.0000000000
29835  -43.565  -50.086  -18.890 0.0000000000
29836  -32.134  -51.051  -20.281 0.0000000000
29837  -32.705  -50.595  -20.414 0.0000000000
29838  -33.519  -50.407  -20.408 0.0000000000
29839  -34.512  -50.523  -20.246 0.0000000000
29840  -35.597  -50.610  -20.042 0.0000000000
29841  -36.690  -50.394  -19.923 0.0000000000
29842  -37.759  -50.020  -19.904 0.0000000000
29843  -38.387  -49.859  -20.331 0.0000000000
29844  -42.110  -51.337  -19.690 0.0000000000
29845  -42.538  -51.063  -19.633 0.0000000000
29846  -43.129  -50.584  -19.795 0.0000000000
29847  -32.113  -51.303  -20.516 0.0000000000
29848  -32.510  -50.970  -20.900 0.0000000000
29849  -33.213  -50.367  -21.144 0.0000000000
29850  -34.170  -50.268  -21.172 0.0000000000
29851  -35.235  -50.556  -21.027 0.0000000000
29852  -36.375  -50.561  -20.921 0.0000000000
29853  -37.485  -50.323  -20.855 0.0000000000
29854  -38.301  -50.027  -20.787 0.0000000000
29855  -42.507  -50.536  -20.657 0.0000000000
29856  -42.914  -50.564  -20.255 0.0000000000
29857  -32.766  -51.174  -21.215 0.0000000000
29858  -33.122  -50.889  -21.403 0.0000000000
29859  -33.926  -50.701  -21.754 0.0000000000
29860  -34.882  -50.692  -21.839 0.0000000000
29861  -35.925  -50.739  -21.710 0.0000000000
29862  -37.249  -50.810  -21.810 0.0000000000
29863  -38.566  -50.333  -21.573 0.0000000000
29864  -39.719  -50.352  -21.708 0.0000000000
29865  -40.740  -50.750  -21.657 0.0000000000
29866  -41.664  -50.634  -21.310 0.0000000000
29867  -42.135  -50.566  -21.061 0.0000000000
29868  -34.324  -50.995  -22.048 0.0000000000
29869  -34.495  -50.822  -22.015 0.0000000000
29870  -37.737  -51.304  -22.189 0.0000000000
29871  -38.395  -51.122  -22.120 0.0000000000
29872  -39.425  -50.978  -22.074 0.0000000000
29873  -40.100  -50.925  -21.921 0.0000000000
30842  -40.679  -49.795  -10.398 0.0000000000
30843  -41.093  -50.158  -10.165 0.0000000000
30844  -42.085  -50.032  -9.579 0.0000000000
30856  -39.997  -49.569  -10.940 0.0000000000
30857  -40.445  -49.943  -10.780 0.0000000000
30858  -40.841  -50.299  -10.559 0.0000000000
30870  -39.898  -49.583  -11.439 0.0000000000
30871  -40.368  -50.106  -11.628 0.0000000000
30880  -40.460  -49.641  -12.586 0.0000000000
30881  -41.463  -50.269  -13.046 0.0000000000
30893  -40.856  -49.140  -13.280 0.0000000000
30894  -41.842  -49.793  -13.730 0.0000000000
30895  -42.895  -50.369  -13.990 0.0000000000
30909  -42.393  -49.199  -14.332 0.0000000000
30910  -43.143  -49.880  -14.522 0.0000000000
30911  -44.061  -49.808  -15.245 0.0000000000
30923  -44.352  -49.508  -15.962 0.0000000000
30924  -44.457  -49.225  -16.491 0.0000000000
30933  -44.444  -49.205  -17.475 0.0000000000
30934  -44.654  -49.045  -17.119 0.0000000000
30942  -44.237  -49.276  -17.963 0.0000000000
30943  -44.610  -48.816  -17.904 0.0000000000
30944  -37.076  -49.658  -18.403 0.0000000000
30945  -37.721  -49.519  -18.747 0.0000000000
30946  -38.849  -49.114  -18.684 0.0000000000
30947  -40.004  -49.142  -18.990 0.0000000000
30948  -40.584  -48.946  -19.186 0.0000000000
30949  -44.079  -49.498  -18.783 0.0000000000
30950  -44.455  -48.923  -18.682 0.0000000000
30951  -37.908  -49.718  -19.435 0.0000000000
30952  -38.603  -49.613  -19.809 0.0000000000
30953  -39.741  -49.292  -19.798 0.0000000000
30954  -40.583  -49.020  -19.743 0.0000000000
30955  -43.701  -49.509  -19.650 0.0000000000
30956  -44.254  -49.100  -19.205 0.0000000000
30957  -38.822  -49.764  -20.730 0.0000000000
30958  -39.562  -49.475  -20.699 0.0000000000
30959  -40.763  -49.085  -20.700 0.0000000000
30960  -41.851  -49.343  -20.849 0.0000000000
30961  -42.554  -49.737  -20.624 0.0000000000
30962  -43.076  -50.105  -20.268 0.0000000000
30963  -38.751  -49.946  -21.152 0.0000000000
30964  -39.264  -49.835  -21.297 0.0000000000
30965  -40.209  -49.728  -21.375 0.0000000000
30966  -41.233  -49.817  -21.288 0.0000000000
30967  -42.037  -50.066  -21.046 0.0000000000
31944  -40.208  -49.132  -10.461 0.0000000000
31945  -40.598  -49.331  -10.299 0.0000000000
31946  -41.350  -49.175  -9.870 0.0000000000
31962  -39.833  -49.104  -10.710 0.0000000000
31963  -40.262  -49.364  -10.557 0.0000000000
32005  -41.096  -48.572  -13.684 0.0000000000
32019  -41.805  -48.520  -14.268 0.0000000000
32020  -42.771  -48.618  -14.877 0.0000000000
32021  -43.480  -49.262  -15.112 0.0000000000
32032  -43.017  -48.063  -15.383 0.0000000000
32033  -43.830  -48.606  -15.749 0.0000000000
32034  -44.385  -48.963  -16.170 0.0000000000
32044  -44.100  -48.076  -16.345 0.0000000000
32045  -44.577  -48.426  -16.634 0.0000000000
32050  -39.948  -48.198  -17.543 0.0000000000
32051  -41.090  -48.086  -18.050 0.0000000000
32052  -41.653  -47.954  -18.377 0.0000000000
32053  -45.151  -48.164  -17.768 0.0000000000
32054  -45.567  -47.604  -18.291 0.0000000000
32055  -38.884  -48.811  -18.109 0.0000000000
32056  -39.482  -48.750  -18.225 0.0000000000
32057  -40.573  -48.650  -18.580 0.0000000000
32058  -41.704  -48.307  -18.895 0.0000000000
32059  -42.263  -48.266  -19.509 0.0000000000
32060  -44.900  -48.417  -18.546 0.0000000000
32061  -45.494  -47.800  -18.852 0.0000000000
32062  -41.097  -48.743  -19.410 0.0000000000
32063  -41.792  -48.516  -19.807 0.0000000000
32064  -42.619  -48.408  -20.055 0.0000000000
32065  -43.455  -48.626  -20.035 0.0000000000
32066  -44.581  -48.272  -19.406 0.0000000000
32067  -45.397  -47.536  -19.497 0.0000000000
32068  -41.224  -48.805  -20.100 0.0000000000
32069  -41.825  -48.802  -20.433 0.0000000000
32070  -42.618  -49.021  -20.502 0.0000000000
32071  -43.142  -49.416  -20.308 0.0000000000
33044  -42.054  -48.006  -14.703 0.0000000000
33056  -42.347  -47.432  -15.131 0.0000000000
33057  -43.183  -47.535  -15.714 0.0000000000
33069  -40.281  -47.048  -17.028 0.0000000000
33070  -43.738  -47.578  -16.223 0.0000000000
33071  -44.321  -47.549  -16.633 0.0000000000
33074  -40.028  -47.745  -17.178 0.0000000000
33075  -40.624  -47.464  -17.355 0.0000000000
33076  -41.787  -47.498  -18.076 0.0000000000
33077  -42.399  -47.187  -18.332 0.0000000000
33078  -44.977  -47.526  -17.134 0.0000000000
33079  -45.552  -47.269  -17.872 0.0000000000
33080  -42.004  -47.882  -18.585 0.0000000000
33081  -42.782  -47.678  -19.100 0.0000000000
33082  -43.595  -47.185  -19.453 0.0000000000
33083  -45.927  -47.098  -18.655 0.0000000000
33084  -43.284  -48.082  -19.928 0.0000000000
33085  -44.059  -47.553  -19.795 0.0000000000
33086  -45.362  -47.073  -20.017 0.0000000000
33087  -45.956  -46.958  -19.489 0.0000000000
33089  -46.049  -46.539  -20.037 0.0000000000
33994  -42.796  -46.483  -15.792 0.0000000000
33995  -43.385  -47.022  -16.059 0.0000000000
34010  -43.060  -45.969  -16.236 0.0000000000
34011  -43.778  -46.510  -16.639 0.0000000000
34012  -44.555  -47.043  -16.926 0.0000000000
34017  -40.600  -46.732  -17.129 0.0000000000
34018  -41.287  -46.697  -17.458 0.0000000000
34019  -42.111  -46.690  -17.929 0.0000000000
34020  -44.250  -45.965  -17.243 0.0000000000
34021  -44.898  -46.479  -17.474 0.0000000000
34022  -45.772  -46.339  -18.316 0.0000000000
34023  -42.772  -46.749  -18.417 0.0000000000
34024  -43.438  -46.760  -18.944 0.0000000000
34025  -46.352  -46.109  -19.142 0.0000000000
34027  -44.077  -46.684  -19.561 0.0000000000
34028  -44.786  -46.527  -20.084 0.0000000000
34952  -43.124  -45.389  -16.545 0.0000000000
34953  -43.836  -45.365  -17.092 0.0000000000
34968  -41.685  -45.858  -17.708 0.0000000000
34969  -42.476  -45.991  -18.098 0.0000000000
34970  -44.636  -45.345  -17.576 0.0000000000
34971  -45.416  -45.467  -18.120 0.0000000000
34972  -46.177  -45.351  -18.627 0.0000000000
34979  -43.132  -45.985  -18.491 0.0000000000
34980  -43.784  -45.934  -19.024 0.0000000000
34981  -46.649  -45.054  -19.283 0.0000000000
36007  -42.756  -45.531  -18.352 0.0000000000
36008  -44.170  -44.389  -17.459 0.0000000000
36009  -45.229  -44.292  -18.158 0.0000000000
36010  -45.830  -44.829  -18.412 0.0000000000
36026  -45.736  -43.631  -18.572 0.0000000000
36027  -46.289  -44.182  -18.790 0.0000000000
37061  -44.485  -43.345  -17.794 0.0000000000
37062  -45.259  -43.084  -18.400 0.0000000000
