#!ascii label  , from subject ab_data vox2ras=TkReg
718
143114  -18.353  62.438  7.058 0.0000000000
143115  -18.643  62.767  7.024 0.0000000000
143123  -18.494  62.519  6.859 0.0000000000
143133  -18.254  62.274  6.547 0.0000000000
143586  -17.950  62.885  7.381 0.0000000000
143587  -18.513  63.065  7.108 0.0000000000
143588  -18.696  62.995  6.944 0.0000000000
143594  -18.218  62.967  6.344 0.0000000000
143595  -18.492  62.814  6.706 0.0000000000
143606  -18.156  62.500  6.263 0.0000000000
144100  -17.369  63.694  7.490 0.0000000000
144101  -18.148  63.758  7.260 0.0000000000
144102  -18.497  63.624  6.925 0.0000000000
144103  -18.621  63.163  6.887 0.0000000000
144109  -17.948  63.566  6.374 0.0000000000
144110  -18.457  63.207  6.705 0.0000000000
144620  -17.626  64.669  7.316 0.0000000000
144621  -17.982  64.635  7.056 0.0000000000
144628  -17.866  64.587  6.702 0.0000000000
144641  -16.554  64.908  5.284 0.0000000000
144642  -17.263  64.549  5.894 0.0000000000
145123  -17.813  65.780  7.260 0.0000000000
145128  -17.964  65.731  6.922 0.0000000000
145140  -16.888  65.664  5.555 0.0000000000
145141  -17.521  65.648  6.306 0.0000000000
145148  -15.543  65.558  4.323 0.0000000000
145149  -16.161  65.661  4.931 0.0000000000
145159  -14.707  65.464  3.059 0.0000000000
145160  -15.077  65.474  3.696 0.0000000000
145593  -17.757  66.910  7.801 0.0000000000
145594  -18.307  67.608  7.857 0.0000000000
145604  -18.216  67.049  7.307 0.0000000000
145605  -18.407  67.782  7.613 0.0000000000
145616  -17.256  66.662  5.795 0.0000000000
145617  -17.815  66.771  6.558 0.0000000000
145625  -15.699  66.562  4.520 0.0000000000
145626  -16.495  66.626  5.131 0.0000000000
145635  -14.886  66.276  3.272 0.0000000000
145636  -15.222  66.364  3.849 0.0000000000
145641  -14.677  66.313  2.574 0.0000000000
146004  -17.834  68.619  8.516 0.0000000000
146010  -18.048  68.104  8.294 0.0000000000
146019  -18.431  68.161  7.282 0.0000000000
146020  -18.500  68.335  7.854 0.0000000000
146026  -17.666  67.712  5.977 0.0000000000
146027  -18.187  67.847  6.649 0.0000000000
146037  -16.101  67.630  4.702 0.0000000000
146038  -17.002  67.631  5.272 0.0000000000
146049  -14.994  66.847  3.473 0.0000000000
146050  -15.320  67.513  3.778 0.0000000000
146055  -14.842  67.242  2.899 0.0000000000
146056  -15.126  67.856  3.111 0.0000000000
146062  -14.711  67.111  2.044 0.0000000000
146067  -14.737  67.263  1.294 0.0000000000
146068  -15.045  67.546  0.479 0.0000000000
146075  -15.700  67.716  -0.367 0.0000000000
146076  -16.559  68.187  -0.969 0.0000000000
146080  -16.186  67.345  -1.052 0.0000000000
146081  -16.883  67.753  -1.660 0.0000000000
146094  -16.904  67.653  -2.211 0.0000000000
146397  -10.533  69.300  8.402 0.0000000000
146398  -11.288  68.782  8.461 0.0000000000
146404  -17.616  69.005  8.639 0.0000000000
146405  -18.050  68.827  8.452 0.0000000000
146413  -10.527  69.676  7.955 0.0000000000
146414  -11.023  69.379  7.700 0.0000000000
146415  -12.101  69.133  7.482 0.0000000000
146416  -13.444  68.962  7.825 0.0000000000
146417  -14.703  69.089  7.537 0.0000000000
146418  -15.771  69.304  7.381 0.0000000000
146419  -16.430  69.419  7.124 0.0000000000
146420  -18.323  68.768  8.200 0.0000000000
146428  -12.319  69.511  6.888 0.0000000000
146429  -12.909  69.343  6.829 0.0000000000
146430  -14.000  69.116  6.692 0.0000000000
146431  -15.125  69.061  6.631 0.0000000000
146432  -16.009  69.289  6.719 0.0000000000
146433  -18.505  68.946  7.442 0.0000000000
146434  -18.525  68.965  7.918 0.0000000000
146442  -18.090  68.506  6.101 0.0000000000
146443  -18.385  68.911  6.646 0.0000000000
146452  -16.760  68.427  4.816 0.0000000000
146453  -17.647  68.821  5.362 0.0000000000
146454  -18.248  69.225  5.915 0.0000000000
146462  -16.231  68.763  4.048 0.0000000000
146463  -17.099  69.211  4.584 0.0000000000
146466  -15.066  68.062  2.661 0.0000000000
146467  -15.501  68.616  3.082 0.0000000000
146474  -14.854  67.892  2.087 0.0000000000
146475  -15.346  68.667  2.136 0.0000000000
146482  -14.798  67.669  1.626 0.0000000000
146483  -15.272  68.342  1.179 0.0000000000
146484  -16.029  68.901  0.577 0.0000000000
146489  -15.648  68.316  0.279 0.0000000000
146490  -16.531  68.957  -0.224 0.0000000000
146495  -17.362  69.235  -1.259 0.0000000000
146505  -16.796  68.728  -2.427 0.0000000000
146506  -17.334  68.880  -2.060 0.0000000000
146762  -10.118  69.479  8.805 0.0000000000
146771  -10.090  70.094  8.300 0.0000000000
146775  -17.220  69.423  8.464 0.0000000000
146776  -17.922  69.223  8.384 0.0000000000
146777  -18.193  69.038  8.337 0.0000000000
146786  -10.687  70.219  7.572 0.0000000000
146787  -11.495  70.166  6.956 0.0000000000
146788  -12.014  69.668  6.899 0.0000000000
146791  -15.441  69.594  8.290 0.0000000000
146792  -16.777  69.673  7.797 0.0000000000
146793  -17.840  69.542  8.002 0.0000000000
146794  -18.268  69.195  8.147 0.0000000000
146800  -11.875  70.820  6.614 0.0000000000
146801  -12.319  70.254  6.485 0.0000000000
146802  -13.435  70.134  5.982 0.0000000000
146803  -14.610  69.546  5.916 0.0000000000
146804  -15.728  69.463  6.037 0.0000000000
146805  -16.907  69.622  6.473 0.0000000000
146806  -17.981  69.608  6.996 0.0000000000
146807  -18.307  69.309  7.743 0.0000000000
146812  -13.725  70.808  5.639 0.0000000000
146813  -14.308  70.505  5.509 0.0000000000
146814  -15.351  70.109  5.388 0.0000000000
146815  -16.358  69.960  5.615 0.0000000000
146816  -18.272  69.742  6.070 0.0000000000
146820  -17.840  69.711  4.673 0.0000000000
146821  -18.406  69.977  5.269 0.0000000000
146824  -16.357  69.457  3.187 0.0000000000
146825  -17.408  69.993  3.724 0.0000000000
146826  -18.331  70.485  4.392 0.0000000000
146828  -7.240  70.443  2.024 0.0000000000
146829  -13.821  69.930  1.924 0.0000000000
146830  -14.543  70.419  1.868 0.0000000000
146831  -15.076  70.746  1.776 0.0000000000
146832  -16.081  69.450  2.385 0.0000000000
146833  -16.915  70.245  2.693 0.0000000000
146836  -13.398  69.728  1.275 0.0000000000
146837  -14.290  69.974  1.271 0.0000000000
146838  -15.047  70.529  1.290 0.0000000000
146839  -15.977  69.297  1.513 0.0000000000
146840  -16.647  70.246  1.769 0.0000000000
146848  -13.180  69.802  0.485 0.0000000000
146849  -13.962  69.842  0.580 0.0000000000
146850  -14.789  70.355  0.587 0.0000000000
146851  -15.991  69.094  0.989 0.0000000000
146852  -16.713  69.859  0.750 0.0000000000
146859  -13.099  69.994  -0.012 0.0000000000
146860  -13.636  70.029  -0.050 0.0000000000
146861  -14.391  70.211  0.035 0.0000000000
146862  -17.777  70.441  -0.304 0.0000000000
146863  -18.571  71.296  -0.391 0.0000000000
146867  -18.142  70.308  -1.201 0.0000000000
146868  -18.653  70.997  -0.852 0.0000000000
146875  -15.033  69.795  -2.496 0.0000000000
146876  -16.326  69.851  -2.611 0.0000000000
146877  -17.370  69.936  -2.421 0.0000000000
146878  -18.160  70.083  -1.969 0.0000000000
146879  -18.530  70.778  -1.474 0.0000000000
147082  -9.942  71.154  8.481 0.0000000000
147083  -10.500  71.177  7.854 0.0000000000
147091  -11.148  71.273  7.286 0.0000000000
147092  -11.715  71.489  6.834 0.0000000000
147095  -12.232  71.590  6.556 0.0000000000
147096  -12.869  71.560  6.204 0.0000000000
147097  -13.393  71.210  5.793 0.0000000000
147098  -17.736  69.902  6.275 0.0000000000
147099  -18.069  70.052  6.111 0.0000000000
147105  -7.280  71.095  4.935 0.0000000000
147106  -7.787  70.947  5.025 0.0000000000
147107  -8.732  70.828  5.126 0.0000000000
147108  -9.622  70.883  5.147 0.0000000000
147109  -13.386  72.096  6.050 0.0000000000
147110  -13.979  71.669  5.626 0.0000000000
147111  -15.084  71.373  5.227 0.0000000000
147112  -16.205  70.766  5.086 0.0000000000
147113  -17.473  70.382  5.532 0.0000000000
147114  -18.269  70.477  5.469 0.0000000000
147118  -6.037  71.018  4.093 0.0000000000
147119  -7.067  71.068  4.342 0.0000000000
147120  -8.094  70.917  4.353 0.0000000000
147121  -9.081  70.828  4.425 0.0000000000
147122  -10.142  70.867  4.535 0.0000000000
147123  -10.913  70.993  4.302 0.0000000000
147124  -15.980  71.744  4.935 0.0000000000
147125  -16.989  71.626  4.970 0.0000000000
147126  -18.111  71.531  5.164 0.0000000000
147127  -18.800  71.365  4.737 0.0000000000
147128  -19.320  71.908  4.051 0.0000000000
147130  -6.377  70.583  3.443 0.0000000000
147131  -7.392  71.103  3.403 0.0000000000
147132  -8.493  71.118  3.687 0.0000000000
147133  -9.418  71.033  3.725 0.0000000000
147134  -10.305  70.950  3.523 0.0000000000
147135  -11.367  70.887  3.659 0.0000000000
147136  -12.329  70.825  3.349 0.0000000000
147137  -13.340  71.014  3.229 0.0000000000
147138  -14.212  71.411  3.034 0.0000000000
147139  -17.583  70.797  3.024 0.0000000000
147140  -18.520  71.477  3.518 0.0000000000
147141  -19.230  71.982  3.672 0.0000000000
147142  -6.761  70.463  2.860 0.0000000000
147143  -7.244  70.816  2.524 0.0000000000
147144  -10.720  70.953  2.716 0.0000000000
147145  -11.575  70.555  2.594 0.0000000000
147146  -12.764  70.047  2.289 0.0000000000
147147  -13.968  70.552  2.509 0.0000000000
147148  -15.027  71.219  2.323 0.0000000000
147149  -16.282  71.374  2.188 0.0000000000
147150  -17.430  71.294  2.263 0.0000000000
147151  -18.339  71.969  2.746 0.0000000000
147152  -7.496  70.991  1.832 0.0000000000
147153  -10.973  70.921  2.002 0.0000000000
147154  -11.590  70.495  1.431 0.0000000000
147155  -12.485  69.869  0.968 0.0000000000
147156  -15.707  70.905  1.627 0.0000000000
147157  -16.677  71.073  1.431 0.0000000000
147158  -17.036  70.762  1.229 0.0000000000
147161  -11.914  70.415  0.136 0.0000000000
147162  -12.685  70.029  0.190 0.0000000000
147163  -15.972  70.822  0.693 0.0000000000
147164  -17.196  71.199  0.696 0.0000000000
147165  -17.631  70.803  0.628 0.0000000000
147171  -12.103  70.852  -0.930 0.0000000000
147172  -13.041  70.405  -0.571 0.0000000000
147173  -14.245  70.574  -0.550 0.0000000000
147174  -15.324  70.770  -0.236 0.0000000000
147175  -16.679  71.492  -0.360 0.0000000000
147176  -18.090  71.656  -0.011 0.0000000000
147177  -19.076  71.887  -0.738 0.0000000000
147178  -19.148  72.123  -1.273 0.0000000000
147181  -12.296  71.312  -1.397 0.0000000000
147182  -12.935  71.190  -1.353 0.0000000000
147183  -13.987  71.217  -1.211 0.0000000000
147184  -15.079  71.482  -0.863 0.0000000000
147185  -15.836  71.517  -0.664 0.0000000000
147186  -18.827  71.401  -1.346 0.0000000000
147187  -19.071  71.847  -1.421 0.0000000000
147190  -13.598  70.437  -2.759 0.0000000000
147191  -14.425  70.940  -2.725 0.0000000000
147192  -15.722  71.014  -2.608 0.0000000000
147193  -17.052  71.112  -2.716 0.0000000000
147194  -18.032  71.065  -2.442 0.0000000000
147195  -18.544  71.235  -1.855 0.0000000000
147196  -18.813  71.592  -1.614 0.0000000000
147200  -13.030  70.780  -3.125 0.0000000000
147201  -13.723  71.033  -2.908 0.0000000000
147376  -10.483  72.213  8.230 0.0000000000
147383  -11.091  72.314  7.618 0.0000000000
147384  -11.685  72.483  7.199 0.0000000000
147388  -7.016  71.859  6.256 0.0000000000
147389  -8.037  71.836  6.348 0.0000000000
147390  -9.196  72.015  6.318 0.0000000000
147391  -10.216  72.274  6.065 0.0000000000
147392  -10.729  72.447  5.792 0.0000000000
147393  -12.158  72.719  6.840 0.0000000000
147394  -12.611  72.790  6.597 0.0000000000
147401  -6.152  71.767  5.547 0.0000000000
147402  -7.255  71.326  5.478 0.0000000000
147403  -8.402  71.271  5.737 0.0000000000
147404  -9.460  71.380  5.716 0.0000000000
147405  -10.493  71.593  5.490 0.0000000000
147406  -11.232  72.056  5.281 0.0000000000
147407  -13.084  72.967  6.347 0.0000000000
147408  -13.680  73.098  6.073 0.0000000000
147409  -14.654  72.821  5.534 0.0000000000
147410  -15.451  73.141  5.284 0.0000000000
147413  -6.510  71.308  4.807 0.0000000000
147414  -7.020  71.170  4.889 0.0000000000
147415  -10.929  71.366  4.910 0.0000000000
147416  -11.650  71.837  4.686 0.0000000000
147417  -12.465  72.355  4.556 0.0000000000
147418  -13.165  72.755  4.348 0.0000000000
147419  -15.470  72.355  5.196 0.0000000000
147420  -16.329  72.777  5.051 0.0000000000
147421  -17.552  72.629  4.880 0.0000000000
147422  -18.707  72.506  4.937 0.0000000000
147423  -19.364  72.425  4.450 0.0000000000
147424  -7.570  71.247  2.864 0.0000000000
147425  -8.085  71.427  3.019 0.0000000000
147426  -8.910  71.476  3.098 0.0000000000
147427  -9.611  71.336  3.113 0.0000000000
147428  -12.136  71.435  4.087 0.0000000000
147429  -12.876  71.719  3.928 0.0000000000
147430  -13.830  72.246  3.730 0.0000000000
147431  -14.869  72.317  3.178 0.0000000000
147432  -15.993  72.768  3.155 0.0000000000
147433  -17.026  72.840  3.213 0.0000000000
147434  -19.120  72.109  3.491 0.0000000000
147435  -19.402  72.514  3.830 0.0000000000
147436  -7.746  71.448  2.425 0.0000000000
147437  -8.525  71.918  2.418 0.0000000000
147438  -9.367  71.869  2.523 0.0000000000
147439  -10.032  71.463  2.661 0.0000000000
147440  -15.797  71.932  2.705 0.0000000000
147441  -16.789  72.138  2.639 0.0000000000
147442  -17.910  72.482  2.836 0.0000000000
147443  -18.836  72.489  3.236 0.0000000000
147444  -19.243  72.988  3.610 0.0000000000
147445  -7.846  71.970  1.716 0.0000000000
147446  -8.497  72.633  1.936 0.0000000000
147447  -9.804  72.059  2.182 0.0000000000
147448  -10.358  71.707  1.908 0.0000000000
147449  -10.879  71.225  1.409 0.0000000000
147450  -7.572  72.231  0.862 0.0000000000
147451  -10.593  71.880  1.110 0.0000000000
147452  -11.058  71.177  0.632 0.0000000000
147457  -10.159  72.257  -0.121 0.0000000000
147458  -10.446  72.005  0.133 0.0000000000
147459  -11.209  71.158  -0.442 0.0000000000
147460  -16.817  72.041  -0.840 0.0000000000
147461  -17.386  72.245  -0.833 0.0000000000
147462  -18.380  72.475  -0.952 0.0000000000
147463  -18.932  72.373  -1.251 0.0000000000
147466  -10.152  72.121  -0.478 0.0000000000
147467  -10.590  71.659  -1.042 0.0000000000
147468  -11.628  71.454  -1.423 0.0000000000
147469  -12.635  71.891  -1.807 0.0000000000
147470  -13.688  72.076  -1.568 0.0000000000
147471  -14.819  72.347  -1.351 0.0000000000
147472  -16.250  72.355  -1.274 0.0000000000
147473  -17.551  72.861  -1.641 0.0000000000
147474  -18.451  72.476  -1.720 0.0000000000
147475  -18.913  72.132  -1.639 0.0000000000
147478  -11.036  71.794  -1.831 0.0000000000
147479  -11.832  72.120  -2.231 0.0000000000
147480  -12.692  72.675  -2.332 0.0000000000
147481  -14.538  71.581  -3.014 0.0000000000
147482  -15.142  71.877  -2.950 0.0000000000
147483  -16.341  72.517  -2.456 0.0000000000
147484  -17.774  72.073  -2.305 0.0000000000
147485  -18.514  71.849  -2.056 0.0000000000
147486  -18.809  71.780  -1.764 0.0000000000
147488  -12.090  71.418  -3.890 0.0000000000
147489  -12.658  71.793  -3.738 0.0000000000
147490  -14.093  71.977  -3.310 0.0000000000
147491  -15.429  72.960  -3.340 0.0000000000
147492  -16.087  73.461  -3.103 0.0000000000
147502  -11.649  71.744  -4.306 0.0000000000
147503  -12.590  72.755  -4.323 0.0000000000
147622  -11.005  73.410  7.820 0.0000000000
147629  -9.463  73.689  6.935 0.0000000000
147630  -11.642  73.480  7.343 0.0000000000
147631  -11.997  73.651  7.048 0.0000000000
147639  -7.594  72.522  6.850 0.0000000000
147640  -8.817  72.729  6.800 0.0000000000
147641  -10.041  73.214  6.510 0.0000000000
147642  -11.026  73.431  5.945 0.0000000000
147643  -12.179  73.852  6.428 0.0000000000
147644  -12.725  73.613  6.484 0.0000000000
147651  -11.085  72.552  5.612 0.0000000000
147652  -11.867  73.190  5.497 0.0000000000
147653  -12.850  74.336  6.100 0.0000000000
147654  -14.142  74.151  5.880 0.0000000000
147655  -15.022  73.844  5.383 0.0000000000
147656  -15.859  73.795  5.216 0.0000000000
147657  -12.169  72.815  4.953 0.0000000000
147658  -12.832  73.687  5.091 0.0000000000
147659  -13.935  73.717  4.340 0.0000000000
147660  -14.649  74.053  4.402 0.0000000000
147661  -16.834  73.677  5.044 0.0000000000
147662  -17.833  73.261  4.484 0.0000000000
147663  -19.164  73.073  4.423 0.0000000000
147664  -19.530  72.885  4.259 0.0000000000
147665  -14.395  72.992  3.742 0.0000000000
147666  -15.089  73.548  3.858 0.0000000000
147667  -16.443  73.578  3.730 0.0000000000
147668  -17.843  73.250  3.694 0.0000000000
147669  -18.859  73.374  4.001 0.0000000000
147670  -19.416  73.185  4.003 0.0000000000
147671  -9.097  72.559  2.182 0.0000000000
147672  -9.494  72.341  2.146 0.0000000000
147673  -18.422  72.856  3.293 0.0000000000
147674  -18.824  73.112  3.570 0.0000000000
147675  -19.174  73.214  3.791 0.0000000000
147676  -7.985  73.260  1.392 0.0000000000
147677  -8.813  73.325  1.824 0.0000000000
147678  -9.616  72.801  1.651 0.0000000000
147679  -10.204  72.251  1.430 0.0000000000
147681  -7.274  72.978  0.533 0.0000000000
147682  -9.739  73.005  0.823 0.0000000000
147683  -10.187  72.489  0.982 0.0000000000
147687  -9.182  73.120  -0.558 0.0000000000
147688  -9.847  72.593  -0.049 0.0000000000
147689  -10.058  72.538  0.504 0.0000000000
147691  -8.918  72.829  -1.725 0.0000000000
147692  -9.835  72.247  -1.364 0.0000000000
147693  -10.520  71.926  -1.722 0.0000000000
147694  -13.474  72.830  -1.977 0.0000000000
147695  -14.406  73.070  -1.677 0.0000000000
147696  -15.486  73.482  -1.663 0.0000000000
147697  -16.286  73.471  -1.900 0.0000000000
147699  -8.890  72.938  -2.410 0.0000000000
147700  -9.571  72.752  -2.720 0.0000000000
147701  -10.852  72.339  -2.566 0.0000000000
147702  -12.202  73.200  -2.970 0.0000000000
147703  -13.327  73.530  -2.543 0.0000000000
147704  -14.248  73.653  -2.148 0.0000000000
147705  -14.831  73.715  -1.800 0.0000000000
147706  -16.307  73.671  -2.674 0.0000000000
147709  -9.895  73.234  -3.483 0.0000000000
147710  -10.612  73.082  -3.408 0.0000000000
147711  -11.360  73.030  -3.290 0.0000000000
147712  -13.488  72.977  -4.096 0.0000000000
147713  -14.473  73.754  -3.885 0.0000000000
147714  -15.645  73.844  -3.374 0.0000000000
147715  -16.112  73.841  -3.097 0.0000000000
147723  -10.225  72.329  -5.244 0.0000000000
147724  -11.086  72.666  -5.004 0.0000000000
147725  -12.066  73.485  -4.945 0.0000000000
147726  -13.117  73.698  -4.589 0.0000000000
147727  -13.749  73.787  -4.345 0.0000000000
147731  -9.754  72.980  -5.695 0.0000000000
147732  -10.694  73.311  -5.463 0.0000000000
147733  -11.351  73.459  -5.288 0.0000000000
147823  -10.522  74.464  6.808 0.0000000000
147824  -11.453  74.593  7.188 0.0000000000
147825  -11.932  74.121  7.100 0.0000000000
147831  -10.773  73.956  6.355 0.0000000000
147832  -11.412  74.328  6.463 0.0000000000
147833  -12.079  74.385  6.823 0.0000000000
147834  -12.979  75.100  5.536 0.0000000000
147835  -13.741  74.934  5.530 0.0000000000
147836  -14.773  74.444  5.305 0.0000000000
147837  -15.404  74.220  5.205 0.0000000000
147838  -12.861  74.720  5.406 0.0000000000
147839  -13.318  74.829  5.023 0.0000000000
147840  -14.622  74.660  4.807 0.0000000000
147841  -15.899  74.247  4.990 0.0000000000
147842  -16.915  73.970  4.831 0.0000000000
147843  -14.992  74.119  4.440 0.0000000000
147844  -15.658  74.100  4.434 0.0000000000
147845  -16.838  73.937  4.426 0.0000000000
147846  -7.714  74.337  1.526 0.0000000000
147847  -8.303  74.213  1.632 0.0000000000
147848  -8.995  74.026  1.604 0.0000000000
147850  -6.159  74.352  0.651 0.0000000000
147851  -7.158  74.086  1.051 0.0000000000
147852  -9.226  74.275  0.803 0.0000000000
147853  -9.422  73.915  1.182 0.0000000000
147857  -8.109  74.307  -0.473 0.0000000000
147858  -8.849  74.153  0.067 0.0000000000
147859  -9.432  73.577  0.420 0.0000000000
147862  -7.679  74.084  -1.328 0.0000000000
147863  -8.405  73.534  -1.004 0.0000000000
147864  -15.733  73.983  -1.896 0.0000000000
147865  -15.962  73.838  -1.845 0.0000000000
147868  -7.448  74.243  -2.389 0.0000000000
147869  -8.276  73.389  -2.362 0.0000000000
147870  -8.924  73.081  -2.795 0.0000000000
147871  -12.439  74.128  -3.328 0.0000000000
147872  -13.125  74.250  -3.127 0.0000000000
147873  -14.136  74.356  -2.743 0.0000000000
147874  -15.216  74.162  -2.233 0.0000000000
147875  -16.058  74.035  -2.164 0.0000000000
147879  -7.411  74.571  -2.968 0.0000000000
147880  -7.965  74.151  -3.393 0.0000000000
147881  -9.100  73.526  -3.524 0.0000000000
147882  -10.373  73.959  -3.875 0.0000000000
147883  -11.626  74.044  -3.609 0.0000000000
147884  -12.679  74.777  -3.602 0.0000000000
147885  -13.712  74.671  -3.686 0.0000000000
147886  -14.978  74.436  -3.207 0.0000000000
147887  -15.888  74.170  -2.868 0.0000000000
147894  -8.789  74.375  -4.013 0.0000000000
147895  -9.677  74.467  -4.174 0.0000000000
147896  -10.502  74.802  -4.203 0.0000000000
147897  -12.173  74.482  -5.159 0.0000000000
147898  -12.773  74.484  -4.838 0.0000000000
147899  -13.524  74.470  -4.375 0.0000000000
147903  -8.866  73.312  -6.278 0.0000000000
147904  -9.263  73.669  -6.184 0.0000000000
147905  -10.244  74.040  -5.871 0.0000000000
147906  -11.402  74.359  -5.479 0.0000000000
147911  -7.149  74.013  -7.166 0.0000000000
147912  -7.499  73.715  -6.996 0.0000000000
147913  -8.485  73.551  -6.493 0.0000000000
147914  -9.059  74.219  -6.333 0.0000000000
147917  -6.907  73.675  -7.546 0.0000000000
147920  -6.543  73.512  -8.556 0.0000000000
147922  -6.630  73.568  -9.695 0.0000000000
147925  -7.179  73.755  -10.785 0.0000000000
147930  -7.596  74.075  -11.643 0.0000000000
147944  -3.863  74.762  -13.678 0.0000000000
147983  -10.846  75.013  7.133 0.0000000000
147984  -7.208  75.091  1.569 0.0000000000
147985  -7.589  74.952  1.639 0.0000000000
147986  -8.382  74.793  1.492 0.0000000000
147987  -8.965  74.436  1.303 0.0000000000
147988  -4.729  75.360  0.628 0.0000000000
147989  -5.278  75.104  0.771 0.0000000000
147990  -6.719  75.109  1.390 0.0000000000
147991  -7.326  74.703  1.495 0.0000000000
147992  -8.732  74.791  0.960 0.0000000000
147993  -9.135  74.416  1.112 0.0000000000
147996  -7.034  75.274  -0.349 0.0000000000
147997  -7.402  74.890  -0.423 0.0000000000
147998  -8.167  74.853  0.311 0.0000000000
148001  -6.825  75.231  -0.776 0.0000000000
148002  -7.056  74.720  -1.513 0.0000000000
148006  -6.626  75.297  -1.619 0.0000000000
148007  -6.921  74.969  -2.525 0.0000000000
148013  -7.434  74.887  -3.416 0.0000000000
148014  -8.228  74.823  -4.057 0.0000000000
148015  -11.132  74.813  -3.971 0.0000000000
148016  -11.963  75.240  -3.976 0.0000000000
148017  -12.919  75.192  -4.153 0.0000000000
148018  -13.331  74.875  -4.252 0.0000000000
148024  -5.977  75.059  -4.756 0.0000000000
148025  -6.303  74.970  -4.838 0.0000000000
148026  -9.159  74.975  -4.417 0.0000000000
148027  -10.101  75.141  -4.571 0.0000000000
148028  -11.110  75.259  -4.516 0.0000000000
148029  -12.057  75.194  -4.891 0.0000000000
148030  -13.075  74.915  -4.490 0.0000000000
148031  -13.333  74.766  -4.444 0.0000000000
148034  -0.293  74.518  -5.313 0.0000000000
148035  -5.892  74.914  -5.105 0.0000000000
148036  -6.744  74.698  -5.496 0.0000000000
148037  -7.686  74.707  -5.955 0.0000000000
148038  -8.552  74.927  -6.125 0.0000000000
148039  -9.479  74.715  -6.166 0.0000000000
148040  -10.658  74.963  -5.830 0.0000000000
148041  -11.322  75.173  -5.344 0.0000000000
148042  -1.144  74.625  -5.852 0.0000000000
148043  -2.148  74.764  -6.536 0.0000000000
148045  -5.766  74.783  -6.050 0.0000000000
148046  -6.864  74.380  -6.783 0.0000000000
148047  -8.008  74.334  -6.479 0.0000000000
148048  -8.819  74.425  -6.343 0.0000000000
148049  -9.147  74.497  -6.295 0.0000000000
148050  -2.796  75.230  -7.208 0.0000000000
148053  -5.628  74.926  -7.220 0.0000000000
148054  -6.249  74.338  -7.905 0.0000000000
148057  -5.520  75.156  -8.363 0.0000000000
148058  -6.073  74.352  -9.030 0.0000000000
148059  -3.842  75.188  -9.282 0.0000000000
148061  -5.629  75.272  -9.510 0.0000000000
148062  -6.324  74.487  -10.165 0.0000000000
148063  -3.424  74.349  -11.378 0.0000000000
148064  -3.802  74.836  -10.714 0.0000000000
148065  -5.961  75.309  -10.502 0.0000000000
148066  -6.793  74.863  -11.209 0.0000000000
148068  -2.758  75.010  -12.109 0.0000000000
148069  -7.437  75.061  -11.991 0.0000000000
148071  -2.139  75.182  -12.728 0.0000000000
148072  -2.502  75.627  -12.491 0.0000000000
148073  -4.726  75.027  -13.381 0.0000000000
148074  -6.137  75.132  -13.050 0.0000000000
148075  -7.111  75.438  -12.600 0.0000000000
148078  -3.275  75.035  -14.003 0.0000000000
148079  -3.855  75.244  -13.673 0.0000000000
148082  -7.262  75.261  1.486 0.0000000000
148083  -7.673  75.283  1.440 0.0000000000
148084  -8.173  75.221  1.228 0.0000000000
148085  -3.840  76.333  0.516 0.0000000000
148086  -4.343  75.827  0.758 0.0000000000
148087  -5.462  75.901  1.155 0.0000000000
148088  -6.818  75.637  1.218 0.0000000000
148089  -7.646  75.489  0.962 0.0000000000
148090  -8.143  75.218  0.795 0.0000000000
148091  -3.456  76.364  0.251 0.0000000000
148092  -3.765  75.659  -0.120 0.0000000000
148093  -5.869  76.227  0.630 0.0000000000
148094  -6.824  75.566  0.147 0.0000000000
148095  -7.729  75.226  0.450 0.0000000000
148096  -8.048  75.156  0.560 0.0000000000
148097  -1.961  76.779  -0.794 0.0000000000
148098  -2.672  76.359  -0.584 0.0000000000
148100  -5.984  76.165  -0.185 0.0000000000
148101  -6.267  75.802  -0.954 0.0000000000
148102  -0.881  76.779  -1.975 0.0000000000
148103  -1.628  76.555  -1.561 0.0000000000
148106  -6.375  75.841  -2.211 0.0000000000
148107  -6.881  75.421  -3.151 0.0000000000
148108  -0.274  75.502  -3.551 0.0000000000
148109  -0.726  76.065  -2.613 0.0000000000
148112  -4.189  76.516  -3.589 0.0000000000
148113  -4.931  76.296  -3.520 0.0000000000
148114  -6.242  75.895  -3.334 0.0000000000
148115  -7.564  75.166  -4.015 0.0000000000
148116  -8.599  75.110  -4.540 0.0000000000
148117  -0.259  75.381  -4.407 0.0000000000
148118  -0.754  75.970  -4.806 0.0000000000
148119  -3.363  76.451  -5.143 0.0000000000
148120  -4.192  76.128  -4.414 0.0000000000
148121  -5.705  75.393  -4.429 0.0000000000
148122  -7.132  75.064  -4.635 0.0000000000
148123  -8.392  75.273  -4.847 0.0000000000
148124  -9.442  75.490  -4.889 0.0000000000
148125  -10.510  75.518  -4.976 0.0000000000
148126  -11.267  75.452  -5.018 0.0000000000
148127  -11.481  75.326  -5.107 0.0000000000
148128  -0.235  74.973  -4.929 0.0000000000
148129  -0.852  75.492  -5.338 0.0000000000
148130  -3.238  76.550  -6.131 0.0000000000
148131  -4.000  75.951  -5.745 0.0000000000
148132  -5.022  75.341  -5.346 0.0000000000
148133  -7.477  74.869  -5.359 0.0000000000
148134  -8.110  75.093  -5.431 0.0000000000
148135  -9.034  75.368  -5.578 0.0000000000
148136  -10.049  75.414  -5.551 0.0000000000
148137  -10.886  75.358  -5.349 0.0000000000
148138  -11.254  75.362  -5.198 0.0000000000
148139  -1.651  75.701  -6.189 0.0000000000
148140  -2.375  75.988  -7.028 0.0000000000
148141  -3.257  76.873  -6.715 0.0000000000
148142  -3.831  76.482  -6.948 0.0000000000
148143  -4.786  75.461  -6.499 0.0000000000
148144  -2.815  76.003  -8.071 0.0000000000
148145  -3.406  75.490  -8.263 0.0000000000
148146  -4.237  76.799  -8.055 0.0000000000
148147  -4.757  75.809  -7.674 0.0000000000
148148  -2.817  76.448  -8.722 0.0000000000
148149  -3.248  75.988  -8.951 0.0000000000
148150  -4.418  76.940  -8.622 0.0000000000
148151  -4.830  76.264  -8.849 0.0000000000
148152  -3.616  75.812  -10.088 0.0000000000
148153  -3.824  75.206  -10.322 0.0000000000
148154  -5.308  76.143  -10.057 0.0000000000
148155  -3.470  75.717  -11.324 0.0000000000
148156  -3.703  75.438  -10.608 0.0000000000
148157  -6.020  75.932  -11.268 0.0000000000
148158  -6.974  75.486  -11.692 0.0000000000
148159  -2.764  76.262  -12.702 0.0000000000
148160  -2.801  76.015  -12.263 0.0000000000
148161  -6.147  76.264  -12.049 0.0000000000
148162  -7.001  75.845  -12.028 0.0000000000
148163  -2.118  75.198  -13.797 0.0000000000
148164  -2.366  75.733  -13.234 0.0000000000
148165  -2.475  75.874  -12.705 0.0000000000
148166  -4.893  75.897  -13.011 0.0000000000
148167  -6.099  75.862  -12.571 0.0000000000
148168  -6.734  75.929  -12.373 0.0000000000
148170  -2.685  75.464  -13.786 0.0000000000
148171  -3.443  75.642  -13.674 0.0000000000
148172  -4.127  75.626  -13.474 0.0000000000
148173  -3.550  76.644  0.379 0.0000000000
148174  -4.146  76.412  0.577 0.0000000000
148175  -4.647  76.209  0.943 0.0000000000
148176  -2.781  76.939  0.216 0.0000000000
148177  -3.781  76.987  0.250 0.0000000000
148178  -4.812  76.464  0.684 0.0000000000
148179  -1.778  77.031  -0.928 0.0000000000
148180  -2.183  76.888  -0.426 0.0000000000
148181  -4.056  77.245  -0.708 0.0000000000
148182  -5.147  76.663  -0.295 0.0000000000
148183  -5.793  76.279  -0.690 0.0000000000
148184  -0.879  76.830  -2.492 0.0000000000
148185  -1.541  77.211  -1.804 0.0000000000
148186  -2.910  77.355  -1.920 0.0000000000
148187  -4.076  77.299  -1.778 0.0000000000
148188  -4.997  76.833  -1.494 0.0000000000
148189  -5.745  76.350  -1.331 0.0000000000
148190  -0.443  76.048  -4.038 0.0000000000
148191  -0.787  76.468  -3.462 0.0000000000
148192  -1.587  77.030  -3.162 0.0000000000
148193  -2.686  77.100  -2.904 0.0000000000
148194  -3.964  76.971  -2.870 0.0000000000
148195  -5.064  76.729  -2.563 0.0000000000
148196  -5.761  76.446  -2.224 0.0000000000
148197  -0.571  75.995  -4.414 0.0000000000
148198  -1.015  76.365  -4.534 0.0000000000
148199  -1.694  76.737  -4.329 0.0000000000
148200  -2.788  76.780  -4.123 0.0000000000
148201  -3.578  76.722  -3.587 0.0000000000
148202  -1.346  76.268  -5.431 0.0000000000
148203  -1.872  76.654  -5.517 0.0000000000
148204  -2.565  76.719  -5.333 0.0000000000
148205  -1.483  76.115  -5.884 0.0000000000
148206  -2.169  76.715  -6.708 0.0000000000
148207  -2.743  77.093  -6.778 0.0000000000
148208  -3.281  77.055  -7.012 0.0000000000
148209  -2.376  76.842  -7.862 0.0000000000
148210  -2.978  77.536  -7.465 0.0000000000
148211  -3.370  77.332  -7.623 0.0000000000
148212  -2.554  76.911  -8.788 0.0000000000
148213  -2.804  76.626  -9.031 0.0000000000
148214  -4.018  77.414  -8.709 0.0000000000
148215  -4.496  76.979  -8.908 0.0000000000
148216  -2.696  77.240  -9.126 0.0000000000
148217  -2.956  76.879  -9.564 0.0000000000
148218  -4.157  77.570  -9.790 0.0000000000
148219  -4.637  76.989  -9.480 0.0000000000
148220  -3.439  76.736  -10.694 0.0000000000
148221  -4.274  77.391  -10.785 0.0000000000
148222  -4.994  76.973  -10.502 0.0000000000
148223  -2.963  76.456  -12.686 0.0000000000
148224  -3.380  76.660  -11.924 0.0000000000
148225  -4.231  77.056  -11.718 0.0000000000
148226  -5.170  76.825  -11.496 0.0000000000
148227  -2.791  76.281  -13.115 0.0000000000
148228  -3.254  76.457  -12.896 0.0000000000
148229  -4.054  76.589  -12.581 0.0000000000
148230  -5.131  76.516  -12.292 0.0000000000
148231  -2.726  75.962  -13.417 0.0000000000
148232  -3.070  76.115  -13.463 0.0000000000
148233  -3.781  76.158  -13.284 0.0000000000
148234  -2.791  77.191  0.017 0.0000000000
148235  -3.041  77.192  0.175 0.0000000000
148236  -1.955  77.198  -0.878 0.0000000000
148237  -2.398  77.213  -0.464 0.0000000000
148238  -3.142  77.331  -0.196 0.0000000000
148239  -1.799  77.183  -1.130 0.0000000000
148240  -2.210  77.301  -1.154 0.0000000000
148241  -3.116  77.476  -1.005 0.0000000000
148242  -2.473  77.195  -7.474 0.0000000000
148243  -2.527  77.172  -7.240 0.0000000000
148244  -2.495  77.311  -7.815 0.0000000000
148245  -2.798  77.501  -7.663 0.0000000000
148246  -3.062  77.653  -7.732 0.0000000000
148247  -2.567  77.355  -8.538 0.0000000000
148248  -2.837  77.637  -8.439 0.0000000000
148249  -3.203  77.694  -8.203 0.0000000000
148250  -2.623  77.359  -8.898 0.0000000000
148251  -2.919  77.487  -9.254 0.0000000000
148252  -3.391  77.636  -9.084 0.0000000000
148253  -3.376  77.249  -10.216 0.0000000000
148254  -3.580  77.549  -10.030 0.0000000000
148255  -3.533  77.068  -10.934 0.0000000000
148256  -3.692  77.252  -10.921 0.0000000000
