#!ascii label  , from subject ab_data vox2ras=TkReg
1749
65965  -4.898  -18.550  40.499 0.0000000000
65966  -5.533  -18.457  40.211 0.0000000000
66088  -12.537  -18.404  33.169 0.0000000000
66099  -12.822  -18.533  32.297 0.0000000000
66106  -12.935  -18.407  31.405 0.0000000000
66107  -13.036  -17.924  31.228 0.0000000000
66120  -12.790  -18.334  30.481 0.0000000000
66121  -12.985  -18.087  30.994 0.0000000000
66136  -12.379  -18.623  29.559 0.0000000000
66151  -9.339  -18.349  28.186 0.0000000000
66152  -10.341  -18.281  28.271 0.0000000000
66153  -11.198  -18.434  28.445 0.0000000000
66154  -11.855  -18.627  28.917 0.0000000000
67249  -4.064  -17.383  41.295 0.0000000000
67250  -4.342  -17.491  41.262 0.0000000000
67251  -4.818  -17.622  41.174 0.0000000000
67267  -4.550  -18.049  41.085 0.0000000000
67268  -5.266  -17.885  40.867 0.0000000000
67269  -6.155  -17.855  40.406 0.0000000000
67270  -6.902  -17.523  40.207 0.0000000000
67333  -11.067  -17.220  36.331 0.0000000000
67346  -11.438  -16.944  35.788 0.0000000000
67361  -11.696  -17.240  35.134 0.0000000000
67362  -12.090  -17.313  34.405 0.0000000000
67376  -12.511  -17.398  33.576 0.0000000000
67387  -2.957  -17.069  33.116 0.0000000000
67388  -3.824  -16.942  32.761 0.0000000000
67389  -4.354  -16.664  32.507 0.0000000000
67390  -12.913  -17.500  32.551 0.0000000000
67391  -13.136  -17.075  32.100 0.0000000000
67394  -2.809  -17.346  32.098 0.0000000000
67395  -3.409  -17.745  31.862 0.0000000000
67396  -4.660  -16.968  31.783 0.0000000000
67397  -5.445  -16.628  31.337 0.0000000000
67398  -12.998  -17.998  31.967 0.0000000000
67399  -13.105  -17.523  31.627 0.0000000000
67405  -2.396  -17.695  30.830 0.0000000000
67407  -4.340  -17.958  30.681 0.0000000000
67408  -5.688  -17.017  30.533 0.0000000000
67409  -7.096  -16.865  30.129 0.0000000000
67410  -7.711  -16.694  29.970 0.0000000000
67411  -12.941  -17.259  30.483 0.0000000000
67412  -13.066  -17.671  30.958 0.0000000000
67423  -2.176  -17.281  29.814 0.0000000000
67426  -6.536  -17.768  29.359 0.0000000000
67427  -7.948  -17.127  29.507 0.0000000000
67428  -9.084  -16.948  29.194 0.0000000000
67429  -9.626  -16.712  28.922 0.0000000000
67430  -12.199  -17.123  29.390 0.0000000000
67431  -12.574  -17.633  29.844 0.0000000000
67443  -1.434  -17.136  28.657 0.0000000000
67444  -1.879  -17.193  29.217 0.0000000000
67446  -7.533  -18.006  28.724 0.0000000000
67447  -8.668  -17.716  28.715 0.0000000000
67448  -9.893  -17.318  28.723 0.0000000000
67449  -10.945  -17.507  28.640 0.0000000000
67450  -11.655  -17.737  28.957 0.0000000000
67451  -12.151  -17.950  29.326 0.0000000000
67458  0.128  -17.058  27.399 0.0000000000
67459  -0.522  -17.004  27.881 0.0000000000
67460  -1.010  -17.052  28.146 0.0000000000
67467  0.389  -17.140  26.460 0.0000000000
68473  -4.207  -17.065  41.273 0.0000000000
68474  -4.790  -17.147  41.257 0.0000000000
68475  -5.129  -17.401  41.150 0.0000000000
68490  -3.810  -16.422  41.125 0.0000000000
68491  -4.662  -16.431  41.126 0.0000000000
68492  -5.586  -16.882  41.064 0.0000000000
68493  -6.632  -16.790  40.589 0.0000000000
68494  -7.379  -16.871  40.207 0.0000000000
68506  -8.031  -16.945  39.826 0.0000000000
68507  -8.671  -16.852  39.368 0.0000000000
68508  -9.185  -16.902  38.887 0.0000000000
68522  -9.580  -16.851  38.460 0.0000000000
68523  -9.979  -16.752  38.006 0.0000000000
68534  -10.399  -16.701  37.466 0.0000000000
68546  -10.800  -16.540  36.889 0.0000000000
68547  -11.217  -16.369  36.349 0.0000000000
68562  -11.541  -16.166  35.852 0.0000000000
68563  -11.813  -16.053  35.464 0.0000000000
68579  -11.716  -16.568  35.432 0.0000000000
68580  -12.083  -16.394  34.970 0.0000000000
68597  -2.579  -15.893  34.156 0.0000000000
68598  -3.027  -16.013  34.069 0.0000000000
68599  -3.590  -16.003  33.621 0.0000000000
68600  -12.472  -16.417  34.133 0.0000000000
68613  -2.586  -16.214  33.878 0.0000000000
68614  -3.336  -16.453  33.525 0.0000000000
68615  -4.214  -16.258  32.937 0.0000000000
68616  -4.912  -16.048  32.314 0.0000000000
68617  -12.851  -16.480  33.227 0.0000000000
68618  -13.096  -16.553  32.424 0.0000000000
68621  -2.441  -16.485  33.136 0.0000000000
68622  -4.714  -16.419  32.290 0.0000000000
68623  -5.482  -16.244  31.774 0.0000000000
68624  -6.250  -16.054  31.320 0.0000000000
68625  -13.198  -16.701  31.786 0.0000000000
68629  -2.587  -16.564  31.942 0.0000000000
68630  -5.958  -16.412  31.193 0.0000000000
68631  -6.773  -16.272  30.788 0.0000000000
68632  -7.673  -16.261  30.240 0.0000000000
68633  -8.208  -16.070  29.897 0.0000000000
68634  -13.054  -16.520  30.659 0.0000000000
68635  -13.211  -16.874  31.104 0.0000000000
68642  -2.601  -16.422  30.438 0.0000000000
68643  -8.063  -16.505  29.876 0.0000000000
68644  -8.655  -16.289  29.502 0.0000000000
68645  -9.429  -16.216  28.995 0.0000000000
68646  -12.207  -16.127  29.432 0.0000000000
68647  -12.742  -16.536  30.030 0.0000000000
68656  -1.817  -16.695  28.355 0.0000000000
68657  -2.226  -16.622  28.962 0.0000000000
68658  -10.101  -16.294  28.742 0.0000000000
68659  -10.849  -16.510  28.715 0.0000000000
68660  -11.599  -16.772  28.980 0.0000000000
68670  -0.161  -16.603  26.873 0.0000000000
68671  -0.578  -16.638  27.184 0.0000000000
68672  -1.465  -16.537  27.692 0.0000000000
68673  -2.023  -16.454  28.202 0.0000000000
68681  0.075  -16.542  26.491 0.0000000000
68682  -0.559  -16.157  26.486 0.0000000000
68683  -1.069  -16.348  26.939 0.0000000000
68691  0.256  -16.272  25.679 0.0000000000
68692  -0.103  -16.103  26.068 0.0000000000
68706  0.412  -16.294  24.940 0.0000000000
68707  0.047  -16.121  24.252 0.0000000000
68724  -0.400  -16.141  23.706 0.0000000000
69748  -3.313  -15.535  40.741 0.0000000000
69749  -4.327  -15.567  40.806 0.0000000000
69750  -5.296  -15.709  40.790 0.0000000000
69751  -6.245  -15.845  40.641 0.0000000000
69752  -7.227  -15.771  40.212 0.0000000000
69753  -7.729  -16.350  40.028 0.0000000000
69772  -7.588  -15.264  39.639 0.0000000000
69773  -8.198  -15.908  39.653 0.0000000000
69774  -9.023  -16.122  39.051 0.0000000000
69775  -9.353  -16.428  38.719 0.0000000000
69793  -9.040  -15.607  38.710 0.0000000000
69794  -9.580  -15.924  38.421 0.0000000000
69795  -10.111  -16.133  37.876 0.0000000000
69814  -9.886  -15.591  37.830 0.0000000000
69815  -10.396  -15.785  37.392 0.0000000000
69830  -10.821  -15.690  36.771 0.0000000000
69831  -11.206  -15.551  36.251 0.0000000000
69847  -11.516  -15.422  35.694 0.0000000000
69848  -11.921  -15.652  35.240 0.0000000000
69866  -11.693  -15.019  35.250 0.0000000000
69867  -12.206  -15.381  34.694 0.0000000000
69886  -2.250  -15.710  34.131 0.0000000000
69887  -2.677  -15.541  33.988 0.0000000000
69888  -3.274  -15.662  33.771 0.0000000000
69889  -12.639  -15.459  33.783 0.0000000000
69900  -2.018  -15.772  33.821 0.0000000000
69901  -3.199  -15.196  33.584 0.0000000000
69902  -3.862  -15.472  32.999 0.0000000000
69903  -4.595  -15.738  32.473 0.0000000000
69904  -13.019  -15.514  32.787 0.0000000000
69905  -13.162  -16.049  32.054 0.0000000000
69910  -1.998  -15.725  32.926 0.0000000000
69911  -4.518  -15.268  32.131 0.0000000000
69912  -5.256  -15.488  31.692 0.0000000000
69913  -5.971  -15.719  31.402 0.0000000000
69914  -13.060  -15.378  31.849 0.0000000000
69915  -13.170  -16.147  31.430 0.0000000000
69919  -2.442  -15.544  31.699 0.0000000000
69920  -5.948  -15.233  31.012 0.0000000000
69921  -6.563  -15.514  30.811 0.0000000000
69922  -7.401  -15.503  30.235 0.0000000000
69923  -7.969  -15.723  29.964 0.0000000000
69924  -12.992  -15.666  30.852 0.0000000000
69925  -13.163  -16.291  30.991 0.0000000000
69927  -2.636  -15.355  30.550 0.0000000000
69928  -7.932  -15.230  29.657 0.0000000000
69929  -8.459  -15.503  29.485 0.0000000000
69930  -9.161  -15.494  28.997 0.0000000000
69931  -12.241  -15.273  29.445 0.0000000000
69932  -12.613  -15.457  29.992 0.0000000000
69937  -2.577  -15.631  29.400 0.0000000000
69938  -9.954  -15.443  28.600 0.0000000000
69939  -10.816  -15.505  28.570 0.0000000000
69940  -11.659  -15.626  28.933 0.0000000000
69949  -1.837  -15.945  27.420 0.0000000000
69950  -2.273  -15.795  28.014 0.0000000000
69961  -0.870  -15.673  26.229 0.0000000000
69962  -1.475  -15.683  26.757 0.0000000000
69963  -1.926  -15.675  27.365 0.0000000000
69974  0.137  -15.748  25.288 0.0000000000
69975  -0.456  -15.477  25.661 0.0000000000
69976  -1.035  -15.393  26.090 0.0000000000
69990  0.320  -15.906  25.145 0.0000000000
69991  -0.039  -15.430  24.721 0.0000000000
70004  -0.391  -15.126  23.661 0.0000000000
70005  -0.879  -15.451  23.205 0.0000000000
70006  -1.905  -15.244  23.181 0.0000000000
70019  -0.645  -14.607  23.269 0.0000000000
70020  -0.769  -14.805  23.074 0.0000000000
70021  -1.167  -14.995  22.954 0.0000000000
71006  -3.982  -14.750  40.340 0.0000000000
71007  -4.989  -14.842  40.369 0.0000000000
71008  -5.967  -14.984  40.304 0.0000000000
71009  -6.598  -15.222  40.218 0.0000000000
71024  -3.709  -14.126  39.692 0.0000000000
71025  -4.701  -14.192  39.758 0.0000000000
71026  -5.674  -14.349  39.731 0.0000000000
71027  -6.856  -14.566  39.442 0.0000000000
71028  -8.010  -14.994  39.101 0.0000000000
71029  -8.639  -15.494  38.987 0.0000000000
71044  -6.967  -14.110  38.552 0.0000000000
71045  -7.629  -14.287  38.192 0.0000000000
71046  -8.871  -15.002  38.302 0.0000000000
71047  -9.526  -15.324  37.999 0.0000000000
71062  -7.714  -14.044  37.421 0.0000000000
71063  -8.413  -14.239  37.187 0.0000000000
71064  -9.721  -14.920  37.378 0.0000000000
71065  -10.386  -15.255  37.021 0.0000000000
71082  -8.546  -13.961  36.513 0.0000000000
71083  -9.307  -14.172  36.373 0.0000000000
71084  -10.512  -14.812  36.463 0.0000000000
71085  -11.128  -15.029  36.052 0.0000000000
71102  -9.452  -14.038  35.934 0.0000000000
71103  -9.972  -14.147  35.769 0.0000000000
71104  -11.012  -14.605  35.631 0.0000000000
71120  -10.487  -14.079  35.178 0.0000000000
71121  -11.394  -14.328  34.762 0.0000000000
71122  -12.206  -14.662  34.210 0.0000000000
71138  -2.011  -15.462  33.974 0.0000000000
71139  -2.162  -15.306  33.936 0.0000000000
71140  -11.789  -14.061  34.066 0.0000000000
71141  -12.424  -14.424  33.446 0.0000000000
71152  -1.379  -13.936  32.794 0.0000000000
71153  -1.818  -14.753  33.348 0.0000000000
71154  -2.649  -14.675  33.369 0.0000000000
71155  -3.422  -14.813  32.995 0.0000000000
71156  -12.726  -14.490  32.478 0.0000000000
71161  -1.296  -14.033  32.685 0.0000000000
71162  -1.747  -14.760  32.526 0.0000000000
71163  -3.289  -14.300  32.526 0.0000000000
71164  -4.026  -14.592  31.978 0.0000000000
71165  -4.815  -14.849  31.509 0.0000000000
71166  -12.819  -14.531  31.537 0.0000000000
71170  -1.294  -14.085  32.186 0.0000000000
71171  -2.043  -14.505  31.304 0.0000000000
71172  -4.714  -14.259  31.080 0.0000000000
71173  -5.509  -14.526  30.711 0.0000000000
71174  -6.341  -14.788  30.415 0.0000000000
71175  -6.956  -14.932  30.164 0.0000000000
71176  -12.709  -14.604  30.612 0.0000000000
71178  -2.496  -14.674  29.940 0.0000000000
71179  -6.176  -14.180  29.979 0.0000000000
71180  -6.770  -14.330  29.735 0.0000000000
71181  -7.547  -14.543  29.441 0.0000000000
71182  -8.307  -14.764  29.150 0.0000000000
71183  -8.873  -14.917  28.930 0.0000000000
71184  -12.086  -14.600  29.212 0.0000000000
71185  -12.462  -14.582  29.838 0.0000000000
71187  -2.512  -14.823  28.736 0.0000000000
71188  -8.179  -14.124  28.743 0.0000000000
71189  -8.833  -14.242  28.539 0.0000000000
71190  -9.631  -14.525  28.425 0.0000000000
71191  -10.683  -14.504  28.341 0.0000000000
71192  -11.505  -14.582  28.702 0.0000000000
71194  -2.082  -14.326  27.499 0.0000000000
71195  -2.267  -14.750  27.750 0.0000000000
71198  -1.911  -14.600  26.981 0.0000000000
71199  -2.042  -15.312  27.326 0.0000000000
71203  -0.804  -14.882  25.476 0.0000000000
71204  -1.257  -14.685  25.868 0.0000000000
71210  -0.714  -14.474  25.013 0.0000000000
71211  -1.152  -14.080  25.335 0.0000000000
71224  -0.506  -14.363  24.036 0.0000000000
71225  -2.127  -14.233  23.146 0.0000000000
71240  -0.664  -14.306  23.394 0.0000000000
71241  -0.789  -14.295  23.058 0.0000000000
71242  -1.317  -14.439  22.953 0.0000000000
72374  -3.493  -13.566  39.121 0.0000000000
72375  -4.464  -13.620  39.132 0.0000000000
72376  -5.426  -13.802  39.127 0.0000000000
72377  -6.090  -14.057  39.216 0.0000000000
72395  -3.338  -13.063  38.645 0.0000000000
72396  -4.227  -13.160  38.646 0.0000000000
72397  -5.238  -13.257  38.352 0.0000000000
72398  -6.370  -13.785  38.484 0.0000000000
72399  -7.034  -13.926  38.151 0.0000000000
72412  -5.596  -12.948  37.873 0.0000000000
72413  -6.185  -13.205  37.778 0.0000000000
72414  -7.208  -13.631  37.492 0.0000000000
72415  -7.779  -13.898  37.100 0.0000000000
72432  -7.397  -13.233  36.935 0.0000000000
72433  -7.994  -13.554  36.626 0.0000000000
72434  -8.713  -13.716  36.230 0.0000000000
72450  -8.587  -13.344  36.106 0.0000000000
72451  -9.287  -13.594  35.755 0.0000000000
72452  -9.923  -13.746  35.265 0.0000000000
72464  -9.751  -13.328  35.205 0.0000000000
72465  -10.385  -13.533  34.708 0.0000000000
72466  -11.153  -13.704  34.227 0.0000000000
72482  -10.748  -13.261  34.086 0.0000000000
72483  -11.514  -13.495  33.550 0.0000000000
72484  -12.233  -13.784  32.937 0.0000000000
72499  -0.206  -12.895  32.654 0.0000000000
72500  -0.815  -13.291  32.556 0.0000000000
72501  -1.542  -13.599  32.750 0.0000000000
72502  -2.130  -13.971  32.972 0.0000000000
72503  -11.775  -13.260  32.856 0.0000000000
72504  -12.342  -13.561  32.203 0.0000000000
72513  -0.101  -13.093  32.605 0.0000000000
72514  -0.763  -13.461  32.407 0.0000000000
72515  -2.170  -13.319  32.501 0.0000000000
72516  -2.885  -13.586  32.268 0.0000000000
72517  -3.576  -13.881  31.801 0.0000000000
72518  -12.575  -13.681  31.239 0.0000000000
72525  -0.181  -13.117  32.196 0.0000000000
72526  -1.037  -13.495  31.370 0.0000000000
72527  -1.964  -13.949  30.401 0.0000000000
72528  -3.634  -13.212  31.415 0.0000000000
72529  -4.266  -13.577  31.059 0.0000000000
72530  -5.055  -13.602  30.383 0.0000000000
72531  -12.514  -13.767  30.362 0.0000000000
72538  -1.558  -13.341  29.972 0.0000000000
72539  -2.235  -13.983  29.335 0.0000000000
72540  -5.781  -13.594  29.838 0.0000000000
72541  -6.533  -13.541  29.364 0.0000000000
72542  -7.122  -13.845  29.193 0.0000000000
72543  -12.001  -13.732  29.080 0.0000000000
72544  -12.320  -13.834  29.632 0.0000000000
72546  -1.817  -13.366  28.782 0.0000000000
72547  -2.219  -14.130  28.294 0.0000000000
72548  -7.085  -13.247  28.848 0.0000000000
72549  -7.707  -13.518  28.651 0.0000000000
72550  -8.616  -13.393  28.130 0.0000000000
72551  -9.471  -13.587  27.985 0.0000000000
72552  -10.552  -13.305  27.948 0.0000000000
72553  -11.453  -13.517  28.530 0.0000000000
72555  -1.898  -13.711  27.613 0.0000000000
72556  -2.141  -14.232  27.763 0.0000000000
72557  -9.308  -12.930  27.758 0.0000000000
72558  -9.947  -12.849  27.693 0.0000000000
72559  -10.396  -12.621  27.765 0.0000000000
72561  -1.624  -13.685  26.544 0.0000000000
72564  -1.328  -13.573  25.679 0.0000000000
72567  -0.852  -13.498  24.301 0.0000000000
72568  -1.081  -13.528  24.997 0.0000000000
72581  -0.982  -13.490  23.540 0.0000000000
72582  -1.636  -13.166  23.291 0.0000000000
72603  -0.823  -13.978  23.189 0.0000000000
72604  -1.110  -13.828  23.079 0.0000000000
72605  -1.713  -13.792  23.117 0.0000000000
73742  -3.224  -12.489  38.348 0.0000000000
73743  -4.113  -12.687  38.381 0.0000000000
73744  -4.668  -12.911  38.312 0.0000000000
73760  -3.145  -11.971  38.186 0.0000000000
73761  -4.043  -12.164  38.201 0.0000000000
73762  -5.054  -12.564  37.980 0.0000000000
73763  -5.947  -12.710  37.665 0.0000000000
73764  -6.881  -12.814  37.243 0.0000000000
73765  -7.770  -12.581  36.942 0.0000000000
73766  -8.543  -12.402  36.763 0.0000000000
73779  -7.593  -12.997  36.684 0.0000000000
73780  -8.271  -12.898  36.332 0.0000000000
73781  -9.086  -12.575  36.246 0.0000000000
73782  -9.639  -12.507  35.925 0.0000000000
73795  -8.864  -13.038  35.906 0.0000000000
73796  -9.424  -12.918  35.535 0.0000000000
73797  -10.009  -12.588  35.390 0.0000000000
73816  -9.904  -12.977  34.953 0.0000000000
73817  -10.346  -12.741  34.562 0.0000000000
73839  -10.838  -12.714  33.730 0.0000000000
73840  -11.276  -12.910  33.126 0.0000000000
73857  0.479  -11.882  32.504 0.0000000000
73858  0.145  -12.341  32.556 0.0000000000
73859  -0.520  -12.481  32.582 0.0000000000
73860  -1.128  -12.889  32.586 0.0000000000
73861  -11.066  -12.437  33.168 0.0000000000
73862  -11.522  -12.631  32.481 0.0000000000
73863  -12.180  -12.967  31.709 0.0000000000
73878  0.590  -12.067  32.446 0.0000000000
73879  0.296  -12.600  32.371 0.0000000000
73880  -1.146  -12.275  32.356 0.0000000000
73881  -1.849  -12.576  32.184 0.0000000000
73882  -2.540  -12.868  31.951 0.0000000000
73883  -11.738  -12.314  31.576 0.0000000000
73884  -12.331  -12.947  30.926 0.0000000000
73892  0.736  -12.199  32.115 0.0000000000
73893  0.045  -12.537  31.444 0.0000000000
73894  -0.780  -12.861  30.488 0.0000000000
73895  -2.595  -12.223  31.511 0.0000000000
73896  -3.246  -12.551  31.296 0.0000000000
73897  -4.084  -12.597  30.577 0.0000000000
73898  -4.718  -12.936  30.281 0.0000000000
73899  -11.976  -12.264  30.600 0.0000000000
73900  -12.292  -13.081  30.053 0.0000000000
73909  -0.361  -12.207  30.178 0.0000000000
73910  -1.100  -12.704  29.413 0.0000000000
73911  -4.669  -12.338  29.821 0.0000000000
73912  -5.392  -12.650  29.535 0.0000000000
73913  -6.113  -12.937  29.294 0.0000000000
73914  -11.920  -12.613  29.401 0.0000000000
73915  -12.172  -13.304  29.511 0.0000000000
73922  -0.568  -12.030  28.897 0.0000000000
73923  -1.318  -12.713  28.178 0.0000000000
73924  -6.090  -12.334  28.937 0.0000000000
73925  -6.700  -12.619  28.761 0.0000000000
73926  -7.444  -12.647  28.436 0.0000000000
73927  -8.147  -12.635  28.100 0.0000000000
73928  -10.735  -12.097  27.915 0.0000000000
73929  -11.352  -12.392  28.457 0.0000000000
73936  -0.702  -11.909  27.328 0.0000000000
73937  -1.434  -12.906  27.162 0.0000000000
73938  -8.910  -12.434  27.765 0.0000000000
73939  -9.664  -12.261  27.643 0.0000000000
73940  -10.220  -12.253  27.695 0.0000000000
73943  -0.720  -11.872  25.860 0.0000000000
73944  -1.254  -12.734  26.283 0.0000000000
73946  -0.759  -11.978  24.809 0.0000000000
73947  -1.082  -12.727  25.342 0.0000000000
73950  -0.883  -12.340  23.956 0.0000000000
73951  -0.986  -12.799  24.621 0.0000000000
73962  -1.385  -12.286  23.374 0.0000000000
73963  -2.313  -12.273  23.263 0.0000000000
75079  -4.653  -11.310  38.273 0.0000000000
75080  -5.554  -11.449  38.181 0.0000000000
75081  -6.642  -11.538  38.133 0.0000000000
75082  -7.770  -11.526  38.118 0.0000000000
75083  -8.864  -11.404  38.018 0.0000000000
75084  -9.471  -11.255  37.883 0.0000000000
75100  -3.814  -11.569  38.263 0.0000000000
75101  -4.834  -11.840  37.965 0.0000000000
75102  -5.975  -12.088  37.596 0.0000000000
75103  -7.198  -12.127  37.532 0.0000000000
75104  -8.257  -12.018  37.397 0.0000000000
75105  -9.483  -11.840  37.159 0.0000000000
75106  -10.275  -11.559  36.915 0.0000000000
75116  -9.605  -12.275  36.388 0.0000000000
75117  -10.211  -12.037  36.223 0.0000000000
75118  -10.902  -11.567  35.863 0.0000000000
75134  -10.556  -12.074  35.245 0.0000000000
75135  -11.164  -11.460  35.134 0.0000000000
75157  -10.754  -12.048  34.389 0.0000000000
75158  -11.221  -11.378  34.276 0.0000000000
75179  -10.880  -11.987  33.610 0.0000000000
75180  -11.196  -11.350  33.411 0.0000000000
75197  0.547  -11.533  32.407 0.0000000000
75198  0.248  -11.409  32.488 0.0000000000
75199  -0.178  -11.773  32.565 0.0000000000
75200  -10.977  -12.005  32.953 0.0000000000
75201  -11.217  -11.573  32.411 0.0000000000
75218  0.778  -11.635  32.234 0.0000000000
75219  -0.194  -11.054  32.391 0.0000000000
75220  -0.844  -11.438  32.195 0.0000000000
75221  -1.493  -11.836  31.922 0.0000000000
75222  -11.436  -11.499  31.352 0.0000000000
75236  0.628  -11.627  31.543 0.0000000000
75237  0.212  -11.830  30.782 0.0000000000
75238  -1.539  -11.185  31.573 0.0000000000
75239  -2.178  -11.555  31.341 0.0000000000
75240  -3.020  -11.624  30.672 0.0000000000
75241  -3.659  -11.965  30.429 0.0000000000
75242  -11.595  -11.473  30.298 0.0000000000
75253  0.376  -11.271  30.770 0.0000000000
75254  -0.035  -11.391  29.893 0.0000000000
75255  -3.618  -11.368  29.934 0.0000000000
75256  -4.240  -11.696  29.729 0.0000000000
75257  -5.020  -11.688  29.252 0.0000000000
75258  -11.441  -11.510  29.250 0.0000000000
75261  -0.283  -11.140  28.576 0.0000000000
75262  -5.791  -11.659  28.801 0.0000000000
75263  -6.526  -11.741  28.505 0.0000000000
75264  -7.239  -11.788  28.235 0.0000000000
75265  -7.844  -12.033  28.103 0.0000000000
75266  -10.639  -11.317  28.218 0.0000000000
75267  -11.062  -11.494  28.506 0.0000000000
75274  -0.317  -10.821  27.540 0.0000000000
75275  -7.859  -11.426  27.877 0.0000000000
75276  -8.503  -11.690  27.782 0.0000000000
75277  -9.371  -11.593  27.678 0.0000000000
75278  -10.175  -11.518  27.802 0.0000000000
75285  -0.288  -10.833  26.388 0.0000000000
75291  -0.363  -11.034  25.166 0.0000000000
75295  -0.581  -11.163  24.170 0.0000000000
75305  -1.065  -11.248  23.478 0.0000000000
75306  -1.943  -11.272  23.178 0.0000000000
76424  -4.754  -10.355  39.027 0.0000000000
76425  -5.653  -10.380  39.267 0.0000000000
76426  -6.732  -10.322  39.455 0.0000000000
76427  -7.854  -10.162  39.401 0.0000000000
76428  -8.885  -9.996  39.186 0.0000000000
76429  -9.436  -9.753  38.963 0.0000000000
76447  -3.966  -10.768  38.516 0.0000000000
76448  -5.127  -10.840  38.581 0.0000000000
76449  -6.158  -10.938  38.722 0.0000000000
76450  -7.260  -10.908  38.756 0.0000000000
76451  -8.384  -10.759  38.653 0.0000000000
76452  -9.649  -10.465  38.385 0.0000000000
76453  -10.416  -10.155  37.954 0.0000000000
76470  -3.205  -11.211  38.355 0.0000000000
76471  -9.797  -11.159  37.785 0.0000000000
76472  -10.399  -10.888  37.478 0.0000000000
76473  -11.066  -10.487  36.859 0.0000000000
76490  -10.783  -11.256  36.598 0.0000000000
76491  -11.303  -10.737  35.956 0.0000000000
76508  -11.484  -10.677  34.973 0.0000000000
76524  -11.414  -10.595  34.105 0.0000000000
76540  -11.291  -10.538  33.198 0.0000000000
76557  0.527  -11.115  32.283 0.0000000000
76558  0.351  -10.795  32.360 0.0000000000
76559  -11.226  -10.580  32.163 0.0000000000
76574  0.636  -10.972  31.930 0.0000000000
76575  0.011  -10.292  32.535 0.0000000000
76576  -0.544  -10.347  32.157 0.0000000000
76577  -11.199  -10.652  31.112 0.0000000000
76590  0.499  -10.623  31.182 0.0000000000
76591  0.291  -10.149  30.513 0.0000000000
76592  -1.241  -10.469  31.592 0.0000000000
76593  -1.938  -10.568  30.859 0.0000000000
76594  -2.584  -10.958  30.528 0.0000000000
76595  -10.847  -10.002  30.095 0.0000000000
76596  -11.122  -10.532  30.067 0.0000000000
76619  0.298  -10.776  30.382 0.0000000000
76620  -0.119  -10.353  29.648 0.0000000000
76621  -2.566  -10.283  30.124 0.0000000000
76622  -3.204  -10.686  29.826 0.0000000000
76623  -4.042  -10.733  29.310 0.0000000000
76624  -4.681  -11.039  29.150 0.0000000000
76625  -10.710  -10.053  29.525 0.0000000000
76626  -11.008  -10.791  29.009 0.0000000000
76648  -0.550  -10.031  28.377 0.0000000000
76649  -4.704  -10.377  28.916 0.0000000000
76650  -5.384  -10.692  28.702 0.0000000000
76651  -6.456  -10.757  28.231 0.0000000000
76652  -6.908  -11.263  28.196 0.0000000000
76653  -9.593  -10.160  28.023 0.0000000000
76654  -10.356  -10.476  28.457 0.0000000000
76655  -10.769  -11.023  28.547 0.0000000000
76667  -0.459  -10.016  27.162 0.0000000000
76668  -6.963  -10.335  27.871 0.0000000000
76669  -7.399  -10.776  27.837 0.0000000000
76670  -8.344  -10.796  27.665 0.0000000000
76671  -9.116  -10.860  27.703 0.0000000000
76672  -9.771  -10.887  27.854 0.0000000000
76682  -0.407  -9.862  26.321 0.0000000000
76687  -0.366  -10.039  25.503 0.0000000000
76691  -0.497  -10.160  24.564 0.0000000000
76695  -0.897  -10.235  23.829 0.0000000000
76696  -1.693  -10.287  23.484 0.0000000000
77739  -4.371  -9.135  40.099 0.0000000000
77740  -5.447  -9.024  40.369 0.0000000000
77741  -6.486  -8.838  40.441 0.0000000000
77742  -7.060  -8.697  40.409 0.0000000000
77759  -2.945  -9.812  39.173 0.0000000000
77760  -3.957  -9.944  39.283 0.0000000000
77761  -5.051  -9.789  39.684 0.0000000000
77762  -6.113  -9.709  40.005 0.0000000000
77763  -7.293  -9.306  40.146 0.0000000000
77764  -8.411  -9.240  39.751 0.0000000000
77765  -9.252  -9.195  39.337 0.0000000000
77785  -3.255  -10.364  38.801 0.0000000000
77786  -9.851  -9.305  38.833 0.0000000000
77787  -10.423  -9.466  38.243 0.0000000000
77801  -10.944  -9.725  37.478 0.0000000000
77802  -11.319  -9.696  36.500 0.0000000000
77816  -11.425  -9.790  35.531 0.0000000000
77827  -11.442  -9.947  34.727 0.0000000000
77840  -11.241  -9.732  34.034 0.0000000000
77859  -10.688  -9.147  32.914 0.0000000000
77860  -10.954  -9.485  33.064 0.0000000000
77878  0.455  -10.395  32.231 0.0000000000
77879  0.277  -9.992  32.393 0.0000000000
77880  -10.704  -9.181  32.473 0.0000000000
77881  -11.054  -9.808  31.872 0.0000000000
77892  0.546  -9.932  31.815 0.0000000000
77893  0.144  -9.606  32.424 0.0000000000
77894  -0.245  -9.490  32.311 0.0000000000
77895  -10.685  -9.257  31.531 0.0000000000
77896  -10.959  -9.938  30.898 0.0000000000
77908  0.475  -9.503  31.066 0.0000000000
77909  0.111  -9.436  30.217 0.0000000000
77910  -0.981  -9.460  31.653 0.0000000000
77911  -1.526  -9.842  31.003 0.0000000000
77912  -10.588  -9.458  30.403 0.0000000000
77913  -10.893  -9.981  30.372 0.0000000000
77929  -0.404  -9.353  29.420 0.0000000000
77930  -1.475  -9.159  30.841 0.0000000000
77931  -2.080  -9.521  30.219 0.0000000000
77932  -3.018  -9.626  29.401 0.0000000000
77933  -3.670  -10.053  29.243 0.0000000000
77934  -9.628  -8.885  28.904 0.0000000000
77935  -10.069  -9.202  29.215 0.0000000000
77954  -0.790  -9.027  28.597 0.0000000000
77955  -1.019  -8.773  28.079 0.0000000000
77956  -3.740  -9.454  28.956 0.0000000000
77957  -4.272  -9.775  28.872 0.0000000000
77958  -5.055  -9.698  28.602 0.0000000000
77959  -5.975  -9.659  28.172 0.0000000000
77960  -6.886  -9.184  27.986 0.0000000000
77961  -7.894  -9.006  28.007 0.0000000000
77962  -9.208  -9.083  28.321 0.0000000000
77963  -9.867  -9.695  28.459 0.0000000000
77979  -0.860  -9.204  27.640 0.0000000000
77980  -1.026  -8.749  27.748 0.0000000000
77981  -6.697  -9.953  27.896 0.0000000000
77982  -7.335  -9.844  27.766 0.0000000000
77983  -8.215  -9.888  27.670 0.0000000000
77984  -8.947  -10.119  27.742 0.0000000000
77996  -0.666  -9.282  26.773 0.0000000000
78005  -0.568  -9.061  25.868 0.0000000000
78009  -0.534  -9.198  24.914 0.0000000000
78013  -0.853  -9.275  24.228 0.0000000000
78014  -1.533  -9.317  23.841 0.0000000000
79012  -3.706  -8.256  40.343 0.0000000000
79013  -4.814  -8.136  40.482 0.0000000000
79014  -5.899  -8.026  40.566 0.0000000000
79015  -6.998  -7.984  40.478 0.0000000000
79016  -7.538  -7.468  40.268 0.0000000000
79029  -3.350  -9.150  39.741 0.0000000000
79030  -7.360  -8.562  40.345 0.0000000000
79031  -7.953  -8.175  40.168 0.0000000000
79032  -8.924  -8.318  39.657 0.0000000000
79042  -9.651  -8.380  39.136 0.0000000000
79043  -10.315  -8.467  38.562 0.0000000000
79049  -10.945  -8.594  37.884 0.0000000000
79050  -11.372  -8.691  37.032 0.0000000000
79057  -11.400  -8.764  36.028 0.0000000000
79064  -11.145  -8.981  34.971 0.0000000000
79077  -10.409  -8.387  33.944 0.0000000000
79078  -10.753  -8.929  34.099 0.0000000000
79091  -9.658  -8.283  32.892 0.0000000000
79092  -10.388  -8.764  33.152 0.0000000000
79093  -10.610  -8.904  33.607 0.0000000000
79101  0.389  -9.548  32.194 0.0000000000
79102  0.220  -9.418  32.333 0.0000000000
79103  -8.910  -8.003  31.834 0.0000000000
79104  -9.612  -8.318  32.028 0.0000000000
79105  -10.269  -8.692  32.238 0.0000000000
79116  0.559  -8.550  31.795 0.0000000000
79117  0.202  -8.846  32.250 0.0000000000
79118  -0.438  -8.628  31.920 0.0000000000
79119  -8.906  -7.985  30.931 0.0000000000
79120  -9.529  -8.328  31.129 0.0000000000
79121  -10.193  -8.708  31.276 0.0000000000
79136  0.396  -8.359  30.553 0.0000000000
79137  -0.086  -8.865  29.934 0.0000000000
79138  -1.138  -8.482  31.185 0.0000000000
79139  -8.861  -8.101  30.073 0.0000000000
79140  -9.418  -8.389  30.266 0.0000000000
79141  -10.001  -8.726  30.330 0.0000000000
79155  0.209  -7.754  29.932 0.0000000000
79156  -0.423  -8.295  29.425 0.0000000000
79157  -1.695  -8.502  30.264 0.0000000000
79158  -2.544  -8.562  29.518 0.0000000000
79159  -3.717  -8.621  28.900 0.0000000000
79160  -4.437  -8.350  28.777 0.0000000000
79161  -8.704  -8.122  29.372 0.0000000000
79162  -9.390  -8.547  29.319 0.0000000000
79163  -9.752  -8.698  29.774 0.0000000000
79178  -0.926  -8.340  28.452 0.0000000000
79179  -1.108  -8.406  27.912 0.0000000000
79180  -4.068  -9.192  28.761 0.0000000000
79181  -4.544  -8.955  28.630 0.0000000000
79182  -5.379  -8.832  28.450 0.0000000000
79183  -6.264  -8.548  28.379 0.0000000000
79184  -7.256  -8.288  28.462 0.0000000000
79185  -8.290  -8.238  28.731 0.0000000000
79186  -8.956  -8.423  28.878 0.0000000000
79203  -0.866  -8.909  27.097 0.0000000000
79204  -1.011  -8.548  27.382 0.0000000000
79215  -0.844  -8.515  26.648 0.0000000000
79216  -1.047  -8.043  27.057 0.0000000000
79228  -0.779  -8.164  25.917 0.0000000000
79234  -0.620  -8.274  25.188 0.0000000000
79240  -0.807  -8.344  24.512 0.0000000000
79241  -1.319  -8.356  24.051 0.0000000000
80263  -4.169  -7.173  40.535 0.0000000000
80264  -5.261  -7.056  40.492 0.0000000000
80265  -6.305  -7.036  40.460 0.0000000000
80266  -7.136  -7.018  40.330 0.0000000000
80267  -7.545  -7.066  40.204 0.0000000000
80276  -7.453  -6.760  40.069 0.0000000000
80277  -7.902  -7.022  39.976 0.0000000000
80278  -8.590  -7.371  39.658 0.0000000000
80282  -9.275  -7.490  39.297 0.0000000000
80283  -10.000  -7.482  38.841 0.0000000000
80286  -10.710  -7.560  38.203 0.0000000000
80287  -11.302  -7.639  37.466 0.0000000000
80294  -11.551  -7.707  36.559 0.0000000000
80305  -11.383  -7.774  35.557 0.0000000000
80319  -10.354  -8.003  34.101 0.0000000000
80320  -10.764  -7.819  34.482 0.0000000000
80331  -6.945  -7.165  33.221 0.0000000000
80332  -7.226  -7.185  33.130 0.0000000000
80333  -7.960  -7.281  32.923 0.0000000000
80334  -8.973  -7.619  33.029 0.0000000000
80335  -10.070  -7.771  33.669 0.0000000000
80336  -10.630  -7.057  33.944 0.0000000000
80350  -6.189  -7.124  33.249 0.0000000000
80351  -6.617  -7.205  33.182 0.0000000000
80352  -7.277  -7.457  32.790 0.0000000000
80353  -8.218  -7.688  32.463 0.0000000000
80354  -9.036  -8.007  32.534 0.0000000000
80369  0.869  -7.518  32.013 0.0000000000
80370  0.438  -7.599  32.155 0.0000000000
80371  -0.021  -7.989  32.116 0.0000000000
80372  -6.099  -7.273  33.068 0.0000000000
80373  -6.513  -7.438  32.548 0.0000000000
80374  -7.378  -7.647  32.083 0.0000000000
80375  -8.211  -7.741  31.550 0.0000000000
80388  0.821  -7.414  31.428 0.0000000000
80389  -0.056  -7.337  32.066 0.0000000000
80390  -0.619  -7.635  31.540 0.0000000000
80391  -6.729  -7.413  31.619 0.0000000000
80392  -7.556  -7.467  31.066 0.0000000000
80393  -8.322  -7.711  30.608 0.0000000000
80404  0.545  -7.112  30.379 0.0000000000
80405  -0.193  -7.233  29.485 0.0000000000
80406  -1.375  -7.627  30.641 0.0000000000
80407  -2.042  -7.638  29.869 0.0000000000
80408  -3.156  -7.441  29.460 0.0000000000
80409  -4.582  -7.627  29.197 0.0000000000
80410  -5.734  -7.289  29.579 0.0000000000
80411  -6.765  -7.196  30.256 0.0000000000
80412  -7.830  -7.494  30.060 0.0000000000
80413  -8.403  -7.811  29.900 0.0000000000
80420  -0.827  -7.516  28.431 0.0000000000
80421  -1.102  -8.037  28.137 0.0000000000
80422  -4.912  -8.321  28.721 0.0000000000
80423  -5.575  -7.959  28.785 0.0000000000
80424  -6.544  -7.616  28.967 0.0000000000
80425  -7.513  -7.648  29.250 0.0000000000
80426  -8.176  -7.801  29.429 0.0000000000
80440  -0.911  -7.295  27.437 0.0000000000
80441  -1.110  -7.923  27.644 0.0000000000
80450  -0.891  -7.506  26.561 0.0000000000
80451  -1.006  -7.691  27.165 0.0000000000
80463  -0.719  -7.386  25.510 0.0000000000
80473  -0.739  -7.455  24.749 0.0000000000
80481  -1.103  -7.463  24.247 0.0000000000
81445  -4.594  -6.142  40.317 0.0000000000
81446  -5.689  -5.929  40.034 0.0000000000
81447  -6.693  -6.390  40.057 0.0000000000
81448  -7.175  -6.575  40.056 0.0000000000
81453  -5.879  -5.434  39.403 0.0000000000
81454  -6.423  -5.745  39.508 0.0000000000
81455  -7.305  -6.239  39.585 0.0000000000
81456  -8.314  -6.376  39.195 0.0000000000
81457  -8.902  -6.918  39.304 0.0000000000
81463  -8.720  -5.941  38.760 0.0000000000
81464  -9.321  -6.506  38.880 0.0000000000
81465  -10.247  -6.587  38.398 0.0000000000
81470  -10.994  -6.608  37.786 0.0000000000
81471  -11.524  -6.669  37.019 0.0000000000
81479  -11.706  -6.706  36.087 0.0000000000
81491  -11.566  -6.725  35.064 0.0000000000
81505  -11.169  -6.603  34.193 0.0000000000
81520  -7.097  -6.988  33.254 0.0000000000
81521  -7.750  -6.977  33.163 0.0000000000
81522  -8.579  -7.051  33.145 0.0000000000
81523  -9.466  -7.045  33.332 0.0000000000
81524  -10.364  -6.563  33.414 0.0000000000
81525  -10.867  -6.503  33.747 0.0000000000
81541  -3.783  -6.110  32.825 0.0000000000
81542  -4.711  -6.487  33.088 0.0000000000
81543  -5.835  -6.833  33.209 0.0000000000
81544  -6.655  -6.633  33.079 0.0000000000
81545  -7.447  -6.545  32.888 0.0000000000
81546  -8.322  -6.512  32.786 0.0000000000
81547  -9.260  -6.484  32.876 0.0000000000
81548  -9.850  -6.497  33.083 0.0000000000
81558  0.687  -6.536  31.969 0.0000000000
81559  -0.064  -6.456  32.065 0.0000000000
81560  -0.692  -5.856  31.669 0.0000000000
81561  -3.741  -6.075  32.230 0.0000000000
81562  -4.370  -6.404  32.002 0.0000000000
81563  -5.584  -7.098  32.457 0.0000000000
81564  -6.184  -7.381  32.064 0.0000000000
81574  0.780  -6.452  31.163 0.0000000000
81575  -0.401  -6.984  31.717 0.0000000000
81576  -1.270  -6.514  31.080 0.0000000000
81577  -2.595  -6.153  30.593 0.0000000000
81578  -3.546  -6.216  30.532 0.0000000000
81579  -4.393  -6.354  30.768 0.0000000000
81580  -5.256  -6.668  31.192 0.0000000000
81581  -6.061  -7.101  31.354 0.0000000000
81588  0.498  -6.233  30.455 0.0000000000
81589  0.088  -6.330  29.690 0.0000000000
81590  -1.736  -7.126  30.344 0.0000000000
81591  -2.287  -6.845  30.099 0.0000000000
81592  -3.101  -6.570  29.963 0.0000000000
81593  -3.994  -6.711  29.872 0.0000000000
81594  -5.025  -6.735  30.063 0.0000000000
81595  -5.797  -6.920  30.455 0.0000000000
81597  -0.475  -6.477  28.733 0.0000000000
81609  -0.708  -6.682  27.872 0.0000000000
81622  -0.738  -6.505  26.996 0.0000000000
81633  -0.669  -6.463  25.952 0.0000000000
81650  -0.612  -6.451  24.945 0.0000000000
81651  -0.903  -6.129  24.441 0.0000000000
81665  -0.905  -6.793  24.463 0.0000000000
82610  -4.785  -5.421  39.737 0.0000000000
82616  -4.408  -4.819  39.417 0.0000000000
82617  -5.333  -4.956  39.202 0.0000000000
82618  -6.113  -5.156  39.028 0.0000000000
82619  -6.833  -5.444  38.975 0.0000000000
82620  -7.563  -5.689  38.922 0.0000000000
82624  -5.882  -4.616  38.788 0.0000000000
82625  -6.472  -4.761  38.614 0.0000000000
82626  -7.238  -4.995  38.467 0.0000000000
82627  -8.175  -5.383  38.515 0.0000000000
82628  -9.068  -5.534  38.435 0.0000000000
82629  -9.742  -5.891  38.386 0.0000000000
82634  -9.598  -5.291  38.171 0.0000000000
82635  -10.351  -5.563  37.939 0.0000000000
82636  -11.169  -5.682  37.298 0.0000000000
82643  -11.529  -5.713  36.568 0.0000000000
82653  -11.723  -5.635  35.652 0.0000000000
82665  -11.623  -5.649  34.581 0.0000000000
82673  -2.693  -4.614  33.387 0.0000000000
82674  -2.928  -4.847  33.379 0.0000000000
82675  -3.424  -5.182  33.404 0.0000000000
82676  -10.604  -6.027  33.192 0.0000000000
82677  -11.112  -5.719  33.479 0.0000000000
82684  -2.510  -4.713  33.240 0.0000000000
82685  -3.140  -5.306  33.072 0.0000000000
82686  -3.956  -5.730  33.470 0.0000000000
82687  -5.015  -5.885  33.349 0.0000000000
82688  -6.055  -5.928  32.874 0.0000000000
82689  -7.023  -5.874  32.497 0.0000000000
82690  -7.931  -5.905  32.358 0.0000000000
82691  -9.002  -5.720  32.250 0.0000000000
82692  -10.242  -5.744  32.741 0.0000000000
82693  -10.980  -4.950  32.809 0.0000000000
82704  0.548  -5.579  32.060 0.0000000000
82705  0.293  -5.496  32.223 0.0000000000
82706  -0.521  -5.207  32.205 0.0000000000
82707  -1.872  -4.887  32.564 0.0000000000
82708  -3.151  -5.575  32.143 0.0000000000
82709  -3.665  -6.008  31.749 0.0000000000
82710  -7.568  -5.344  32.139 0.0000000000
82711  -8.259  -5.148  31.902 0.0000000000
82712  -9.017  -4.850  31.867 0.0000000000
82721  0.619  -5.573  31.605 0.0000000000
82722  0.451  -5.180  30.879 0.0000000000
82723  -1.261  -5.475  31.640 0.0000000000
82724  -2.220  -5.524  31.371 0.0000000000
82725  -3.220  -5.776  31.182 0.0000000000
82726  -3.873  -6.088  31.215 0.0000000000
82730  0.584  -5.792  30.861 0.0000000000
82731  0.161  -5.445  30.117 0.0000000000
82734  -0.327  -5.499  29.024 0.0000000000
82740  -0.546  -5.664  27.773 0.0000000000
82748  -0.538  -5.496  26.491 0.0000000000
82754  -0.449  -5.457  25.405 0.0000000000
82764  -0.661  -5.425  24.602 0.0000000000
83784  -4.823  -4.229  39.243 0.0000000000
83785  -5.519  -4.170  38.857 0.0000000000
83790  -6.137  -4.143  38.520 0.0000000000
83791  -6.842  -4.240  38.242 0.0000000000
83792  -7.763  -4.319  37.980 0.0000000000
83793  -8.690  -4.786  38.088 0.0000000000
83794  -9.215  -5.024  38.130 0.0000000000
83798  -8.023  -3.840  37.703 0.0000000000
83799  -8.504  -4.058  37.695 0.0000000000
83800  -9.524  -4.523  37.817 0.0000000000
83801  -10.747  -4.516  37.294 0.0000000000
83802  -11.289  -5.091  36.914 0.0000000000
83808  -11.008  -3.923  36.825 0.0000000000
83809  -11.412  -4.515  36.348 0.0000000000
83817  -11.724  -4.532  35.176 0.0000000000
83826  0.029  -3.296  34.750 0.0000000000
83827  -0.154  -3.274  34.783 0.0000000000
83828  -11.725  -4.567  34.088 0.0000000000
83837  0.186  -3.620  34.310 0.0000000000
83838  -0.392  -3.683  34.386 0.0000000000
83839  -1.373  -4.071  33.985 0.0000000000
83840  -2.376  -4.400  33.516 0.0000000000
83841  -3.270  -4.615  33.398 0.0000000000
83842  -3.716  -5.166  33.452 0.0000000000
83843  -11.396  -4.445  33.188 0.0000000000
83852  0.343  -4.016  33.515 0.0000000000
83853  -0.171  -4.255  33.827 0.0000000000
83854  -0.952  -4.326  33.805 0.0000000000
83855  -1.750  -4.448  33.454 0.0000000000
83856  -3.653  -4.354  33.265 0.0000000000
83857  -4.212  -4.875  33.289 0.0000000000
83858  -5.512  -4.739  32.653 0.0000000000
83859  -6.602  -5.087  32.365 0.0000000000
83860  -7.163  -5.211  32.211 0.0000000000
83861  -9.726  -4.840  32.134 0.0000000000
83862  -10.561  -4.328  32.338 0.0000000000
83863  -11.100  -4.319  32.723 0.0000000000
83872  0.383  -4.636  32.358 0.0000000000
83873  -0.011  -4.631  32.881 0.0000000000
83874  -0.776  -4.617  33.131 0.0000000000
83875  -1.332  -4.552  33.290 0.0000000000
83876  -5.869  -3.967  32.206 0.0000000000
83877  -6.473  -4.174  32.122 0.0000000000
83878  -7.472  -4.536  31.881 0.0000000000
83879  -8.554  -4.265  31.706 0.0000000000
83880  -9.418  -4.155  31.816 0.0000000000
83881  -9.970  -4.186  31.992 0.0000000000
83885  0.456  -4.528  31.355 0.0000000000
83886  0.126  -4.478  30.422 0.0000000000
83889  -0.337  -4.518  29.449 0.0000000000
83892  -0.549  -4.533  28.295 0.0000000000
83896  -0.536  -4.478  27.078 0.0000000000
83903  -0.397  -4.424  25.903 0.0000000000
83907  -0.460  -4.448  24.868 0.0000000000
84746  -7.470  -2.718  53.248 0.0000000000
84761  -8.052  -2.599  52.651 0.0000000000
84762  -8.484  -2.394  52.282 0.0000000000
84774  -7.816  -3.127  51.808 0.0000000000
84775  -8.413  -2.667  51.836 0.0000000000
84795  -8.319  -2.987  51.056 0.0000000000
84816  -8.099  -3.153  50.179 0.0000000000
84831  -7.873  -3.259  49.604 0.0000000000
84862  -7.057  -3.164  47.177 0.0000000000
84881  -6.964  -3.117  46.209 0.0000000000
84901  -6.896  -3.194  45.197 0.0000000000
84921  -6.833  -3.330  44.090 0.0000000000
84939  -6.874  -3.587  42.629 0.0000000000
84940  -7.578  -3.394  41.903 0.0000000000
84955  -5.925  -3.744  41.369 0.0000000000
84956  -7.059  -3.616  41.216 0.0000000000
84957  -7.931  -3.211  41.230 0.0000000000
84971  -6.194  -3.469  40.211 0.0000000000
84972  -7.342  -3.252  40.093 0.0000000000
84973  -8.188  -2.855  40.437 0.0000000000
84983  -5.421  -3.611  39.359 0.0000000000
84984  -6.442  -3.208  39.184 0.0000000000
84985  -7.190  -2.825  39.208 0.0000000000
84994  -5.953  -3.680  38.795 0.0000000000
84995  -6.610  -3.550  38.469 0.0000000000
84996  -7.221  -3.641  38.067 0.0000000000
85005  -7.756  -3.553  37.804 0.0000000000
85006  -8.243  -3.458  37.636 0.0000000000
85007  -9.093  -3.456  37.448 0.0000000000
85008  -9.935  -3.782  37.389 0.0000000000
85017  -9.773  -3.210  37.150 0.0000000000
85018  -10.416  -3.445  36.929 0.0000000000
85019  -11.075  -3.367  36.427 0.0000000000
85027  -11.590  -3.449  35.662 0.0000000000
85036  0.108  -3.071  34.844 0.0000000000
85037  -0.057  -3.063  34.907 0.0000000000
85038  -11.915  -3.430  34.604 0.0000000000
85039  -12.056  -3.026  34.032 0.0000000000
85049  0.243  -3.090  34.607 0.0000000000
85050  -0.212  -3.158  34.671 0.0000000000
85051  -0.857  -3.444  34.114 0.0000000000
85052  -1.780  -3.860  33.761 0.0000000000
85053  -2.578  -4.052  33.529 0.0000000000
85054  -11.787  -3.502  33.660 0.0000000000
85055  -11.947  -2.902  33.763 0.0000000000
85064  0.509  -3.220  33.977 0.0000000000
85065  -1.380  -3.406  33.717 0.0000000000
85066  -2.116  -3.581  33.331 0.0000000000
85067  -3.138  -3.866  33.233 0.0000000000
85068  -3.930  -4.023  32.957 0.0000000000
85069  -4.661  -4.181  32.690 0.0000000000
85070  -10.704  -3.550  32.220 0.0000000000
85071  -11.236  -3.517  32.713 0.0000000000
85076  0.538  -3.425  33.005 0.0000000000
85077  -2.588  -3.408  32.730 0.0000000000
85078  -3.298  -3.519  32.274 0.0000000000
85079  -4.264  -3.706  32.130 0.0000000000
85080  -5.259  -3.707  32.041 0.0000000000
85081  -6.144  -3.616  31.658 0.0000000000
85082  -7.104  -3.523  31.457 0.0000000000
85083  -8.092  -3.520  31.519 0.0000000000
85084  -9.031  -3.388  31.581 0.0000000000
85085  -10.079  -3.415  31.825 0.0000000000
85090  0.517  -3.557  31.886 0.0000000000
85091  0.313  -3.565  30.830 0.0000000000
85092  -3.759  -3.349  31.475 0.0000000000
85093  -4.557  -3.361  31.190 0.0000000000
85094  -5.582  -3.346  31.005 0.0000000000
85095  -6.514  -3.234  30.876 0.0000000000
85096  -7.223  -3.034  30.803 0.0000000000
85104  -0.210  -3.548  29.874 0.0000000000
85111  -0.558  -3.529  28.810 0.0000000000
85118  -0.580  -3.490  27.668 0.0000000000
85122  -0.428  -3.264  26.474 0.0000000000
85126  -0.334  -3.380  25.261 0.0000000000
85983  -7.406  -2.056  54.233 0.0000000000
85992  -7.855  -2.109  53.559 0.0000000000
85993  -8.295  -1.803  53.218 0.0000000000
86000  -8.230  -2.166  53.044 0.0000000000
86001  -8.623  -1.980  52.667 0.0000000000
86002  -9.074  -1.704  52.162 0.0000000000
86009  -8.826  -2.210  51.962 0.0000000000
86010  -9.309  -1.820  51.537 0.0000000000
86022  -8.906  -2.445  51.239 0.0000000000
86023  -9.469  -1.962  50.662 0.0000000000
86030  -8.820  -2.661  50.321 0.0000000000
86031  -9.449  -2.163  49.623 0.0000000000
86038  -8.006  -3.235  48.890 0.0000000000
86039  -8.469  -2.950  49.174 0.0000000000
86040  -9.399  -2.239  48.553 0.0000000000
86045  -7.997  -3.172  48.429 0.0000000000
86046  -8.690  -2.680  47.995 0.0000000000
86047  -9.393  -2.023  47.577 0.0000000000
86056  -7.929  -2.954  47.498 0.0000000000
86057  -8.687  -2.329  46.906 0.0000000000
86058  -9.366  -1.722  46.842 0.0000000000
86070  -7.812  -2.787  46.520 0.0000000000
86071  -8.433  -2.270  45.878 0.0000000000
86085  -7.707  -2.773  45.531 0.0000000000
86086  -8.327  -2.254  44.912 0.0000000000
86098  -7.636  -2.857  44.519 0.0000000000
86099  -8.216  -2.348  43.858 0.0000000000
86107  -7.606  -3.049  43.530 0.0000000000
86108  -8.140  -2.787  42.501 0.0000000000
86114  -8.513  -2.421  41.273 0.0000000000
86123  -7.924  -2.676  39.573 0.0000000000
86124  -8.719  -2.136  40.127 0.0000000000
86136  -7.004  -2.972  38.609 0.0000000000
86137  -7.619  -2.591  38.774 0.0000000000
86138  -8.307  -2.193  39.092 0.0000000000
86152  -7.084  -3.286  38.278 0.0000000000
86153  -7.567  -2.975  38.052 0.0000000000
86154  -8.165  -2.425  38.323 0.0000000000
86169  -7.960  -3.165  37.761 0.0000000000
86170  -8.454  -2.729  37.715 0.0000000000
86171  -9.566  -2.519  37.269 0.0000000000
86172  -10.027  -2.024  37.040 0.0000000000
86183  -10.010  -2.903  36.959 0.0000000000
86184  -10.421  -2.470  36.682 0.0000000000
86185  -11.283  -2.458  36.031 0.0000000000
86193  -11.765  -2.464  35.191 0.0000000000
86202  0.092  -2.887  34.738 0.0000000000
86203  -0.144  -2.937  34.767 0.0000000000
86204  -11.995  -2.486  34.201 0.0000000000
86205  -12.056  -2.776  33.960 0.0000000000
86212  0.309  -2.554  34.142 0.0000000000
86213  -0.267  -2.613  34.157 0.0000000000
86214  -0.926  -3.090  33.863 0.0000000000
86215  -11.755  -2.570  33.380 0.0000000000
86216  -11.962  -2.642  33.773 0.0000000000
86220  0.492  -2.500  33.390 0.0000000000
86221  -0.421  -1.987  33.142 0.0000000000
86222  -1.251  -2.873  33.176 0.0000000000
86223  -2.032  -3.216  32.765 0.0000000000
86224  -10.786  -2.923  32.149 0.0000000000
86225  -11.250  -2.399  32.470 0.0000000000
86231  0.537  -2.492  32.346 0.0000000000
86232  -0.503  -1.553  32.643 0.0000000000
86233  -0.970  -2.038  32.367 0.0000000000
86234  -2.225  -2.706  31.791 0.0000000000
86235  -3.178  -3.128  31.468 0.0000000000
86236  -7.839  -2.900  31.051 0.0000000000
86237  -8.590  -2.716  31.255 0.0000000000
86238  -9.418  -2.352  31.385 0.0000000000
86239  -10.385  -2.345  31.741 0.0000000000
86240  -10.886  -2.295  32.044 0.0000000000
86256  0.450  -2.594  31.256 0.0000000000
86257  0.133  -2.627  30.290 0.0000000000
86258  -2.610  -2.178  30.789 0.0000000000
86259  -3.551  -2.595  30.522 0.0000000000
86260  -4.959  -2.880  30.273 0.0000000000
86261  -6.029  -2.932  30.178 0.0000000000
86262  -6.953  -2.860  30.193 0.0000000000
86263  -7.677  -2.620  30.410 0.0000000000
86264  -8.403  -2.229  30.592 0.0000000000
86265  -8.870  -2.197  31.026 0.0000000000
86282  -0.312  -2.554  29.308 0.0000000000
86283  -3.875  -1.978  29.586 0.0000000000
86284  -4.540  -2.190  29.597 0.0000000000
86285  -5.561  -2.300  29.584 0.0000000000
86286  -6.572  -2.322  29.601 0.0000000000
86287  -7.492  -2.272  29.816 0.0000000000
86288  -8.009  -2.236  30.116 0.0000000000
86302  -0.499  -2.537  28.194 0.0000000000
86317  -0.521  -2.603  27.254 0.0000000000
86331  -0.484  -2.174  26.583 0.0000000000
86339  -0.379  -2.283  25.677 0.0000000000
87127  -7.128  -1.091  54.807 0.0000000000
87138  -7.577  -1.240  54.289 0.0000000000
87146  -8.114  -1.301  53.616 0.0000000000
87147  -8.526  -1.268  53.097 0.0000000000
87155  -8.967  -1.183  52.575 0.0000000000
87156  -9.417  -1.119  51.943 0.0000000000
87166  -9.710  -1.132  51.106 0.0000000000
87177  -10.027  -1.157  50.022 0.0000000000
87178  -10.220  -0.611  49.680 0.0000000000
87185  -10.030  -1.560  48.978 0.0000000000
87186  -10.330  -0.791  49.202 0.0000000000
87193  -9.982  -1.592  48.070 0.0000000000
87194  -10.343  -0.989  48.362 0.0000000000
87199  -9.958  -1.238  47.255 0.0000000000
87200  -10.235  -1.101  47.791 0.0000000000
87210  -9.078  -1.740  46.145 0.0000000000
87211  -9.651  -1.194  46.409 0.0000000000
87224  -8.903  -1.708  45.311 0.0000000000
87225  -9.398  -1.189  45.573 0.0000000000
87240  -8.857  -1.445  44.418 0.0000000000
87241  -9.191  -1.264  44.999 0.0000000000
87255  -8.603  -1.629  43.287 0.0000000000
87262  -8.594  -1.606  42.161 0.0000000000
87268  -8.765  -1.379  41.103 0.0000000000
87279  -9.075  -1.066  40.172 0.0000000000
87280  -9.151  -0.628  39.876 0.0000000000
87291  -8.925  -1.608  39.335 0.0000000000
87292  -9.230  -0.892  39.460 0.0000000000
87306  -8.695  -1.934  38.534 0.0000000000
87307  -9.221  -1.274  38.690 0.0000000000
87325  -8.571  -2.242  38.067 0.0000000000
87326  -9.123  -1.877  37.923 0.0000000000
87327  -9.826  -1.577  37.386 0.0000000000
87344  -10.327  -1.528  36.874 0.0000000000
87345  -10.878  -1.570  36.320 0.0000000000
87363  -11.415  -1.530  35.620 0.0000000000
87377  -11.768  -1.510  34.749 0.0000000000
87387  0.349  -2.308  33.863 0.0000000000
87388  0.166  -2.203  33.862 0.0000000000
87389  -11.895  -1.540  33.799 0.0000000000
87401  0.269  -1.966  33.535 0.0000000000
87402  0.060  -1.648  33.446 0.0000000000
87403  -11.639  -1.550  32.827 0.0000000000
87415  0.463  -1.573  32.708 0.0000000000
87416  -0.158  -1.215  32.855 0.0000000000
87417  -0.670  -1.094  32.136 0.0000000000
87418  -1.390  -1.645  31.663 0.0000000000
87419  -9.464  -1.812  31.199 0.0000000000
87420  -9.940  -1.569  31.342 0.0000000000
87421  -10.983  -1.499  31.913 0.0000000000
87437  0.496  -1.446  31.528 0.0000000000
87438  0.344  -1.891  30.697 0.0000000000
87439  -1.270  -0.879  31.432 0.0000000000
87440  -2.044  -1.397  30.826 0.0000000000
87441  -2.808  -1.779  30.296 0.0000000000
87442  -8.612  -1.813  30.386 0.0000000000
87443  -9.112  -1.582  30.722 0.0000000000
87444  -9.786  -0.904  30.923 0.0000000000
87454  0.327  -1.223  30.609 0.0000000000
87455  0.035  -1.585  29.912 0.0000000000
87456  -2.630  -1.120  30.036 0.0000000000
87457  -3.355  -1.419  29.626 0.0000000000
87458  -4.285  -1.322  29.146 0.0000000000
87459  -5.167  -1.567  29.101 0.0000000000
87460  -6.120  -1.638  29.055 0.0000000000
87461  -7.203  -1.557  29.168 0.0000000000
87462  -8.283  -1.602  29.863 0.0000000000
87463  -8.907  -0.905  30.008 0.0000000000
87473  -0.313  -1.504  28.760 0.0000000000
87474  -4.901  -0.903  28.819 0.0000000000
87475  -5.641  -0.908  28.647 0.0000000000
87476  -6.594  -0.939  28.597 0.0000000000
87477  -7.293  -0.808  28.745 0.0000000000
87488  -0.502  -1.535  27.431 0.0000000000
87504  -0.535  -1.156  26.159 0.0000000000
88315  -7.203  -0.718  54.644 0.0000000000
88329  -6.736  0.129  54.532 0.0000000000
88330  -7.208  -0.216  54.362 0.0000000000
88339  -7.793  -0.469  53.826 0.0000000000
88340  -8.271  -0.682  53.393 0.0000000000
88349  -8.591  -0.466  52.894 0.0000000000
88350  -9.070  -0.352  52.294 0.0000000000
88359  -9.462  -0.311  51.552 0.0000000000
88367  -9.800  -0.212  50.639 0.0000000000
88368  -10.105  -0.380  49.988 0.0000000000
88375  -9.957  0.182  50.022 0.0000000000
88376  -10.266  -0.061  49.459 0.0000000000
88382  -10.450  -0.186  48.612 0.0000000000
88388  -10.196  -0.824  47.187 0.0000000000
88389  -10.402  -0.451  47.527 0.0000000000
88400  -10.120  -0.727  46.798 0.0000000000
88401  -10.348  -0.055  46.593 0.0000000000
88412  -9.914  -0.480  45.907 0.0000000000
88413  -10.176  0.229  45.986 0.0000000000
88426  -9.123  -0.949  44.341 0.0000000000
88427  -9.430  -0.610  44.761 0.0000000000
88440  -9.011  -0.750  43.874 0.0000000000
88441  -9.328  -0.005  44.051 0.0000000000
88447  -8.685  -0.696  42.869 0.0000000000
88456  -8.524  -0.566  41.860 0.0000000000
88466  -8.695  -0.395  40.873 0.0000000000
88467  -8.991  -0.296  40.164 0.0000000000
88476  -9.184  -0.294  39.653 0.0000000000
88487  -9.366  -0.429  38.950 0.0000000000
88501  -9.645  -0.766  37.969 0.0000000000
88502  -10.152  -0.778  37.187 0.0000000000
88516  -10.576  -0.777  36.606 0.0000000000
88517  -11.065  -0.717  36.035 0.0000000000
88530  -11.461  -0.531  35.297 0.0000000000
88541  -11.797  -0.571  34.303 0.0000000000
88546  -11.831  -0.608  33.317 0.0000000000
88549  0.150  -1.151  32.873 0.0000000000
88550  -0.042  -1.016  32.952 0.0000000000
88551  -11.495  -0.633  32.441 0.0000000000
88554  0.496  -0.283  32.038 0.0000000000
88555  -0.064  -0.269  32.443 0.0000000000
88556  -0.756  -0.124  31.641 0.0000000000
88557  -10.445  -0.608  31.329 0.0000000000
88558  -11.083  -0.465  31.836 0.0000000000
88561  0.330  -0.329  30.756 0.0000000000
88562  0.145  0.138  30.250 0.0000000000
88563  -1.505  -0.253  30.841 0.0000000000
88564  -2.226  -0.431  30.151 0.0000000000
88565  -9.487  -0.496  30.348 0.0000000000
88566  -10.002  -0.294  30.805 0.0000000000
88568  0.192  -0.885  30.205 0.0000000000
88569  -0.062  -0.385  29.619 0.0000000000
88570  -2.862  -0.477  29.543 0.0000000000
88571  -3.809  -0.341  28.906 0.0000000000
88572  -4.475  -0.661  28.801 0.0000000000
88573  -7.834  -0.863  29.165 0.0000000000
88574  -8.490  -0.506  29.427 0.0000000000
88575  -9.084  -0.267  29.772 0.0000000000
88577  -0.404  -0.408  28.191 0.0000000000
88578  -4.229  0.272  28.569 0.0000000000
88579  -4.958  -0.031  28.454 0.0000000000
88580  -6.168  -0.139  28.324 0.0000000000
88581  -7.071  -0.224  28.372 0.0000000000
88582  -7.715  -0.303  28.729 0.0000000000
88583  -8.080  -0.397  29.035 0.0000000000
88585  -0.600  -0.316  27.003 0.0000000000
88588  -0.592  -0.085  26.138 0.0000000000
88594  -0.571  -0.295  25.339 0.0000000000
89432  -6.716  0.387  54.179 0.0000000000
89444  -7.162  0.418  53.665 0.0000000000
89445  -8.001  0.098  53.262 0.0000000000
89457  -7.292  0.805  52.846 0.0000000000
89458  -8.313  0.540  52.422 0.0000000000
89459  -8.997  0.297  51.882 0.0000000000
89469  -8.619  0.848  51.710 0.0000000000
89470  -9.222  0.642  51.195 0.0000000000
89478  -9.536  0.710  50.351 0.0000000000
89485  -9.810  0.800  49.545 0.0000000000
89486  -10.228  0.488  48.928 0.0000000000
89492  -9.897  1.104  48.798 0.0000000000
89493  -10.285  0.689  48.105 0.0000000000
89499  -10.352  0.564  47.133 0.0000000000
89510  -10.225  0.648  46.377 0.0000000000
89521  -9.942  0.278  45.343 0.0000000000
89522  -10.063  0.781  45.792 0.0000000000
89534  -9.607  0.515  44.529 0.0000000000
89548  -9.007  0.120  43.398 0.0000000000
89549  -9.265  0.727  43.845 0.0000000000
89559  -8.548  0.273  42.560 0.0000000000
89568  -8.046  0.754  40.880 0.0000000000
89569  -8.206  0.459  41.524 0.0000000000
89580  -8.243  0.806  40.512 0.0000000000
89581  -8.589  0.432  40.319 0.0000000000
89582  -8.999  0.064  39.920 0.0000000000
89594  -8.771  0.640  39.758 0.0000000000
89595  -9.085  0.315  39.460 0.0000000000
89607  -9.446  0.248  38.430 0.0000000000
89621  -9.815  0.183  37.191 0.0000000000
89622  -10.247  -0.305  36.786 0.0000000000
89634  -9.981  0.590  36.583 0.0000000000
89635  -10.499  0.145  36.237 0.0000000000
89636  -11.073  -0.178  35.808 0.0000000000
89645  -10.707  0.550  35.790 0.0000000000
89646  -11.073  0.310  35.558 0.0000000000
89655  -11.497  0.308  34.772 0.0000000000
89659  -11.740  0.322  33.800 0.0000000000
89663  -11.685  0.233  32.831 0.0000000000
89669  0.137  1.080  31.683 0.0000000000
89670  -0.391  0.831  31.754 0.0000000000
89671  -1.002  0.682  31.048 0.0000000000
89672  -10.832  0.337  31.604 0.0000000000
89673  -11.347  0.080  32.158 0.0000000000
89680  0.400  0.913  31.042 0.0000000000
89681  0.253  0.402  30.555 0.0000000000
89682  -1.926  0.628  30.075 0.0000000000
89683  -2.466  0.057  29.723 0.0000000000
89684  -9.864  0.409  30.510 0.0000000000
89685  -10.316  0.156  31.044 0.0000000000
89692  0.396  1.401  30.580 0.0000000000
89693  0.095  0.854  30.066 0.0000000000
89694  -2.469  1.136  29.520 0.0000000000
89695  -2.944  0.552  29.271 0.0000000000
89696  -3.760  0.669  28.689 0.0000000000
89697  -8.871  0.453  29.434 0.0000000000
89698  -9.412  0.210  29.941 0.0000000000
89704  -0.306  0.686  28.831 0.0000000000
89705  -4.466  0.859  28.371 0.0000000000
89706  -5.199  0.999  28.154 0.0000000000
89707  -5.925  0.769  28.079 0.0000000000
89708  -6.856  0.633  28.094 0.0000000000
89709  -7.671  0.474  28.432 0.0000000000
89710  -8.243  0.116  28.909 0.0000000000
89715  -0.530  0.653  27.623 0.0000000000
89718  -0.628  0.693  26.586 0.0000000000
89721  -0.609  0.681  25.673 0.0000000000
90495  -7.287  1.251  52.061 0.0000000000
90496  -8.053  1.232  51.793 0.0000000000
90505  -7.397  1.625  51.308 0.0000000000
90506  -8.382  1.427  51.120 0.0000000000
90507  -9.031  1.291  50.637 0.0000000000
90515  -7.547  1.989  50.524 0.0000000000
90516  -8.415  1.719  50.272 0.0000000000
90517  -9.174  1.443  49.946 0.0000000000
90522  -7.844  2.106  49.884 0.0000000000
90523  -8.476  1.999  49.459 0.0000000000
90524  -9.324  1.592  49.141 0.0000000000
90529  -8.801  2.105  48.758 0.0000000000
90530  -9.487  1.725  48.130 0.0000000000
90531  -10.036  1.224  47.455 0.0000000000
90536  -9.547  1.706  47.101 0.0000000000
90537  -10.063  1.204  46.729 0.0000000000
90546  -9.658  1.667  46.238 0.0000000000
90547  -10.039  1.143  46.026 0.0000000000
90556  -9.780  1.281  45.309 0.0000000000
90557  -9.976  1.076  45.719 0.0000000000
90566  -8.978  1.531  43.781 0.0000000000
90567  -9.247  1.376  44.125 0.0000000000
90581  -8.909  1.153  43.354 0.0000000000
90582  -9.178  1.107  43.759 0.0000000000
90596  -7.748  1.331  42.046 0.0000000000
90597  -8.100  1.168  42.301 0.0000000000
90607  -7.169  1.522  41.269 0.0000000000
90608  -7.606  1.248  41.535 0.0000000000
90609  -7.942  0.938  41.788 0.0000000000
90620  -7.147  1.546  40.652 0.0000000000
90621  -7.947  1.113  40.472 0.0000000000
90622  -8.343  0.862  40.277 0.0000000000
90634  -7.199  1.742  39.955 0.0000000000
90635  -7.790  1.630  39.674 0.0000000000
90636  -8.542  1.033  39.750 0.0000000000
90637  -8.873  0.734  39.499 0.0000000000
90647  -8.012  1.862  39.059 0.0000000000
90648  -8.550  1.582  38.772 0.0000000000
90649  -9.065  0.892  39.013 0.0000000000
90660  -8.868  1.684  37.596 0.0000000000
90661  -9.304  1.034  37.968 0.0000000000
90670  -9.012  1.790  36.998 0.0000000000
90671  -9.552  1.271  36.677 0.0000000000
90672  -10.124  0.765  36.318 0.0000000000
90682  -9.757  1.692  35.580 0.0000000000
90683  -10.408  1.003  35.802 0.0000000000
90684  -10.814  0.708  35.580 0.0000000000
90695  -9.790  1.886  35.033 0.0000000000
90696  -10.369  1.628  34.835 0.0000000000
90697  -11.003  0.917  35.186 0.0000000000
90706  -10.672  1.808  33.718 0.0000000000
90707  -11.264  1.121  34.295 0.0000000000
90714  -10.754  1.683  32.671 0.0000000000
90715  -11.381  1.100  33.256 0.0000000000
90722  0.251  2.075  31.507 0.0000000000
90723  -0.236  1.807  31.420 0.0000000000
90724  -0.612  1.265  31.245 0.0000000000
90725  -9.977  1.733  31.385 0.0000000000
90726  -10.630  1.316  31.812 0.0000000000
90727  -11.226  0.848  32.328 0.0000000000
90736  0.524  1.943  31.289 0.0000000000
90737  -0.500  2.190  30.958 0.0000000000
90738  -1.023  1.679  30.599 0.0000000000
90739  -9.154  1.878  30.347 0.0000000000
90740  -9.732  1.346  30.678 0.0000000000
90741  -10.307  0.916  31.103 0.0000000000
90750  0.646  1.913  30.838 0.0000000000
90751  0.444  1.852  30.194 0.0000000000
90752  -2.009  1.698  29.684 0.0000000000
90753  -2.938  1.680  29.006 0.0000000000
90754  -3.376  1.129  28.840 0.0000000000
90755  -8.849  1.557  29.546 0.0000000000
90756  -9.444  0.997  29.956 0.0000000000
90766  -0.040  1.753  29.309 0.0000000000
90767  -3.436  2.139  28.607 0.0000000000
90768  -3.890  1.650  28.462 0.0000000000
90769  -4.865  1.674  28.089 0.0000000000
90770  -5.797  1.768  27.787 0.0000000000
90771  -6.630  1.461  27.864 0.0000000000
90772  -7.576  1.653  28.151 0.0000000000
90773  -8.354  1.097  28.812 0.0000000000
90784  -0.357  1.663  28.171 0.0000000000
90785  -6.181  2.324  27.620 0.0000000000
90786  -6.568  2.131  27.703 0.0000000000
90787  -7.025  1.945  27.806 0.0000000000
90795  -0.536  1.630  27.082 0.0000000000
90798  -0.545  1.610  26.099 0.0000000000
90801  -0.542  1.569  25.171 0.0000000000
91581  -7.338  2.482  49.951 0.0000000000
91586  -7.507  2.562  49.251 0.0000000000
91587  -8.122  2.322  48.815 0.0000000000
91591  -7.538  2.669  48.474 0.0000000000
91592  -8.310  2.370  48.038 0.0000000000
91593  -8.931  2.164  47.394 0.0000000000
91599  -8.099  2.427  47.014 0.0000000000
91600  -8.976  2.162  46.580 0.0000000000
91612  -7.110  2.552  46.404 0.0000000000
91613  -8.198  2.398  45.999 0.0000000000
91614  -9.131  2.127  45.625 0.0000000000
91629  -6.197  2.489  45.624 0.0000000000
91630  -7.381  2.572  45.294 0.0000000000
91631  -8.439  2.408  44.934 0.0000000000
91632  -9.145  1.930  44.665 0.0000000000
91649  -5.457  2.491  44.726 0.0000000000
91650  -6.619  2.699  44.473 0.0000000000
91651  -7.734  2.626  44.142 0.0000000000
91652  -8.735  1.991  43.874 0.0000000000
91653  -9.036  1.779  44.232 0.0000000000
91674  -4.829  2.614  43.747 0.0000000000
91675  -5.952  2.785  43.577 0.0000000000
91676  -6.999  2.662  43.337 0.0000000000
91677  -7.897  2.242  43.031 0.0000000000
91678  -8.390  1.724  42.993 0.0000000000
91698  -4.304  2.618  42.662 0.0000000000
91699  -5.411  2.657  42.615 0.0000000000
91700  -6.411  2.499  42.519 0.0000000000
91701  -7.207  2.181  42.433 0.0000000000
91702  -7.676  1.666  42.277 0.0000000000
91703  -8.038  1.748  42.618 0.0000000000
91718  -3.884  2.556  41.476 0.0000000000
91719  -4.993  2.505  41.584 0.0000000000
91720  -5.971  2.335  41.633 0.0000000000
91721  -6.865  1.846  41.615 0.0000000000
91722  -7.297  1.714  41.979 0.0000000000
91735  -2.438  2.418  39.875 0.0000000000
91736  -3.570  2.460  40.209 0.0000000000
91737  -4.697  2.464  40.458 0.0000000000
91738  -5.710  2.277  40.660 0.0000000000
91739  -6.418  1.923  40.880 0.0000000000
91750  -1.627  2.910  38.204 0.0000000000
91751  -2.325  2.446  38.547 0.0000000000
91752  -3.345  2.400  38.917 0.0000000000
91753  -4.463  2.463  39.254 0.0000000000
91754  -5.566  2.391  39.555 0.0000000000
91755  -6.651  2.022  39.875 0.0000000000
91756  -7.287  1.882  39.630 0.0000000000
91765  -1.858  3.083  37.258 0.0000000000
91766  -2.343  2.605  37.386 0.0000000000
91767  -3.208  2.407  37.680 0.0000000000
91768  -4.258  2.508  38.022 0.0000000000
91769  -5.377  2.540  38.363 0.0000000000
91770  -6.489  2.458  38.701 0.0000000000
91771  -7.515  2.127  38.983 0.0000000000
91772  -8.083  1.942  38.747 0.0000000000
91781  -2.118  3.298  36.882 0.0000000000
91782  -2.525  3.006  36.512 0.0000000000
91783  -3.218  2.630  36.628 0.0000000000
91784  -4.119  2.521  36.850 0.0000000000
91785  -5.169  2.546  37.142 0.0000000000
91786  -6.299  2.570  37.490 0.0000000000
91787  -7.398  2.477  37.844 0.0000000000
91788  -8.185  2.090  38.168 0.0000000000
91798  -3.018  3.174  36.167 0.0000000000
91799  -3.427  2.971  35.822 0.0000000000
91800  -4.121  2.649  35.863 0.0000000000
91801  -4.992  2.441  35.994 0.0000000000
91802  -6.064  2.455  36.275 0.0000000000
91803  -7.228  2.475  36.631 0.0000000000
91804  -8.414  2.198  36.991 0.0000000000
91805  -9.057  1.864  36.705 0.0000000000
91815  -3.884  3.111  35.436 0.0000000000
91816  -4.278  2.926  35.122 0.0000000000
91817  -4.911  2.578  35.037 0.0000000000
91818  -5.825  2.398  35.141 0.0000000000
91819  -6.965  2.434  35.434 0.0000000000
91820  -8.151  2.397  35.798 0.0000000000
91821  -9.080  2.033  36.137 0.0000000000
91833  -4.510  3.006  34.659 0.0000000000
91834  -4.874  2.869  34.301 0.0000000000
91835  -5.621  2.560  34.174 0.0000000000
91836  -6.670  2.494  34.292 0.0000000000
91837  -7.893  2.488  34.625 0.0000000000
91838  -9.178  2.218  34.996 0.0000000000
91839  -9.813  1.996  34.758 0.0000000000
91852  -5.086  3.023  33.846 0.0000000000
91853  -5.452  2.890  33.613 0.0000000000
91854  -6.451  2.776  33.251 0.0000000000
91855  -7.571  2.614  33.519 0.0000000000
91856  -8.815  2.460  33.833 0.0000000000
91857  -9.844  2.199  34.200 0.0000000000
91865  -6.804  2.893  32.769 0.0000000000
91866  -7.332  2.857  32.645 0.0000000000
91867  -8.492  2.637  32.755 0.0000000000
91868  -9.836  2.404  33.000 0.0000000000
91877  0.308  2.388  31.467 0.0000000000
91878  0.077  2.344  31.493 0.0000000000
91879  -8.133  2.805  31.918 0.0000000000
91880  -9.306  2.450  31.843 0.0000000000
91881  -10.196  2.041  32.094 0.0000000000
91891  0.350  2.684  31.353 0.0000000000
91892  -0.199  2.650  31.163 0.0000000000
91893  -0.704  2.631  30.529 0.0000000000
91894  -8.700  2.674  31.018 0.0000000000
91895  -9.403  2.049  31.022 0.0000000000
91904  0.873  2.771  31.013 0.0000000000
91905  0.723  2.477  30.511 0.0000000000
91906  -1.456  2.581  29.860 0.0000000000
91907  -2.387  2.585  29.251 0.0000000000
91908  -8.692  2.570  30.011 0.0000000000
91919  0.843  3.079  30.491 0.0000000000
91920  0.496  2.730  29.779 0.0000000000
91921  -3.157  2.649  28.733 0.0000000000
91922  -3.838  2.618  28.385 0.0000000000
91923  -4.623  2.531  28.035 0.0000000000
91924  -5.267  2.290  27.809 0.0000000000
91925  -7.797  2.727  28.406 0.0000000000
91926  -8.378  2.374  28.977 0.0000000000
91939  -0.061  2.661  28.695 0.0000000000
91940  -5.252  2.849  27.710 0.0000000000
91941  -5.843  2.683  27.575 0.0000000000
91942  -6.523  2.765  27.629 0.0000000000
91943  -7.182  2.594  27.887 0.0000000000
91956  -0.348  2.601  27.602 0.0000000000
91963  -0.445  2.566  26.574 0.0000000000
91967  -0.444  2.536  25.617 0.0000000000
92890  -1.855  3.622  37.265 0.0000000000
92891  -2.531  3.672  36.732 0.0000000000
92892  -3.052  4.024  36.577 0.0000000000
92904  -2.844  3.330  36.345 0.0000000000
92905  -3.430  3.648  36.052 0.0000000000
92906  -4.062  3.927  35.699 0.0000000000
92918  -3.721  3.262  35.625 0.0000000000
92919  -4.270  3.500  35.318 0.0000000000
92920  -4.751  3.719  34.954 0.0000000000
92936  -4.416  3.141  34.879 0.0000000000
92937  -4.713  3.287  34.600 0.0000000000
92938  -5.121  3.523  34.273 0.0000000000
92952  -4.981  3.166  34.087 0.0000000000
92953  -5.409  3.374  33.815 0.0000000000
92954  -6.035  3.354  33.270 0.0000000000
92959  -6.837  3.308  32.631 0.0000000000
92960  -7.398  3.096  32.052 0.0000000000
92965  -7.335  3.578  32.037 0.0000000000
92966  -7.818  3.386  31.464 0.0000000000
92970  0.535  3.653  31.155 0.0000000000
92971  -0.066  3.583  31.180 0.0000000000
92972  -0.450  3.252  30.741 0.0000000000
92973  -8.330  3.470  30.618 0.0000000000
92976  0.835  3.719  30.771 0.0000000000
92977  -0.531  3.854  30.716 0.0000000000
92978  -1.036  3.538  30.140 0.0000000000
92979  -1.973  3.481  29.469 0.0000000000
92980  -8.426  3.461  29.671 0.0000000000
92984  0.693  3.715  30.087 0.0000000000
92985  0.273  3.636  29.183 0.0000000000
92986  -2.823  3.467  28.914 0.0000000000
92987  -3.627  3.441  28.486 0.0000000000
92988  -4.347  3.343  28.130 0.0000000000
92989  -7.519  3.511  28.282 0.0000000000
92990  -8.100  3.492  28.875 0.0000000000
93000  -0.194  3.584  28.168 0.0000000000
93001  -4.974  3.345  27.798 0.0000000000
93002  -5.638  3.452  27.605 0.0000000000
93003  -6.311  3.440  27.598 0.0000000000
93004  -6.927  3.444  27.807 0.0000000000
93017  -0.424  3.541  27.120 0.0000000000
93027  -0.423  3.513  26.121 0.0000000000
93031  -0.490  3.493  25.195 0.0000000000
93966  -1.583  3.971  37.671 0.0000000000
93967  -2.053  4.362  37.583 0.0000000000
93968  -2.896  4.405  37.088 0.0000000000
93977  -3.498  4.443  36.587 0.0000000000
93978  -4.300  4.474  36.051 0.0000000000
93979  -4.957  4.828  35.966 0.0000000000
93991  -4.396  4.072  35.561 0.0000000000
93992  -5.059  4.350  35.323 0.0000000000
93993  -5.783  4.637  34.980 0.0000000000
94011  -5.035  3.787  34.684 0.0000000000
94012  -5.574  4.132  34.378 0.0000000000
94013  -6.285  4.460  33.993 0.0000000000
94024  -5.924  3.900  33.662 0.0000000000
94025  -6.623  4.202  33.239 0.0000000000
94029  -7.232  4.238  32.413 0.0000000000
94030  -7.694  4.592  31.976 0.0000000000
94033  -7.489  4.035  31.752 0.0000000000
94034  -7.968  4.376  31.273 0.0000000000
94037  0.546  4.544  30.938 0.0000000000
94038  0.088  4.593  31.185 0.0000000000
94039  -0.445  4.915  30.902 0.0000000000
94040  -8.335  4.416  30.333 0.0000000000
94043  0.685  4.553  30.444 0.0000000000
94044  -0.338  4.313  30.965 0.0000000000
94045  -0.923  4.566  30.440 0.0000000000
94046  -1.699  4.401  29.727 0.0000000000
94047  -8.204  4.442  29.463 0.0000000000
94050  0.536  4.581  29.654 0.0000000000
94051  0.072  4.562  28.729 0.0000000000
94052  -2.545  4.329  29.200 0.0000000000
94053  -3.363  4.325  28.683 0.0000000000
94054  -4.270  4.261  28.236 0.0000000000
94055  -4.962  4.432  27.929 0.0000000000
94056  -6.627  4.919  28.106 0.0000000000
94057  -7.098  4.405  28.129 0.0000000000
94058  -7.792  4.398  28.725 0.0000000000
94069  -0.349  4.530  27.726 0.0000000000
94070  -4.768  3.883  27.929 0.0000000000
94071  -5.337  4.040  27.739 0.0000000000
94072  -6.161  4.362  27.752 0.0000000000
94073  -6.652  3.921  27.766 0.0000000000
94088  -0.489  4.501  26.695 0.0000000000
94099  -0.471  4.483  25.726 0.0000000000
95141  -2.254  5.550  38.286 0.0000000000
95148  -2.105  4.992  38.079 0.0000000000
95149  -2.875  5.193  37.891 0.0000000000
95150  -3.770  5.580  37.540 0.0000000000
95151  -4.479  5.757  37.242 0.0000000000
95158  -3.419  4.945  37.175 0.0000000000
95159  -4.048  5.151  36.799 0.0000000000
95160  -5.006  5.431  36.538 0.0000000000
95161  -5.814  5.677  36.218 0.0000000000
95172  -5.391  5.130  35.899 0.0000000000
95173  -6.110  5.306  35.503 0.0000000000
95174  -6.877  5.464  35.055 0.0000000000
95196  -6.322  4.834  34.697 0.0000000000
95197  -7.125  5.192  34.178 0.0000000000
95198  -7.772  5.617  33.733 0.0000000000
95208  -7.439  4.961  33.180 0.0000000000
95209  -8.083  5.600  33.051 0.0000000000
95212  -7.730  4.958  32.523 0.0000000000
95213  -8.156  5.395  32.043 0.0000000000
95216  -8.341  5.390  31.032 0.0000000000
95219  0.546  5.256  30.694 0.0000000000
95220  0.289  5.452  31.043 0.0000000000
95221  -0.277  5.548  30.961 0.0000000000
95222  -8.324  5.395  30.113 0.0000000000
95225  0.627  5.452  30.129 0.0000000000
95226  -0.910  5.474  30.561 0.0000000000
95227  -1.656  5.390  30.024 0.0000000000
95228  -2.483  5.723  29.596 0.0000000000
95229  -7.518  5.798  28.956 0.0000000000
95230  -7.861  5.494  29.209 0.0000000000
95233  0.362  5.519  29.281 0.0000000000
95234  -0.135  5.517  28.355 0.0000000000
95235  -2.304  5.026  29.508 0.0000000000
95236  -3.091  5.253  29.068 0.0000000000
95237  -3.910  5.157  28.527 0.0000000000
95238  -4.909  5.218  28.163 0.0000000000
95239  -6.043  5.311  28.105 0.0000000000
95240  -7.115  5.555  28.565 0.0000000000
95241  -7.532  4.983  28.604 0.0000000000
95254  -0.424  5.498  27.331 0.0000000000
95255  -5.568  4.708  27.882 0.0000000000
95256  -5.937  4.803  27.878 0.0000000000
95276  -0.457  5.474  26.314 0.0000000000
95285  -0.466  5.459  25.368 0.0000000000
96359  -3.412  6.165  38.136 0.0000000000
96360  -4.223  6.383  37.789 0.0000000000
96361  -5.160  6.397  37.319 0.0000000000
96362  -5.898  6.749  37.007 0.0000000000
96374  -5.737  6.143  36.701 0.0000000000
96375  -6.591  6.557  36.248 0.0000000000
96376  -7.288  7.013  35.835 0.0000000000
96394  -6.843  5.904  35.511 0.0000000000
96395  -7.574  6.412  35.096 0.0000000000
96396  -8.213  6.979  34.638 0.0000000000
96418  -7.735  5.909  34.258 0.0000000000
96419  -8.264  6.485  33.925 0.0000000000
96423  -8.510  6.451  32.729 0.0000000000
96427  -8.505  6.396  31.719 0.0000000000
96430  -8.378  6.352  30.802 0.0000000000
96435  0.368  6.220  30.576 0.0000000000
96436  -0.096  6.333  30.927 0.0000000000
96437  -0.937  6.372  30.599 0.0000000000
96438  -1.448  6.755  30.435 0.0000000000
96439  -8.186  6.255  29.981 0.0000000000
96444  0.496  6.434  29.799 0.0000000000
96445  -1.372  5.948  30.350 0.0000000000
96446  -1.964  6.492  30.113 0.0000000000
96447  -3.389  6.365  29.359 0.0000000000
96448  -4.636  6.739  29.145 0.0000000000
96449  -5.237  6.829  29.106 0.0000000000
96450  -6.776  6.750  29.147 0.0000000000
96451  -7.439  6.286  29.197 0.0000000000
96452  -7.880  6.220  29.553 0.0000000000
96459  0.204  6.478  28.935 0.0000000000
96460  -0.305  6.496  28.020 0.0000000000
96461  -3.660  5.729  28.852 0.0000000000
96462  -4.301  5.983  28.686 0.0000000000
96463  -5.394  6.325  28.649 0.0000000000
96464  -6.416  6.218  28.660 0.0000000000
96465  -6.976  6.237  28.839 0.0000000000
96480  -0.415  6.477  26.969 0.0000000000
96499  -0.371  6.432  25.955 0.0000000000
96505  -0.389  6.397  25.025 0.0000000000
97513  -4.656  7.334  37.746 0.0000000000
97514  -5.521  7.356  37.390 0.0000000000
97515  -6.132  7.445  37.024 0.0000000000
97531  -6.583  7.706  36.676 0.0000000000
97532  -7.120  7.612  36.219 0.0000000000
97554  -7.630  7.557  35.634 0.0000000000
97555  -8.151  7.537  35.042 0.0000000000
97573  -8.541  7.580  34.321 0.0000000000
97576  -8.890  7.629  33.268 0.0000000000
97577  -9.200  8.226  32.927 0.0000000000
97581  -8.824  7.282  32.248 0.0000000000
97582  -9.137  7.988  32.441 0.0000000000
97590  -8.633  7.488  31.375 0.0000000000
97591  -9.004  7.779  31.921 0.0000000000
97598  0.107  7.038  30.766 0.0000000000
97599  -0.489  7.101  30.730 0.0000000000
97600  -1.218  7.088  30.544 0.0000000000
97601  -1.644  6.957  30.399 0.0000000000
97602  -7.772  7.698  30.244 0.0000000000
97603  -8.170  7.156  30.543 0.0000000000
97610  0.396  7.396  30.181 0.0000000000
97611  -0.130  7.733  30.443 0.0000000000
97612  -0.898  7.717  30.366 0.0000000000
97613  -1.783  7.432  30.185 0.0000000000
97614  -2.883  7.315  29.879 0.0000000000
97615  -4.077  7.375  29.545 0.0000000000
97616  -5.319  7.389  29.345 0.0000000000
97617  -6.443  7.555  29.466 0.0000000000
97618  -7.274  7.260  29.662 0.0000000000
97619  -7.829  6.833  29.852 0.0000000000
97629  0.345  7.337  29.471 0.0000000000
97630  0.037  7.444  28.672 0.0000000000
97631  -5.519  6.860  29.088 0.0000000000
97632  -5.998  6.897  29.024 0.0000000000
97643  -0.350  7.494  27.710 0.0000000000
97653  -0.401  7.453  26.621 0.0000000000
97656  -0.315  7.346  25.582 0.0000000000
97658  -0.375  7.183  24.782 0.0000000000
98769  -5.141  8.340  37.413 0.0000000000
98770  -5.730  7.915  37.263 0.0000000000
98785  -5.424  8.752  37.169 0.0000000000
98786  -5.929  8.459  37.001 0.0000000000
98787  -6.723  8.482  36.467 0.0000000000
98805  -7.347  8.453  35.968 0.0000000000
98806  -7.899  8.420  35.397 0.0000000000
98816  -8.399  8.426  34.773 0.0000000000
98842  -8.744  8.080  31.228 0.0000000000
98843  -9.151  8.426  31.608 0.0000000000
98848  -7.830  8.141  30.319 0.0000000000
98849  -8.412  8.311  30.625 0.0000000000
98850  -9.083  8.907  30.949 0.0000000000
98859  0.353  7.852  30.029 0.0000000000
98860  0.241  8.214  29.929 0.0000000000
98861  -0.491  8.434  29.899 0.0000000000
98862  -1.364  8.211  29.903 0.0000000000
98863  -2.333  8.082  29.735 0.0000000000
98864  -3.455  8.091  29.635 0.0000000000
98865  -4.612  8.185  29.513 0.0000000000
98866  -5.893  8.475  29.405 0.0000000000
98867  -7.346  8.343  29.948 0.0000000000
98868  -8.033  8.780  30.098 0.0000000000
98879  0.343  7.839  29.790 0.0000000000
98880  0.226  8.208  29.320 0.0000000000
98881  -1.005  8.701  29.621 0.0000000000
98882  -1.649  8.731  29.435 0.0000000000
98883  -2.717  8.686  29.234 0.0000000000
98884  -3.833  8.713  29.101 0.0000000000
98895  -0.053  8.444  28.472 0.0000000000
98905  -0.361  8.508  27.413 0.0000000000
98907  -0.382  8.419  26.230 0.0000000000
98912  -0.308  8.213  25.037 0.0000000000
99942  -6.129  9.400  36.444 0.0000000000
99943  -6.899  9.139  36.144 0.0000000000
100017  0.143  8.627  29.509 0.0000000000
100018  -0.019  8.815  29.575 0.0000000000
100030  0.103  9.082  29.087 0.0000000000
100031  -0.628  9.306  29.203 0.0000000000
100032  -1.886  9.298  28.859 0.0000000000
100049  -0.137  9.452  28.237 0.0000000000
100069  -0.364  9.528  27.052 0.0000000000
100078  -0.285  9.400  25.799 0.0000000000
100088  -0.264  9.319  24.703 0.0000000000
101233  -0.214  9.758  28.615 0.0000000000
