#!ascii label  , from subject ab_data vox2ras=TkReg
302
115383  -32.633  24.466  9.850 0.0000000000
115384  -33.110  24.928  9.753 0.0000000000
115393  -33.501  24.400  9.163 0.0000000000
115394  -34.171  24.843  9.017 0.0000000000
115399  -33.754  23.933  8.394 0.0000000000
115400  -34.471  24.341  8.210 0.0000000000
115401  -35.207  24.693  8.014 0.0000000000
115407  -34.717  23.863  7.396 0.0000000000
115408  -35.451  24.225  7.214 0.0000000000
115409  -36.166  24.624  7.036 0.0000000000
115424  -35.670  23.753  6.355 0.0000000000
115425  -36.391  24.120  6.152 0.0000000000
115426  -37.151  24.551  5.967 0.0000000000
115442  -36.518  23.610  5.180 0.0000000000
115443  -37.336  24.010  4.997 0.0000000000
115444  -38.153  24.518  4.794 0.0000000000
115460  -37.371  23.591  3.910 0.0000000000
115461  -38.251  24.119  3.718 0.0000000000
115462  -39.081  24.719  3.688 0.0000000000
115479  -39.432  24.406  2.890 0.0000000000
115480  -40.166  24.797  2.847 0.0000000000
115494  -40.462  24.414  2.102 0.0000000000
115495  -41.200  24.846  1.902 0.0000000000
115510  -41.454  24.335  1.223 0.0000000000
115511  -42.369  24.612  0.601 0.0000000000
116334  -31.113  25.064  11.219 0.0000000000
116347  -31.579  25.243  10.862 0.0000000000
116348  -32.208  25.347  10.449 0.0000000000
116349  -32.810  25.464  10.077 0.0000000000
116361  -33.366  25.458  9.751 0.0000000000
116362  -33.942  25.426  9.416 0.0000000000
116373  -34.539  25.384  9.011 0.0000000000
116374  -35.157  25.347  8.501 0.0000000000
116375  -35.662  25.659  8.201 0.0000000000
116384  -35.578  25.006  7.969 0.0000000000
116385  -36.120  25.308  7.647 0.0000000000
116386  -36.701  25.635  7.321 0.0000000000
116395  -36.553  24.963  7.005 0.0000000000
116396  -37.170  25.265  6.675 0.0000000000
116397  -37.804  25.598  6.303 0.0000000000
116404  -37.598  24.893  5.953 0.0000000000
116405  -38.239  25.224  5.564 0.0000000000
116406  -38.789  25.653  5.114 0.0000000000
116415  -38.571  24.930  4.750 0.0000000000
116416  -39.125  25.365  4.373 0.0000000000
116417  -39.708  25.794  4.059 0.0000000000
116424  -39.501  25.134  3.700 0.0000000000
116425  -40.159  25.460  3.434 0.0000000000
116426  -40.740  25.761  3.048 0.0000000000
116432  -40.527  25.155  2.789 0.0000000000
116433  -41.078  25.456  2.446 0.0000000000
116440  -41.668  25.480  1.783 0.0000000000
116441  -42.227  25.429  1.061 0.0000000000
116448  -42.660  25.499  0.226 0.0000000000
116456  -42.923  25.858  -0.406 0.0000000000
117199  -31.036  25.980  11.191 0.0000000000
117208  -31.736  26.157  10.777 0.0000000000
117209  -32.399  26.294  10.395 0.0000000000
117210  -33.018  26.289  10.020 0.0000000000
117219  -33.580  26.282  9.696 0.0000000000
117220  -34.186  26.293  9.364 0.0000000000
117230  -34.796  26.276  8.954 0.0000000000
117231  -35.346  26.339  8.528 0.0000000000
117232  -35.887  26.320  8.124 0.0000000000
117244  -36.427  26.334  7.727 0.0000000000
117245  -37.009  26.345  7.305 0.0000000000
117256  -37.561  26.363  6.777 0.0000000000
117257  -38.108  26.375  6.222 0.0000000000
117267  -38.592  26.424  5.614 0.0000000000
117268  -39.017  26.497  5.008 0.0000000000
117277  -39.508  26.559  4.499 0.0000000000
117278  -40.043  26.604  3.988 0.0000000000
117287  -40.596  26.605  3.362 0.0000000000
117288  -41.027  26.287  2.847 0.0000000000
117298  -40.914  27.042  2.787 0.0000000000
117299  -41.434  26.622  2.270 0.0000000000
117308  -41.969  26.556  1.457 0.0000000000
117309  -42.387  26.524  0.657 0.0000000000
117316  -42.674  26.568  -0.119 0.0000000000
117323  -43.032  26.668  -0.775 0.0000000000
118026  -30.619  27.064  11.139 0.0000000000
118027  -31.267  26.774  10.925 0.0000000000
118032  -31.100  27.373  10.778 0.0000000000
118033  -31.790  27.180  10.533 0.0000000000
118034  -32.632  27.192  10.083 0.0000000000
118035  -33.189  26.914  9.829 0.0000000000
118040  -33.055  27.507  9.743 0.0000000000
118041  -33.640  27.194  9.490 0.0000000000
118042  -34.345  27.069  9.124 0.0000000000
118048  -34.866  27.112  8.743 0.0000000000
118049  -35.434  27.202  8.275 0.0000000000
118050  -36.021  26.969  7.935 0.0000000000
118056  -35.753  27.506  7.823 0.0000000000
118057  -36.435  27.301  7.483 0.0000000000
118058  -37.172  27.085  7.105 0.0000000000
118067  -36.804  27.641  6.916 0.0000000000
118068  -37.467  27.414  6.418 0.0000000000
118069  -38.112  27.156  5.888 0.0000000000
118079  -37.701  27.749  5.701 0.0000000000
118080  -38.394  27.560  5.217 0.0000000000
118081  -39.043  27.306  4.711 0.0000000000
118091  -38.672  27.946  4.521 0.0000000000
118092  -39.361  27.695  4.043 0.0000000000
118093  -40.074  27.374  3.593 0.0000000000
118102  -39.655  28.055  3.217 0.0000000000
118103  -40.363  27.599  2.988 0.0000000000
118110  -39.834  28.219  2.507 0.0000000000
118111  -40.581  27.833  2.054 0.0000000000
118112  -41.369  27.407  1.605 0.0000000000
118119  -40.855  28.057  1.221 0.0000000000
118120  -41.659  27.737  0.779 0.0000000000
118121  -42.342  27.386  0.206 0.0000000000
118127  -41.940  28.135  0.004 0.0000000000
118128  -42.535  27.751  -0.509 0.0000000000
118802  -30.192  28.128  10.910 0.0000000000
118803  -30.739  27.672  10.805 0.0000000000
118809  -30.558  28.636  10.461 0.0000000000
118810  -31.124  28.098  10.454 0.0000000000
118811  -32.148  28.147  9.939 0.0000000000
118812  -32.728  27.813  9.815 0.0000000000
118819  -32.382  28.591  9.470 0.0000000000
118820  -33.064  28.288  9.373 0.0000000000
118821  -33.989  27.810  9.058 0.0000000000
118822  -34.461  27.531  8.856 0.0000000000
118829  -33.232  28.697  8.939 0.0000000000
118830  -33.681  28.509  8.795 0.0000000000
118831  -34.663  28.035  8.491 0.0000000000
118832  -35.317  27.872  8.015 0.0000000000
118838  -35.048  28.319  7.928 0.0000000000
118839  -35.621  28.141  7.483 0.0000000000
118840  -36.288  28.016  7.067 0.0000000000
118846  -35.834  28.510  6.837 0.0000000000
118847  -36.581  28.254  6.423 0.0000000000
118848  -37.157  28.162  5.869 0.0000000000
118855  -35.733  28.841  6.054 0.0000000000
118856  -36.426  28.647  5.495 0.0000000000
118857  -37.378  28.384  5.110 0.0000000000
118858  -38.057  28.331  4.610 0.0000000000
118866  -34.677  29.175  4.551 0.0000000000
118867  -35.217  29.066  4.909 0.0000000000
118868  -36.293  28.748  4.457 0.0000000000
118869  -37.245  28.655  4.083 0.0000000000
118870  -38.278  28.497  3.806 0.0000000000
118871  -38.928  28.400  3.311 0.0000000000
118878  -34.608  29.103  4.083 0.0000000000
118879  -35.300  28.826  3.746 0.0000000000
118880  -36.193  28.696  3.361 0.0000000000
118881  -37.149  28.702  3.010 0.0000000000
118882  -38.076  28.631  2.713 0.0000000000
118883  -39.002  28.550  2.525 0.0000000000
118889  -34.528  28.877  3.135 0.0000000000
118890  -35.247  28.626  2.694 0.0000000000
118891  -36.096  28.473  2.271 0.0000000000
118892  -37.039  28.393  1.947 0.0000000000
118893  -38.040  28.555  1.701 0.0000000000
118894  -39.271  28.571  1.591 0.0000000000
118895  -40.071  28.434  1.161 0.0000000000
118906  -39.140  28.569  0.492 0.0000000000
118907  -40.334  28.466  0.379 0.0000000000
118908  -41.148  28.463  0.009 0.0000000000
118919  -40.195  28.564  -0.554 0.0000000000
118920  -41.374  28.517  -0.712 0.0000000000
119629  -29.568  28.741  11.042 0.0000000000
119638  -30.008  29.389  10.445 0.0000000000
119639  -30.970  28.890  10.065 0.0000000000
119640  -31.511  28.573  9.969 0.0000000000
119648  -30.368  29.883  9.758 0.0000000000
119649  -30.852  29.490  9.685 0.0000000000
119650  -31.831  29.089  9.373 0.0000000000
119651  -32.552  28.813  9.214 0.0000000000
119657  -32.126  29.428  8.752 0.0000000000
119658  -32.930  29.152  8.558 0.0000000000
119659  -34.153  28.815  8.202 0.0000000000
119660  -34.700  28.546  8.058 0.0000000000
119665  -33.033  29.654  7.282 0.0000000000
119666  -33.850  29.296  7.457 0.0000000000
119667  -34.827  28.792  7.468 0.0000000000
119668  -35.386  28.614  7.130 0.0000000000
119673  -33.060  29.862  6.713 0.0000000000
119674  -33.578  29.714  6.444 0.0000000000
119675  -34.463  29.279  6.616 0.0000000000
119676  -35.206  28.896  6.672 0.0000000000
119681  -33.629  29.804  5.362 0.0000000000
119682  -34.277  29.497  5.709 0.0000000000
119683  -34.938  29.181  5.877 0.0000000000
119688  -32.941  29.946  4.032 0.0000000000
119689  -33.334  29.787  4.378 0.0000000000
119690  -34.258  29.357  4.720 0.0000000000
119691  -34.668  29.287  5.294 0.0000000000
119696  -32.804  30.046  3.838 0.0000000000
119697  -33.179  29.878  3.633 0.0000000000
119698  -33.859  29.354  3.628 0.0000000000
119704  -33.510  29.681  3.129 0.0000000000
119705  -34.149  29.358  2.605 0.0000000000
120417  -29.435  30.068  10.312 0.0000000000
120424  -29.808  30.503  9.566 0.0000000000
120425  -30.748  30.009  9.230 0.0000000000
120426  -31.248  29.627  9.236 0.0000000000
120431  -30.066  30.875  8.785 0.0000000000
120432  -30.638  30.598  8.454 0.0000000000
120433  -31.561  29.838  8.607 0.0000000000
120434  -32.212  29.563  8.443 0.0000000000
120438  -30.846  30.775  7.774 0.0000000000
120439  -31.473  30.519  7.513 0.0000000000
120440  -32.295  29.834  7.858 0.0000000000
120446  -31.802  30.779  6.272 0.0000000000
120447  -32.586  30.205  6.714 0.0000000000
120448  -33.086  29.964  6.445 0.0000000000
120454  -31.782  30.726  5.104 0.0000000000
120455  -32.530  30.444  5.573 0.0000000000
120456  -33.131  30.127  5.943 0.0000000000
120461  -31.124  31.105  3.859 0.0000000000
120462  -31.725  30.614  4.089 0.0000000000
120463  -32.591  30.244  4.401 0.0000000000
120464  -33.060  30.116  5.108 0.0000000000
120469  -31.458  31.335  3.607 0.0000000000
120470  -31.837  30.960  3.536 0.0000000000
120471  -32.729  30.376  3.477 0.0000000000
120472  -33.218  29.988  3.239 0.0000000000
120478  -33.135  30.443  3.152 0.0000000000
120479  -33.552  30.105  2.848 0.0000000000
121265  -29.216  31.029  9.380 0.0000000000
121272  -29.570  31.269  8.638 0.0000000000
121273  -30.188  31.010  8.410 0.0000000000
121279  -28.875  32.167  7.574 0.0000000000
121280  -29.499  31.959  7.366 0.0000000000
121281  -30.423  31.198  7.711 0.0000000000
121282  -30.933  30.875  7.463 0.0000000000
121289  -29.643  32.063  6.061 0.0000000000
121290  -30.388  31.593  6.543 0.0000000000
121291  -31.049  31.075  6.892 0.0000000000
121299  -30.349  31.597  5.383 0.0000000000
121300  -31.120  31.239  5.806 0.0000000000
121309  -30.489  31.854  4.323 0.0000000000
121310  -31.003  31.080  4.698 0.0000000000
121320  -31.166  31.789  3.650 0.0000000000
121321  -31.849  31.681  3.409 0.0000000000
121322  -32.788  31.322  3.239 0.0000000000
121323  -33.912  31.516  3.175 0.0000000000
121336  -32.971  30.695  3.199 0.0000000000
121337  -33.408  30.767  3.074 0.0000000000
122114  -28.936  32.322  7.283 0.0000000000
122160  -31.610  32.498  3.367 0.0000000000
122161  -32.523  32.447  3.313 0.0000000000
122162  -33.554  32.402  3.340 0.0000000000
122163  -34.589  32.392  3.281 0.0000000000
122975  -36.719  33.752  4.872 0.0000000000
122991  -35.754  33.815  3.815 0.0000000000
122992  -36.481  33.511  4.082 0.0000000000
123005  -32.179  33.452  3.104 0.0000000000
123006  -33.286  33.372  3.316 0.0000000000
123007  -34.323  33.307  3.436 0.0000000000
123008  -35.248  33.191  3.403 0.0000000000
123769  -36.720  34.835  5.776 0.0000000000
123786  -35.792  35.000  4.870 0.0000000000
123787  -36.354  34.585  5.226 0.0000000000
123788  -37.015  33.954  5.539 0.0000000000
123798  -34.664  34.933  3.917 0.0000000000
123799  -35.368  34.662  4.242 0.0000000000
123800  -36.133  34.092  4.444 0.0000000000
123807  -32.341  33.961  2.817 0.0000000000
123808  -32.921  34.241  2.988 0.0000000000
123809  -34.241  34.373  3.456 0.0000000000
123810  -35.020  33.938  3.593 0.0000000000
123819  -32.703  34.556  2.542 0.0000000000
124634  -35.983  35.239  5.221 0.0000000000
124635  -36.584  35.333  5.704 0.0000000000
124642  -34.798  35.386  4.212 0.0000000000
124643  -35.463  35.478  4.747 0.0000000000
124648  -33.676  35.026  3.205 0.0000000000
124649  -34.260  35.231  3.705 0.0000000000
124655  -32.735  34.904  2.279 0.0000000000
124656  -33.134  34.957  2.715 0.0000000000
124663  -32.535  35.036  1.547 0.0000000000
124664  -32.778  35.442  0.893 0.0000000000
125451  -35.931  35.834  5.309 0.0000000000
125452  -36.556  36.152  5.553 0.0000000000
125460  -34.961  35.929  4.455 0.0000000000
125461  -35.435  36.219  4.852 0.0000000000
125466  -33.931  35.527  3.439 0.0000000000
125467  -34.283  35.997  3.911 0.0000000000
125473  -33.117  35.270  2.499 0.0000000000
125474  -33.532  35.743  2.885 0.0000000000
125475  -34.163  36.471  3.262 0.0000000000
125481  -32.995  35.435  2.202 0.0000000000
125482  -33.225  36.025  1.802 0.0000000000
125483  -33.773  36.487  1.347 0.0000000000
125488  -33.292  35.952  0.841 0.0000000000
125489  -34.071  36.162  0.444 0.0000000000
126215  -35.939  36.459  5.227 0.0000000000
126216  -36.487  36.821  5.242 0.0000000000
126226  -34.982  36.418  4.382 0.0000000000
126227  -35.548  36.927  4.705 0.0000000000
126228  -36.408  37.410  4.636 0.0000000000
126237  -34.734  36.826  3.913 0.0000000000
126238  -35.465  37.415  3.833 0.0000000000
126247  -33.848  36.473  2.590 0.0000000000
126248  -34.483  37.123  2.911 0.0000000000
126249  -35.471  37.584  2.749 0.0000000000
126260  -33.924  36.741  2.068 0.0000000000
126261  -34.556  37.081  1.701 0.0000000000
126262  -35.632  37.464  1.708 0.0000000000
