#!ascii label  , from subject ab_data vox2ras=TkReg
1618
94877  -36.836  3.272  -40.533 0.0000000000
94878  -37.350  3.594  -40.623 0.0000000000
94882  -34.812  4.461  -42.814 0.0000000000
94883  -35.028  4.356  -42.743 0.0000000000
94884  -35.333  4.422  -42.771 0.0000000000
94885  -34.769  4.457  -43.023 0.0000000000
94886  -34.988  4.322  -43.028 0.0000000000
94887  -35.502  4.545  -43.173 0.0000000000
94888  -34.721  4.637  -43.523 0.0000000000
94889  -35.132  4.672  -43.703 0.0000000000
94890  -35.514  4.771  -43.570 0.0000000000
96078  -36.010  5.266  -38.298 0.0000000000
96087  -36.072  4.978  -39.545 0.0000000000
96095  -35.895  4.638  -40.660 0.0000000000
96096  -36.350  3.930  -40.203 0.0000000000
96097  -38.140  4.472  -40.097 0.0000000000
96098  -39.576  4.735  -39.491 0.0000000000
96106  -35.653  4.616  -41.628 0.0000000000
96107  -36.520  4.456  -41.071 0.0000000000
96108  -37.304  4.297  -40.692 0.0000000000
96112  -34.628  4.676  -42.642 0.0000000000
96113  -35.249  4.525  -42.367 0.0000000000
96114  -35.795  4.677  -42.504 0.0000000000
96115  -33.594  5.357  -43.887 0.0000000000
96116  -34.281  4.775  -43.454 0.0000000000
96117  -35.605  5.244  -43.688 0.0000000000
96118  -35.798  4.856  -43.342 0.0000000000
96119  -33.581  5.654  -44.482 0.0000000000
96120  -34.334  5.089  -44.421 0.0000000000
96121  -35.316  4.974  -44.027 0.0000000000
96122  -35.696  4.971  -43.712 0.0000000000
96123  -33.633  5.851  -44.606 0.0000000000
96124  -33.820  5.602  -44.611 0.0000000000
97221  -39.177  7.208  -35.965 0.0000000000
97222  -39.504  7.248  -35.956 0.0000000000
97237  -39.185  7.254  -36.283 0.0000000000
97238  -39.379  7.266  -36.169 0.0000000000
97243  -34.952  6.851  -37.828 0.0000000000
97244  -35.402  6.086  -37.508 0.0000000000
97250  -35.029  6.914  -38.422 0.0000000000
97251  -35.522  6.225  -38.768 0.0000000000
97258  -35.614  5.588  -40.056 0.0000000000
97259  -38.051  5.990  -40.074 0.0000000000
97260  -39.155  5.898  -39.905 0.0000000000
97261  -40.515  6.094  -39.795 0.0000000000
97267  -34.934  5.839  -41.242 0.0000000000
97268  -35.383  5.162  -40.995 0.0000000000
97269  -36.742  5.873  -41.069 0.0000000000
97270  -37.305  5.223  -40.578 0.0000000000
97274  -33.420  6.760  -42.305 0.0000000000
97275  -34.330  6.113  -42.189 0.0000000000
97276  -34.974  4.930  -41.776 0.0000000000
97277  -36.250  5.463  -42.021 0.0000000000
97278  -32.500  6.738  -43.174 0.0000000000
97279  -33.145  6.321  -43.140 0.0000000000
97280  -33.890  5.270  -43.073 0.0000000000
97281  -35.446  5.900  -43.532 0.0000000000
97282  -35.935  5.475  -42.996 0.0000000000
97283  -32.542  6.723  -43.653 0.0000000000
97284  -32.950  6.037  -44.123 0.0000000000
97285  -34.350  6.083  -44.566 0.0000000000
97286  -34.977  5.747  -44.147 0.0000000000
97287  -32.753  6.768  -44.203 0.0000000000
97288  -33.278  6.366  -44.540 0.0000000000
97289  -33.839  6.055  -44.685 0.0000000000
98309  -39.748  8.129  -30.157 0.0000000000
98329  -39.649  8.183  -31.069 0.0000000000
98330  -40.504  8.057  -30.855 0.0000000000
98331  -41.500  7.872  -30.781 0.0000000000
98351  -37.846  8.089  -31.985 0.0000000000
98352  -38.645  7.978  -31.884 0.0000000000
98353  -39.395  8.003  -31.833 0.0000000000
98354  -40.215  8.050  -31.771 0.0000000000
98355  -41.174  8.128  -31.729 0.0000000000
98356  -42.223  7.926  -31.753 0.0000000000
98376  -36.780  8.273  -32.949 0.0000000000
98377  -37.475  7.854  -32.776 0.0000000000
98378  -38.296  7.697  -32.613 0.0000000000
98379  -39.021  7.753  -32.426 0.0000000000
98380  -39.751  7.725  -32.559 0.0000000000
98381  -40.722  7.826  -32.640 0.0000000000
98382  -41.784  7.996  -32.732 0.0000000000
98400  -36.538  8.247  -33.642 0.0000000000
98401  -37.062  7.799  -33.555 0.0000000000
98402  -37.886  7.543  -33.476 0.0000000000
98403  -38.960  7.527  -33.329 0.0000000000
98404  -40.092  7.520  -33.514 0.0000000000
98405  -41.209  7.679  -33.681 0.0000000000
98418  -36.655  7.960  -34.271 0.0000000000
98419  -37.366  7.594  -34.324 0.0000000000
98420  -38.293  7.395  -34.370 0.0000000000
98421  -39.348  7.369  -34.451 0.0000000000
98422  -40.462  7.458  -34.598 0.0000000000
98441  -36.821  7.764  -35.047 0.0000000000
98442  -37.613  7.436  -35.210 0.0000000000
98443  -38.633  7.233  -35.458 0.0000000000
98444  -39.658  7.291  -35.506 0.0000000000
98445  -40.801  7.512  -35.736 0.0000000000
98465  -37.027  7.659  -35.755 0.0000000000
98466  -37.715  7.444  -36.262 0.0000000000
98467  -38.797  7.282  -36.435 0.0000000000
98468  -39.747  7.353  -36.449 0.0000000000
98469  -41.129  7.773  -36.955 0.0000000000
98477  -38.216  7.655  -37.242 0.0000000000
98478  -39.123  7.515  -37.327 0.0000000000
98479  -40.243  7.741  -37.673 0.0000000000
98480  -41.502  8.269  -38.184 0.0000000000
98487  -34.640  7.542  -38.298 0.0000000000
98488  -35.069  7.012  -38.892 0.0000000000
98489  -38.622  7.772  -37.816 0.0000000000
98490  -39.332  7.885  -38.246 0.0000000000
98491  -40.655  8.271  -38.754 0.0000000000
98492  -41.715  8.329  -39.289 0.0000000000
98498  -34.743  7.554  -39.369 0.0000000000
98499  -35.211  6.639  -39.717 0.0000000000
98500  -38.043  6.560  -40.184 0.0000000000
98501  -38.664  6.742  -40.214 0.0000000000
98502  -40.115  7.158  -40.280 0.0000000000
98503  -41.651  7.894  -39.988 0.0000000000
98508  -34.595  7.100  -40.701 0.0000000000
98509  -35.220  6.075  -40.548 0.0000000000
98510  -36.886  6.551  -40.977 0.0000000000
98511  -37.608  6.739  -40.547 0.0000000000
98512  -39.250  7.682  -40.781 0.0000000000
98513  -40.929  8.449  -40.911 0.0000000000
98514  -41.917  8.809  -40.766 0.0000000000
98517  -32.351  7.504  -42.673 0.0000000000
98518  -32.753  7.302  -42.466 0.0000000000
98519  -33.634  7.483  -41.635 0.0000000000
98520  -35.933  7.196  -42.001 0.0000000000
98521  -36.530  6.936  -41.527 0.0000000000
98522  -38.283  7.982  -41.355 0.0000000000
98523  -39.842  8.711  -41.455 0.0000000000
98524  -41.019  9.254  -41.603 0.0000000000
98525  -32.253  7.308  -43.076 0.0000000000
98526  -32.549  6.856  -42.943 0.0000000000
98527  -34.792  7.312  -43.511 0.0000000000
98528  -35.445  6.916  -42.839 0.0000000000
98529  -36.059  6.112  -42.377 0.0000000000
98530  -32.256  7.441  -43.982 0.0000000000
98531  -33.881  7.480  -44.453 0.0000000000
98532  -34.467  7.086  -44.196 0.0000000000
98533  -35.108  6.393  -43.764 0.0000000000
98534  -32.870  7.331  -44.489 0.0000000000
98535  -33.591  7.193  -44.608 0.0000000000
98536  -34.075  6.608  -44.667 0.0000000000
99497  -38.593  9.110  -29.013 0.0000000000
99506  -38.428  8.960  -29.889 0.0000000000
99507  -39.114  8.557  -29.565 0.0000000000
99518  -37.560  9.256  -30.633 0.0000000000
99519  -38.010  8.780  -30.591 0.0000000000
99520  -38.913  8.493  -30.550 0.0000000000
99537  -36.762  9.365  -31.756 0.0000000000
99538  -37.358  8.894  -31.401 0.0000000000
99539  -38.283  8.351  -31.257 0.0000000000
99540  -38.993  8.224  -31.318 0.0000000000
99560  -36.610  8.964  -32.329 0.0000000000
99561  -37.222  8.402  -32.292 0.0000000000
99574  -35.826  9.337  -33.561 0.0000000000
99575  -36.163  8.895  -33.284 0.0000000000
99589  -35.775  9.059  -34.032 0.0000000000
99590  -36.170  8.502  -34.132 0.0000000000
99609  -35.894  8.793  -34.639 0.0000000000
99610  -36.267  8.301  -34.883 0.0000000000
99630  -35.881  8.811  -35.334 0.0000000000
99631  -36.384  8.196  -35.782 0.0000000000
99632  -36.882  7.879  -36.384 0.0000000000
99642  -35.859  8.829  -36.129 0.0000000000
99643  -36.316  8.490  -36.846 0.0000000000
99644  -37.288  8.032  -37.153 0.0000000000
99653  -34.254  8.467  -38.749 0.0000000000
99654  -36.772  8.565  -37.788 0.0000000000
99655  -38.014  8.333  -38.394 0.0000000000
99656  -39.591  8.475  -39.193 0.0000000000
99657  -41.128  8.918  -39.630 0.0000000000
99658  -42.129  9.034  -39.885 0.0000000000
99663  -34.373  8.360  -39.916 0.0000000000
99664  -38.670  8.905  -39.608 0.0000000000
99665  -39.957  9.053  -40.238 0.0000000000
99666  -41.573  9.518  -40.370 0.0000000000
99667  -42.096  9.003  -40.604 0.0000000000
99671  -33.340  8.783  -41.063 0.0000000000
99672  -33.782  8.477  -40.903 0.0000000000
99673  -41.806  9.480  -41.092 0.0000000000
99674  -42.120  9.083  -40.891 0.0000000000
99678  -32.300  8.002  -42.557 0.0000000000
99679  -33.008  8.451  -41.607 0.0000000000
99680  -33.508  8.164  -41.390 0.0000000000
99681  -36.081  7.868  -41.812 0.0000000000
99682  -37.430  8.609  -41.683 0.0000000000
99683  -38.967  9.168  -41.955 0.0000000000
99684  -40.324  9.579  -42.065 0.0000000000
99685  -41.314  10.026  -42.018 0.0000000000
99686  -31.702  8.877  -43.683 0.0000000000
99687  -31.875  8.462  -43.389 0.0000000000
99688  -33.878  8.277  -43.534 0.0000000000
99689  -34.414  7.934  -43.320 0.0000000000
99690  -35.300  8.353  -42.138 0.0000000000
99691  -31.795  8.854  -43.922 0.0000000000
99692  -32.463  8.302  -44.178 0.0000000000
99693  -33.543  8.064  -44.175 0.0000000000
99694  -34.118  7.682  -43.964 0.0000000000
99695  -33.144  7.766  -44.634 0.0000000000
99696  -33.372  7.686  -44.607 0.0000000000
100713  -37.817  10.404  -28.899 0.0000000000
100714  -38.187  9.966  -28.525 0.0000000000
100724  -37.758  10.132  -29.274 0.0000000000
100725  -38.027  9.562  -29.505 0.0000000000
100738  -37.056  10.042  -30.731 0.0000000000
100739  -37.344  9.950  -30.234 0.0000000000
100740  -37.861  9.282  -30.155 0.0000000000
100755  -36.923  9.798  -31.170 0.0000000000
100756  -37.304  9.478  -30.861 0.0000000000
100770  -36.033  9.987  -32.656 0.0000000000
100771  -36.283  9.853  -32.195 0.0000000000
100781  -35.908  9.761  -33.063 0.0000000000
100782  -36.219  9.362  -32.711 0.0000000000
100797  -35.599  9.713  -33.877 0.0000000000
100814  -35.634  9.460  -34.745 0.0000000000
100827  -35.621  9.519  -35.747 0.0000000000
100838  -35.558  9.410  -36.873 0.0000000000
100839  -36.056  9.021  -37.662 0.0000000000
100845  -33.647  9.378  -38.600 0.0000000000
100846  -34.039  9.007  -39.410 0.0000000000
100847  -35.708  9.729  -37.886 0.0000000000
100848  -36.612  9.427  -38.648 0.0000000000
100849  -37.737  9.279  -39.369 0.0000000000
100853  -33.618  9.520  -39.608 0.0000000000
100854  -33.888  9.031  -40.211 0.0000000000
100855  -37.301  10.044  -39.556 0.0000000000
100856  -38.533  10.002  -40.412 0.0000000000
100857  -40.466  9.956  -40.844 0.0000000000
100858  -41.483  10.035  -40.897 0.0000000000
100862  -32.434  9.623  -41.315 0.0000000000
100863  -33.189  9.350  -40.666 0.0000000000
100864  -33.639  8.970  -40.579 0.0000000000
100865  -38.684  10.871  -40.890 0.0000000000
100866  -39.501  10.602  -41.261 0.0000000000
100867  -41.000  10.493  -41.518 0.0000000000
100871  -31.591  9.571  -42.916 0.0000000000
100872  -31.868  9.127  -42.159 0.0000000000
100873  -32.641  9.169  -41.466 0.0000000000
100874  -36.539  9.399  -41.899 0.0000000000
100875  -38.201  10.058  -42.422 0.0000000000
100876  -39.547  10.082  -42.408 0.0000000000
100877  -40.529  10.329  -42.336 0.0000000000
100878  -40.883  10.654  -42.109 0.0000000000
100879  -31.692  9.211  -43.528 0.0000000000
100880  -31.562  9.074  -43.006 0.0000000000
100881  -33.734  8.826  -43.007 0.0000000000
100882  -34.638  9.054  -42.359 0.0000000000
100883  -35.491  9.476  -41.945 0.0000000000
100884  -38.595  10.784  -42.512 0.0000000000
100885  -39.107  10.676  -42.537 0.0000000000
100886  -39.825  10.656  -42.453 0.0000000000
100887  -40.391  10.705  -42.321 0.0000000000
100888  -31.968  9.134  -43.978 0.0000000000
100889  -32.563  9.020  -43.940 0.0000000000
100890  -33.053  9.064  -43.451 0.0000000000
100891  -25.819  8.883  -47.678 0.0000000000
100892  -26.100  8.793  -47.391 0.0000000000
100893  -26.448  8.878  -47.125 0.0000000000
100894  -25.852  8.965  -47.910 0.0000000000
100895  -26.074  8.920  -47.705 0.0000000000
100896  -26.383  8.895  -47.318 0.0000000000
101946  -37.889  10.725  -28.569 0.0000000000
101947  -38.404  10.903  -27.816 0.0000000000
101951  -37.467  10.790  -29.268 0.0000000000
101961  -36.928  10.396  -30.812 0.0000000000
101962  -37.051  10.997  -30.232 0.0000000000
101972  -36.618  10.502  -31.529 0.0000000000
101978  -36.037  10.390  -32.777 0.0000000000
101979  -36.426  10.757  -32.265 0.0000000000
101986  -35.165  10.984  -33.931 0.0000000000
101987  -35.456  10.653  -33.567 0.0000000000
101994  -35.108  10.836  -34.444 0.0000000000
101995  -35.397  10.162  -34.358 0.0000000000
102002  -34.869  10.896  -35.493 0.0000000000
102003  -35.346  10.205  -35.170 0.0000000000
102013  -34.777  11.028  -36.504 0.0000000000
102014  -35.246  10.282  -36.199 0.0000000000
102024  -34.859  11.268  -37.164 0.0000000000
102025  -35.265  10.635  -37.410 0.0000000000
102031  -30.336  10.976  -38.970 0.0000000000
102032  -31.480  10.951  -38.999 0.0000000000
102033  -32.771  10.314  -38.600 0.0000000000
102034  -33.416  9.937  -39.093 0.0000000000
102035  -35.838  10.549  -38.466 0.0000000000
102036  -36.592  10.699  -39.239 0.0000000000
102037  -21.975  11.327  -39.233 0.0000000000
102040  -29.570  10.574  -40.062 0.0000000000
102041  -30.067  10.936  -39.719 0.0000000000
102042  -31.811  10.976  -40.203 0.0000000000
102043  -32.485  10.571  -39.723 0.0000000000
102044  -33.164  10.092  -39.655 0.0000000000
102045  -37.405  10.967  -39.920 0.0000000000
102046  -38.065  11.278  -40.617 0.0000000000
102048  -28.727  10.505  -41.255 0.0000000000
102049  -29.309  10.978  -40.826 0.0000000000
102050  -29.937  11.079  -40.304 0.0000000000
102051  -31.730  10.742  -41.225 0.0000000000
102052  -32.429  10.286  -40.718 0.0000000000
102053  -32.865  10.132  -40.198 0.0000000000
102054  -38.673  11.477  -41.309 0.0000000000
102055  -39.697  11.131  -41.852 0.0000000000
102056  -40.646  10.803  -41.885 0.0000000000
102057  -26.459  9.919  -42.479 0.0000000000
102058  -27.263  10.267  -42.269 0.0000000000
102059  -28.369  10.735  -42.019 0.0000000000
102060  -28.892  10.999  -41.428 0.0000000000
102061  -31.563  10.352  -42.337 0.0000000000
102062  -32.044  10.072  -41.577 0.0000000000
102063  -34.953  10.923  -41.760 0.0000000000
102064  -36.002  10.655  -41.828 0.0000000000
102065  -37.232  10.860  -42.243 0.0000000000
102066  -39.536  11.220  -42.228 0.0000000000
102067  -40.281  10.867  -42.136 0.0000000000
102068  -25.601  9.834  -44.174 0.0000000000
102069  -26.270  9.737  -43.768 0.0000000000
102070  -27.262  10.643  -43.431 0.0000000000
102071  -27.791  10.811  -42.706 0.0000000000
102072  -31.784  10.178  -43.189 0.0000000000
102073  -32.396  10.394  -43.151 0.0000000000
102074  -33.275  10.058  -42.881 0.0000000000
102075  -34.240  9.988  -42.328 0.0000000000
102076  -35.052  10.017  -42.007 0.0000000000
102077  -38.159  11.126  -42.489 0.0000000000
102078  -38.799  11.215  -42.512 0.0000000000
102079  -39.424  11.081  -42.469 0.0000000000
102080  -39.967  10.901  -42.333 0.0000000000
102081  -25.765  9.877  -45.360 0.0000000000
102082  -26.364  9.966  -45.034 0.0000000000
102083  -27.045  10.453  -44.731 0.0000000000
102084  -31.881  9.458  -43.534 0.0000000000
102085  -32.128  9.576  -43.510 0.0000000000
102086  -32.606  9.583  -43.343 0.0000000000
102087  -25.841  9.486  -46.424 0.0000000000
102088  -26.436  9.423  -46.069 0.0000000000
102089  -27.651  9.616  -45.705 0.0000000000
102090  -28.207  9.777  -46.067 0.0000000000
102091  -25.673  9.041  -47.249 0.0000000000
102092  -26.204  8.908  -46.865 0.0000000000
102093  -26.933  9.311  -46.772 0.0000000000
102094  -28.066  9.372  -46.379 0.0000000000
102095  -25.691  9.101  -47.673 0.0000000000
102096  -25.994  9.167  -47.745 0.0000000000
102097  -26.356  9.097  -47.466 0.0000000000
103182  -39.271  11.607  -27.420 0.0000000000
103183  -40.167  11.825  -27.162 0.0000000000
103190  -37.971  11.631  -28.610 0.0000000000
103191  -38.740  11.770  -28.061 0.0000000000
103198  -37.361  11.833  -29.582 0.0000000000
103203  -36.820  11.105  -31.084 0.0000000000
103204  -37.228  11.889  -30.736 0.0000000000
103208  -36.701  11.147  -31.787 0.0000000000
103209  -37.054  11.611  -31.605 0.0000000000
103213  -36.000  11.381  -32.809 0.0000000000
103214  -36.654  11.455  -32.291 0.0000000000
103215  -36.909  11.503  -32.004 0.0000000000
103220  -34.961  11.477  -33.809 0.0000000000
103221  -35.414  11.360  -33.289 0.0000000000
103225  -34.011  12.040  -35.138 0.0000000000
103226  -34.553  11.487  -34.815 0.0000000000
103228  -33.987  12.060  -35.637 0.0000000000
103229  -34.306  11.654  -35.837 0.0000000000
103237  -34.487  11.682  -36.859 0.0000000000
103238  -20.846  11.628  -38.585 0.0000000000
103246  -35.000  11.773  -37.865 0.0000000000
103247  -35.469  11.189  -38.221 0.0000000000
103248  -20.810  11.767  -39.172 0.0000000000
103255  -30.580  11.138  -39.599 0.0000000000
103256  -30.871  11.173  -39.331 0.0000000000
103257  -35.209  12.292  -38.553 0.0000000000
103258  -35.985  11.840  -39.032 0.0000000000
103259  -36.778  11.439  -39.615 0.0000000000
103260  -20.953  12.022  -39.437 0.0000000000
103261  -21.520  11.668  -39.302 0.0000000000
103262  -22.250  11.740  -39.263 0.0000000000
103266  -30.543  11.189  -40.170 0.0000000000
103267  -31.100  11.195  -39.826 0.0000000000
103268  -36.283  12.374  -39.864 0.0000000000
103269  -37.099  12.097  -40.396 0.0000000000
103270  -38.003  11.918  -40.932 0.0000000000
103272  -29.854  11.436  -41.368 0.0000000000
103273  -30.342  11.333  -40.970 0.0000000000
103274  -31.135  11.146  -40.681 0.0000000000
103275  -37.290  12.613  -41.210 0.0000000000
103276  -38.045  12.408  -41.524 0.0000000000
103277  -38.805  11.809  -41.754 0.0000000000
103278  -26.227  10.404  -42.187 0.0000000000
103279  -28.839  11.495  -42.477 0.0000000000
103280  -29.396  11.437  -41.941 0.0000000000
103281  -30.376  11.483  -42.009 0.0000000000
103282  -31.089  11.148  -41.747 0.0000000000
103283  -33.804  12.195  -41.934 0.0000000000
103284  -34.784  11.946  -41.604 0.0000000000
103285  -35.847  11.865  -41.727 0.0000000000
103286  -36.822  11.893  -42.144 0.0000000000
103287  -38.235  12.599  -42.008 0.0000000000
103288  -38.744  12.004  -42.074 0.0000000000
103289  -25.452  10.609  -43.498 0.0000000000
103290  -25.767  9.938  -43.070 0.0000000000
103291  -27.967  11.219  -43.921 0.0000000000
103292  -28.387  11.414  -43.217 0.0000000000
103293  -29.408  11.802  -43.008 0.0000000000
103294  -30.251  11.754  -42.879 0.0000000000
103295  -31.153  11.508  -43.118 0.0000000000
103296  -32.068  11.449  -42.897 0.0000000000
103297  -33.018  11.319  -42.535 0.0000000000
103298  -33.986  11.084  -42.116 0.0000000000
103299  -37.680  11.869  -42.395 0.0000000000
103300  -38.359  11.796  -42.427 0.0000000000
103301  -38.905  11.608  -42.339 0.0000000000
103302  -25.232  10.506  -44.668 0.0000000000
103303  -27.822  10.908  -44.601 0.0000000000
103304  -28.600  11.327  -44.431 0.0000000000
103305  -29.475  11.752  -44.109 0.0000000000
103306  -30.243  11.939  -43.668 0.0000000000
103307  -30.658  11.898  -43.411 0.0000000000
103308  -25.491  10.511  -45.903 0.0000000000
103309  -25.597  11.229  -46.274 0.0000000000
103310  -27.760  10.413  -45.221 0.0000000000
103311  -28.271  10.855  -45.364 0.0000000000
103312  -28.941  11.510  -44.669 0.0000000000
103313  -25.668  9.670  -46.879 0.0000000000
103314  -26.022  10.531  -46.603 0.0000000000
103315  -26.993  10.363  -46.602 0.0000000000
103316  -28.003  10.034  -46.408 0.0000000000
103317  -25.586  9.298  -47.359 0.0000000000
103318  -25.766  9.511  -47.338 0.0000000000
103319  -26.308  9.545  -47.144 0.0000000000
104340  -39.351  12.177  -28.016 0.0000000000
104341  -40.016  12.297  -27.722 0.0000000000
104342  -40.953  12.481  -27.548 0.0000000000
104343  -41.826  12.728  -27.356 0.0000000000
104352  -37.929  12.665  -29.104 0.0000000000
104353  -38.860  12.571  -28.521 0.0000000000
104354  -39.892  12.747  -28.311 0.0000000000
104355  -40.565  12.760  -28.069 0.0000000000
104363  -37.615  12.763  -30.080 0.0000000000
104366  -37.589  12.630  -30.971 0.0000000000
104371  -37.421  12.304  -31.651 0.0000000000
104376  -35.095  12.897  -32.704 0.0000000000
104377  -35.888  12.473  -32.524 0.0000000000
104378  -36.701  12.162  -32.454 0.0000000000
104379  -37.135  11.939  -32.186 0.0000000000
104382  -33.981  12.989  -33.746 0.0000000000
104383  -34.651  12.467  -33.385 0.0000000000
104384  -35.291  11.977  -33.023 0.0000000000
104386  -28.250  12.670  -35.074 0.0000000000
104387  -29.218  12.613  -35.059 0.0000000000
104388  -30.107  12.739  -35.197 0.0000000000
104389  -30.624  12.901  -35.411 0.0000000000
104390  -33.718  12.694  -34.668 0.0000000000
104391  -34.308  12.200  -34.256 0.0000000000
104393  -27.045  12.778  -36.210 0.0000000000
104394  -27.908  12.472  -35.993 0.0000000000
104395  -28.839  12.370  -35.898 0.0000000000
104396  -29.731  12.510  -35.917 0.0000000000
104397  -30.479  12.783  -35.977 0.0000000000
104398  -33.650  12.454  -35.695 0.0000000000
104399  -33.983  12.075  -35.889 0.0000000000
104402  -26.920  12.849  -37.175 0.0000000000
104403  -27.705  12.580  -36.933 0.0000000000
104404  -28.556  12.443  -36.791 0.0000000000
104405  -29.408  12.505  -36.747 0.0000000000
104406  -30.220  12.746  -36.772 0.0000000000
104407  -33.630  12.740  -36.714 0.0000000000
104408  -34.046  12.164  -36.386 0.0000000000
104409  -20.462  12.350  -38.344 0.0000000000
104412  -26.843  12.997  -38.056 0.0000000000
104413  -27.547  12.732  -37.795 0.0000000000
104414  -28.352  12.593  -37.631 0.0000000000
104415  -29.144  12.580  -37.533 0.0000000000
104416  -29.880  12.781  -37.546 0.0000000000
104417  -33.737  13.050  -37.683 0.0000000000
104418  -34.249  12.391  -37.314 0.0000000000
104419  -19.741  12.885  -39.239 0.0000000000
104420  -20.242  12.243  -38.978 0.0000000000
104424  -26.863  13.189  -38.516 0.0000000000
104425  -27.406  13.016  -38.643 0.0000000000
104426  -28.124  12.750  -38.307 0.0000000000
104427  -29.015  12.777  -38.411 0.0000000000
104428  -29.562  12.785  -38.014 0.0000000000
104429  -33.826  13.265  -38.225 0.0000000000
104430  -34.435  12.851  -38.425 0.0000000000
104431  -35.249  12.603  -39.020 0.0000000000
104432  -20.008  13.103  -39.483 0.0000000000
104433  -20.520  12.606  -39.392 0.0000000000
104434  -21.210  12.387  -39.507 0.0000000000
104435  -21.898  12.499  -39.614 0.0000000000
104436  -22.916  12.491  -39.364 0.0000000000
104440  -27.676  13.150  -39.209 0.0000000000
104441  -28.296  12.964  -39.021 0.0000000000
104442  -28.928  12.969  -39.057 0.0000000000
104443  -34.744  13.109  -39.498 0.0000000000
104444  -35.606  12.695  -39.817 0.0000000000
104445  -36.239  12.559  -40.401 0.0000000000
104448  -34.848  13.070  -40.391 0.0000000000
104449  -35.588  12.747  -40.752 0.0000000000
104450  -36.581  12.670  -41.178 0.0000000000
104451  -37.303  12.783  -41.678 0.0000000000
104452  -25.769  12.542  -41.391 0.0000000000
104453  -26.165  11.436  -41.790 0.0000000000
104454  -33.715  13.124  -41.877 0.0000000000
104455  -34.572  12.885  -41.263 0.0000000000
104456  -35.706  12.475  -41.356 0.0000000000
104457  -36.761  12.715  -41.934 0.0000000000
104458  -37.766  12.784  -42.078 0.0000000000
104459  -38.232  12.459  -42.185 0.0000000000
104460  -25.817  11.966  -42.681 0.0000000000
104461  -25.785  10.726  -42.624 0.0000000000
104462  -31.467  12.861  -43.219 0.0000000000
104463  -31.950  12.662  -42.878 0.0000000000
104464  -32.881  12.674  -42.429 0.0000000000
104465  -37.440  12.491  -42.216 0.0000000000
104466  -38.023  12.405  -42.331 0.0000000000
104467  -38.438  12.131  -42.278 0.0000000000
104468  -25.590  11.926  -44.092 0.0000000000
104469  -25.473  12.328  -45.028 0.0000000000
104470  -29.620  12.203  -44.291 0.0000000000
104471  -30.023  12.691  -44.130 0.0000000000
104472  -30.820  12.677  -43.561 0.0000000000
104473  -25.179  11.389  -45.138 0.0000000000
104474  -25.337  11.904  -45.887 0.0000000000
104475  -28.433  11.992  -45.341 0.0000000000
104476  -29.184  12.286  -44.593 0.0000000000
104477  -29.710  13.161  -44.397 0.0000000000
104478  -25.773  11.964  -46.433 0.0000000000
104479  -26.619  11.753  -46.349 0.0000000000
104480  -27.753  11.425  -45.981 0.0000000000
105415  -41.126  13.073  -28.070 0.0000000000
105416  -41.732  13.150  -27.877 0.0000000000
105417  -42.573  13.500  -27.622 0.0000000000
105427  -38.133  13.260  -29.590 0.0000000000
105428  -38.664  13.412  -29.054 0.0000000000
105429  -39.683  13.568  -28.750 0.0000000000
105430  -40.726  13.436  -28.483 0.0000000000
105431  -41.631  13.612  -28.372 0.0000000000
105432  -42.228  13.703  -28.172 0.0000000000
105440  -38.098  13.408  -30.140 0.0000000000
105441  -38.634  13.883  -29.797 0.0000000000
105442  -39.242  14.004  -29.267 0.0000000000
105446  -37.896  13.242  -30.766 0.0000000000
105447  -38.349  13.836  -30.569 0.0000000000
105451  -37.774  13.047  -31.544 0.0000000000
105452  -38.175  13.701  -31.325 0.0000000000
105457  -34.118  14.018  -32.593 0.0000000000
105458  -34.819  13.791  -32.383 0.0000000000
105459  -35.693  13.504  -32.297 0.0000000000
105460  -36.693  13.234  -32.357 0.0000000000
105461  -37.490  13.042  -32.269 0.0000000000
105462  -38.048  13.570  -32.020 0.0000000000
105465  -29.152  13.804  -33.824 0.0000000000
105466  -30.144  13.699  -33.730 0.0000000000
105467  -31.134  13.810  -33.779 0.0000000000
105468  -32.008  13.999  -33.758 0.0000000000
105469  -32.798  13.937  -33.572 0.0000000000
105470  -33.531  13.745  -33.132 0.0000000000
105471  -34.337  13.295  -32.927 0.0000000000
105473  -26.835  13.710  -34.628 0.0000000000
105474  -27.736  13.345  -34.428 0.0000000000
105475  -28.695  13.181  -34.373 0.0000000000
105476  -29.683  13.087  -34.384 0.0000000000
105477  -30.807  13.143  -34.733 0.0000000000
105478  -31.783  13.519  -34.597 0.0000000000
105479  -32.589  13.559  -34.424 0.0000000000
105480  -33.316  13.379  -34.118 0.0000000000
105482  -25.836  13.885  -35.941 0.0000000000
105483  -26.503  13.373  -35.548 0.0000000000
105484  -27.304  12.917  -35.229 0.0000000000
105485  -31.072  13.058  -35.850 0.0000000000
105486  -31.712  13.268  -35.590 0.0000000000
105487  -32.458  13.302  -35.359 0.0000000000
105488  -33.110  13.039  -35.044 0.0000000000
105489  -20.486  13.464  -37.179 0.0000000000
105491  -25.697  13.719  -36.913 0.0000000000
105492  -26.331  13.251  -36.536 0.0000000000
105493  -30.989  13.100  -36.770 0.0000000000
105494  -31.693  13.420  -36.629 0.0000000000
105495  -32.431  13.411  -36.358 0.0000000000
105496  -33.069  13.050  -36.053 0.0000000000
105497  -18.421  14.241  -38.473 0.0000000000
105498  -19.117  13.571  -38.346 0.0000000000
105499  -20.026  13.118  -38.042 0.0000000000
105500  -25.705  13.728  -37.851 0.0000000000
105501  -26.261  13.280  -37.520 0.0000000000
105502  -30.659  13.221  -37.614 0.0000000000
105503  -31.568  13.767  -37.624 0.0000000000
105504  -32.426  13.850  -37.462 0.0000000000
105505  -33.154  13.400  -37.063 0.0000000000
105506  -18.607  14.419  -38.803 0.0000000000
105507  -19.204  13.748  -38.884 0.0000000000
105508  -19.652  12.828  -38.735 0.0000000000
105509  -25.790  13.867  -38.339 0.0000000000
105510  -26.322  13.564  -38.564 0.0000000000
105511  -26.911  13.291  -38.782 0.0000000000
105512  -29.421  13.081  -39.078 0.0000000000
105513  -30.120  13.178  -38.534 0.0000000000
105514  -31.089  13.820  -38.401 0.0000000000
105515  -32.705  14.011  -38.054 0.0000000000
105516  -33.285  13.774  -38.220 0.0000000000
105517  -33.894  13.423  -38.504 0.0000000000
105518  -19.763  13.628  -39.366 0.0000000000
105519  -20.470  13.629  -39.500 0.0000000000
105520  -21.335  13.381  -39.668 0.0000000000
105521  -22.341  13.691  -40.041 0.0000000000
105522  -23.414  13.446  -39.989 0.0000000000
105523  -24.449  13.311  -39.995 0.0000000000
105525  -26.315  13.964  -39.474 0.0000000000
105526  -27.047  13.449  -39.427 0.0000000000
105527  -27.950  13.247  -39.786 0.0000000000
105528  -28.948  13.207  -39.723 0.0000000000
105529  -30.007  13.382  -39.696 0.0000000000
105530  -31.122  13.898  -39.466 0.0000000000
105531  -31.867  14.130  -39.846 0.0000000000
105532  -33.361  14.249  -39.048 0.0000000000
105533  -34.016  13.759  -39.103 0.0000000000
105534  -22.482  14.331  -40.411 0.0000000000
105535  -22.936  14.239  -40.515 0.0000000000
105536  -23.954  14.070  -40.729 0.0000000000
105537  -25.000  13.421  -40.832 0.0000000000
105538  -26.516  14.008  -40.411 0.0000000000
105539  -27.345  13.496  -40.633 0.0000000000
105540  -28.411  13.356  -40.786 0.0000000000
105541  -29.569  13.521  -40.722 0.0000000000
105542  -30.704  13.740  -40.649 0.0000000000
105543  -31.670  14.049  -40.522 0.0000000000
105544  -32.475  14.249  -40.219 0.0000000000
105545  -33.414  14.266  -39.999 0.0000000000
105546  -34.291  13.691  -40.195 0.0000000000
105547  -24.450  14.098  -41.579 0.0000000000
105548  -25.120  13.195  -42.057 0.0000000000
105549  -26.846  14.019  -41.329 0.0000000000
105550  -27.710  13.785  -41.868 0.0000000000
105551  -29.045  13.737  -41.782 0.0000000000
105552  -30.253  13.902  -41.705 0.0000000000
105553  -31.423  14.307  -41.693 0.0000000000
105554  -32.323  14.304  -41.227 0.0000000000
105555  -33.058  14.188  -41.031 0.0000000000
105556  -33.755  13.792  -41.276 0.0000000000
105557  -34.368  13.379  -40.790 0.0000000000
105558  -24.539  14.062  -42.577 0.0000000000
105559  -25.359  13.165  -43.238 0.0000000000
105560  -28.620  14.379  -42.541 0.0000000000
105561  -29.732  14.465  -42.520 0.0000000000
105562  -30.797  14.644  -42.421 0.0000000000
105563  -31.375  14.775  -42.365 0.0000000000
105564  -31.893  13.386  -43.129 0.0000000000
105565  -32.492  13.837  -43.014 0.0000000000
105566  -33.344  13.807  -42.343 0.0000000000
105567  -24.904  14.191  -43.558 0.0000000000
105568  -25.527  13.470  -44.546 0.0000000000
105569  -25.522  12.896  -45.442 0.0000000000
105570  -30.699  13.900  -43.986 0.0000000000
105571  -31.619  13.979  -43.496 0.0000000000
105572  -32.150  14.412  -43.249 0.0000000000
105573  -25.529  13.709  -45.517 0.0000000000
105574  -25.570  12.965  -46.083 0.0000000000
105575  -27.630  13.863  -45.064 0.0000000000
105576  -28.344  13.363  -44.944 0.0000000000
105577  -29.429  13.772  -44.605 0.0000000000
105578  -30.112  13.891  -44.402 0.0000000000
105579  -25.777  13.871  -45.887 0.0000000000
105580  -26.082  13.222  -46.171 0.0000000000
105581  -27.203  13.040  -45.570 0.0000000000
105582  -27.991  12.413  -45.483 0.0000000000
106471  -42.796  14.076  -28.228 0.0000000000
106482  -39.916  14.192  -29.307 0.0000000000
106483  -40.636  14.117  -29.098 0.0000000000
106484  -41.526  14.144  -28.920 0.0000000000
106485  -42.428  14.240  -28.724 0.0000000000
106486  -43.437  14.588  -28.708 0.0000000000
106495  -38.863  14.297  -30.427 0.0000000000
106496  -39.542  14.388  -29.986 0.0000000000
106497  -40.513  14.536  -29.846 0.0000000000
106498  -41.432  14.599  -29.663 0.0000000000
106499  -42.335  14.603  -29.498 0.0000000000
106500  -43.163  14.608  -29.413 0.0000000000
106506  -38.655  14.300  -31.107 0.0000000000
106507  -39.380  14.727  -30.911 0.0000000000
106508  -40.217  15.016  -30.601 0.0000000000
106509  -41.219  15.142  -30.456 0.0000000000
106510  -42.289  15.013  -30.345 0.0000000000
106511  -43.074  14.732  -30.133 0.0000000000
106515  -38.499  14.185  -31.900 0.0000000000
106516  -39.090  14.626  -31.668 0.0000000000
106519  -31.203  14.954  -32.800 0.0000000000
106520  -31.842  14.867  -32.571 0.0000000000
106521  -32.642  14.841  -32.558 0.0000000000
106522  -33.524  14.638  -32.514 0.0000000000
106523  -34.430  14.636  -32.232 0.0000000000
106524  -35.334  14.497  -32.143 0.0000000000
106525  -36.359  14.341  -32.332 0.0000000000
106526  -37.565  14.372  -32.751 0.0000000000
106527  -38.280  14.236  -32.652 0.0000000000
106528  -39.043  14.562  -32.557 0.0000000000
106531  -27.255  15.003  -33.981 0.0000000000
106532  -27.928  14.826  -33.890 0.0000000000
106533  -28.718  14.675  -33.698 0.0000000000
106534  -29.593  14.578  -33.453 0.0000000000
106535  -30.591  14.577  -33.210 0.0000000000
106536  -31.480  14.350  -33.072 0.0000000000
106537  -32.259  14.283  -32.944 0.0000000000
106538  -32.949  14.291  -32.924 0.0000000000
106539  -37.952  14.836  -33.414 0.0000000000
106540  -38.445  14.728  -33.706 0.0000000000
106541  -39.092  14.578  -33.550 0.0000000000
106543  -25.841  14.966  -34.743 0.0000000000
106544  -26.562  14.753  -34.280 0.0000000000
106545  -27.393  14.241  -34.101 0.0000000000
106546  -28.250  13.979  -33.977 0.0000000000
106547  -38.799  15.052  -34.387 0.0000000000
106548  -39.091  14.769  -34.294 0.0000000000
106549  -20.892  14.915  -36.058 0.0000000000
106551  -25.504  14.676  -35.447 0.0000000000
106552  -26.169  14.233  -35.075 0.0000000000
106553  -16.917  14.716  -37.874 0.0000000000
106554  -17.549  14.523  -37.444 0.0000000000
106555  -18.685  14.538  -37.190 0.0000000000
106556  -20.056  14.512  -36.805 0.0000000000
106558  -24.851  14.715  -36.920 0.0000000000
106559  -25.273  14.471  -36.384 0.0000000000
106560  -16.844  15.576  -39.023 0.0000000000
106561  -16.841  15.010  -38.672 0.0000000000
106562  -17.455  14.349  -38.274 0.0000000000
106563  -18.352  14.133  -37.932 0.0000000000
106564  -19.400  13.818  -37.625 0.0000000000
106565  -24.677  14.702  -37.639 0.0000000000
106566  -25.218  14.215  -37.339 0.0000000000
106567  -31.904  14.209  -37.969 0.0000000000
106568  -32.056  14.121  -37.774 0.0000000000
106569  -16.916  15.717  -39.218 0.0000000000
106570  -17.062  15.493  -39.227 0.0000000000
106571  -17.904  14.931  -38.907 0.0000000000
106572  -18.883  14.588  -39.042 0.0000000000
106573  -20.875  14.920  -39.624 0.0000000000
106574  -21.302  15.114  -39.852 0.0000000000
106575  -24.585  14.953  -38.496 0.0000000000
106576  -25.312  14.279  -38.349 0.0000000000
106577  -25.824  13.983  -38.576 0.0000000000
106578  -31.727  14.228  -38.361 0.0000000000
106579  -32.321  14.263  -38.212 0.0000000000
106580  -32.786  14.123  -38.296 0.0000000000
106581  -19.463  14.301  -39.205 0.0000000000
106582  -20.183  14.428  -39.465 0.0000000000
106583  -21.352  14.711  -39.880 0.0000000000
106584  -21.827  14.225  -40.020 0.0000000000
106585  -24.492  15.307  -39.041 0.0000000000
106586  -25.099  15.008  -39.355 0.0000000000
106587  -25.825  14.252  -39.039 0.0000000000
106588  -31.486  14.203  -38.849 0.0000000000
106589  -32.140  14.383  -39.187 0.0000000000
106590  -32.824  14.315  -38.698 0.0000000000
106591  -21.941  15.248  -40.417 0.0000000000
106592  -22.328  15.002  -40.800 0.0000000000
106593  -23.257  14.645  -41.259 0.0000000000
106594  -23.887  14.463  -41.376 0.0000000000
106595  -25.431  15.390  -40.361 0.0000000000
106596  -25.929  14.664  -39.980 0.0000000000
106597  -32.752  14.357  -39.689 0.0000000000
106598  -32.917  14.391  -39.326 0.0000000000
106599  -22.010  15.556  -42.246 0.0000000000
106600  -22.770  14.931  -42.140 0.0000000000
106601  -23.805  14.654  -41.983 0.0000000000
106602  -25.316  15.760  -41.066 0.0000000000
106603  -26.154  15.165  -41.449 0.0000000000
106604  -26.980  14.431  -41.929 0.0000000000
106605  -31.758  14.834  -42.396 0.0000000000
106606  -32.257  14.614  -42.070 0.0000000000
106607  -32.913  14.398  -41.775 0.0000000000
106608  -33.317  14.210  -41.562 0.0000000000
106609  -22.184  15.897  -42.732 0.0000000000
106610  -22.683  15.550  -42.730 0.0000000000
106611  -23.909  15.120  -42.973 0.0000000000
106612  -26.406  15.677  -42.473 0.0000000000
106613  -27.453  15.148  -42.853 0.0000000000
106614  -29.170  15.226  -43.135 0.0000000000
106615  -30.324  15.154  -43.130 0.0000000000
106616  -31.356  15.079  -42.891 0.0000000000
106617  -32.146  14.955  -42.763 0.0000000000
106618  -32.723  14.393  -42.493 0.0000000000
106619  -33.332  14.243  -41.971 0.0000000000
106620  -24.775  14.861  -44.547 0.0000000000
106621  -25.300  14.206  -45.117 0.0000000000
106622  -27.806  15.572  -43.613 0.0000000000
106623  -28.646  15.687  -43.694 0.0000000000
106624  -29.932  16.029  -43.698 0.0000000000
106625  -30.666  15.101  -43.646 0.0000000000
106626  -31.819  14.839  -43.224 0.0000000000
106627  -32.359  14.618  -43.057 0.0000000000
106628  -24.822  15.215  -45.360 0.0000000000
106629  -25.131  14.638  -45.758 0.0000000000
106630  -27.896  14.755  -44.989 0.0000000000
106631  -29.027  14.836  -44.722 0.0000000000
106632  -29.859  14.914  -44.486 0.0000000000
106633  -30.371  14.805  -44.207 0.0000000000
106634  -25.764  14.488  -46.194 0.0000000000
106635  -26.347  14.253  -45.645 0.0000000000
106636  -27.125  14.221  -45.190 0.0000000000
107468  -43.734  14.873  -29.276 0.0000000000
107469  -44.485  15.483  -28.957 0.0000000000
107475  -43.808  14.997  -29.939 0.0000000000
107476  -44.523  15.762  -30.393 0.0000000000
107481  -39.475  14.944  -31.489 0.0000000000
107482  -39.910  15.274  -31.418 0.0000000000
107483  -40.824  15.535  -31.398 0.0000000000
107484  -42.028  15.447  -31.420 0.0000000000
107485  -43.461  15.370  -31.131 0.0000000000
107486  -44.505  16.094  -31.467 0.0000000000
107491  -39.528  15.105  -32.106 0.0000000000
107492  -40.305  15.576  -32.400 0.0000000000
107493  -41.422  15.896  -32.528 0.0000000000
107494  -42.777  16.248  -32.562 0.0000000000
107495  -43.948  16.191  -32.086 0.0000000000
107496  -44.445  16.427  -31.981 0.0000000000
107503  -30.745  15.545  -32.892 0.0000000000
107504  -31.465  15.610  -32.594 0.0000000000
107505  -32.257  15.599  -32.433 0.0000000000
107506  -33.110  15.544  -32.378 0.0000000000
107507  -33.974  15.474  -32.265 0.0000000000
107508  -34.880  15.451  -32.189 0.0000000000
107509  -35.848  15.343  -32.343 0.0000000000
107510  -36.811  15.249  -32.656 0.0000000000
107511  -39.696  15.144  -33.187 0.0000000000
107512  -40.860  15.540  -33.989 0.0000000000
107513  -41.899  16.232  -33.655 0.0000000000
107514  -42.509  16.637  -33.609 0.0000000000
107518  -26.909  15.636  -34.094 0.0000000000
107519  -27.637  15.565  -33.963 0.0000000000
107520  -28.361  15.494  -33.823 0.0000000000
107521  -29.160  15.475  -33.613 0.0000000000
107522  -29.989  15.488  -33.275 0.0000000000
107523  -37.553  15.339  -33.257 0.0000000000
107524  -38.024  15.174  -33.767 0.0000000000
107525  -39.782  14.980  -34.349 0.0000000000
107526  -40.602  15.444  -35.530 0.0000000000
107527  -40.654  16.373  -36.444 0.0000000000
107530  -24.648  16.065  -35.249 0.0000000000
107531  -25.169  15.602  -34.977 0.0000000000
107532  -26.105  15.683  -34.403 0.0000000000
107533  -37.761  15.703  -33.855 0.0000000000
107534  -38.267  15.568  -34.393 0.0000000000
107535  -39.227  15.470  -35.042 0.0000000000
107536  -39.852  16.294  -35.956 0.0000000000
107537  -40.090  16.862  -36.599 0.0000000000
107538  -20.763  15.761  -35.162 0.0000000000
107540  -23.671  15.700  -36.458 0.0000000000
107541  -24.357  15.639  -35.819 0.0000000000
107542  -25.041  15.096  -35.797 0.0000000000
107543  -16.745  16.076  -37.449 0.0000000000
107544  -16.894  15.337  -37.023 0.0000000000
107545  -17.930  15.253  -36.688 0.0000000000
107546  -19.225  15.409  -36.581 0.0000000000
107547  -20.289  15.500  -36.291 0.0000000000
107548  -22.770  16.108  -37.514 0.0000000000
107549  -23.524  15.644  -37.224 0.0000000000
107550  -24.281  15.224  -36.876 0.0000000000
107551  -24.780  15.032  -36.357 0.0000000000
107552  -16.723  15.852  -38.379 0.0000000000
107553  -16.750  15.313  -37.926 0.0000000000
107554  -22.583  16.130  -38.429 0.0000000000
107555  -23.366  15.762  -38.098 0.0000000000
107556  -24.076  15.277  -37.832 0.0000000000
107557  -16.846  15.993  -38.951 0.0000000000
107558  -17.040  15.928  -39.278 0.0000000000
107559  -17.670  15.634  -39.392 0.0000000000
107560  -18.878  15.154  -39.286 0.0000000000
107561  -20.186  15.079  -39.268 0.0000000000
107562  -21.466  15.434  -39.461 0.0000000000
107563  -22.375  16.133  -39.289 0.0000000000
107564  -23.291  16.043  -38.993 0.0000000000
107565  -24.015  15.521  -38.680 0.0000000000
107566  -19.221  14.744  -39.222 0.0000000000
107567  -19.541  14.741  -39.341 0.0000000000
107568  -21.728  15.372  -40.084 0.0000000000
107569  -22.194  16.005  -40.115 0.0000000000
107570  -23.056  16.269  -39.935 0.0000000000
107571  -24.207  15.772  -39.654 0.0000000000
107572  -24.951  15.580  -39.951 0.0000000000
107573  -21.793  15.341  -40.277 0.0000000000
107574  -22.167  15.900  -40.858 0.0000000000
107575  -22.584  16.605  -40.901 0.0000000000
107576  -23.778  16.359  -40.751 0.0000000000
107577  -24.766  15.878  -40.617 0.0000000000
107578  -21.790  16.196  -41.759 0.0000000000
107579  -22.460  17.165  -41.388 0.0000000000
107580  -23.221  17.106  -41.449 0.0000000000
107581  -24.929  16.655  -41.832 0.0000000000
107582  -25.965  16.043  -42.229 0.0000000000
107583  -21.952  16.400  -42.508 0.0000000000
107584  -22.861  16.333  -43.067 0.0000000000
107585  -23.279  15.732  -43.141 0.0000000000
107586  -25.147  17.117  -42.920 0.0000000000
107587  -26.189  16.312  -43.277 0.0000000000
107588  -27.287  15.746  -43.523 0.0000000000
107589  -23.584  16.716  -43.500 0.0000000000
107590  -23.990  16.043  -43.806 0.0000000000
107591  -26.539  16.220  -44.537 0.0000000000
107592  -27.746  15.784  -44.077 0.0000000000
107593  -29.272  16.002  -44.229 0.0000000000
107594  -30.052  16.200  -44.292 0.0000000000
107595  -30.296  15.983  -44.085 0.0000000000
107596  -24.721  15.749  -44.939 0.0000000000
107597  -24.953  15.539  -45.791 0.0000000000
107598  -26.407  15.915  -45.420 0.0000000000
107599  -27.317  15.543  -44.742 0.0000000000
107600  -28.613  15.542  -44.527 0.0000000000
107601  -29.658  15.795  -44.578 0.0000000000
107602  -30.247  15.718  -44.296 0.0000000000
107603  -25.392  15.313  -46.268 0.0000000000
107604  -26.108  15.373  -46.204 0.0000000000
107605  -26.798  15.077  -45.304 0.0000000000
108404  -44.025  17.155  -27.187 0.0000000000
108418  -45.175  16.630  -29.673 0.0000000000
108423  -44.989  16.676  -30.863 0.0000000000
108429  -43.712  16.685  -32.732 0.0000000000
108430  -44.323  16.701  -32.395 0.0000000000
108431  -44.762  16.860  -31.875 0.0000000000
108439  -31.021  16.351  -32.667 0.0000000000
108440  -31.834  16.417  -32.485 0.0000000000
108441  -32.719  16.383  -32.351 0.0000000000
108442  -33.561  16.304  -32.347 0.0000000000
108443  -34.370  16.245  -32.410 0.0000000000
108444  -35.316  16.433  -32.616 0.0000000000
108445  -36.295  16.024  -32.710 0.0000000000
108446  -36.961  15.997  -32.970 0.0000000000
108447  -41.634  16.097  -34.729 0.0000000000
108448  -42.292  16.667  -34.585 0.0000000000
108449  -42.985  17.171  -33.569 0.0000000000
108450  -44.052  17.141  -32.891 0.0000000000
108451  -44.441  17.150  -32.444 0.0000000000
108454  -27.389  16.168  -34.137 0.0000000000
108455  -28.028  16.187  -34.030 0.0000000000
108456  -28.759  16.208  -33.872 0.0000000000
108457  -29.578  16.435  -33.555 0.0000000000
108458  -30.367  16.332  -33.054 0.0000000000
108459  -35.283  17.242  -33.053 0.0000000000
108460  -41.335  15.686  -35.187 0.0000000000
108461  -41.746  16.405  -36.042 0.0000000000
108462  -42.429  17.495  -35.345 0.0000000000
108463  -19.642  17.516  -34.900 0.0000000000
108464  -20.261  16.967  -34.400 0.0000000000
108465  -24.836  16.548  -34.867 0.0000000000
108466  -25.723  16.573  -34.597 0.0000000000
108467  -26.767  16.574  -34.419 0.0000000000
108468  -27.676  16.775  -34.355 0.0000000000
108469  -28.420  16.818  -34.187 0.0000000000
108470  -29.045  16.837  -34.000 0.0000000000
108471  -40.602  17.481  -37.183 0.0000000000
108472  -41.839  17.859  -36.654 0.0000000000
108473  -17.051  17.030  -36.013 0.0000000000
108474  -17.756  17.077  -35.703 0.0000000000
108475  -18.999  17.215  -35.526 0.0000000000
108476  -19.996  16.854  -35.288 0.0000000000
108477  -22.759  16.913  -35.946 0.0000000000
108478  -23.364  16.357  -35.927 0.0000000000
108479  -24.180  16.436  -35.335 0.0000000000
108480  -16.662  16.813  -37.043 0.0000000000
108481  -16.849  16.664  -36.652 0.0000000000
108482  -17.470  16.262  -36.394 0.0000000000
108483  -18.538  16.297  -36.225 0.0000000000
108484  -19.769  16.328  -36.046 0.0000000000
108485  -21.492  16.859  -36.975 0.0000000000
108486  -22.209  16.756  -36.756 0.0000000000
108487  -23.088  16.066  -36.737 0.0000000000
108488  -16.662  16.764  -37.566 0.0000000000
108489  -17.041  16.940  -38.410 0.0000000000
108490  -17.372  16.906  -38.368 0.0000000000
108491  -18.247  16.832  -38.229 0.0000000000
108492  -19.456  16.626  -37.963 0.0000000000
108493  -20.917  16.547  -37.496 0.0000000000
108494  -21.889  16.307  -37.938 0.0000000000
108495  -16.797  16.600  -38.303 0.0000000000
108496  -17.017  16.573  -38.601 0.0000000000
108497  -17.512  16.264  -38.955 0.0000000000
108498  -18.471  15.960  -38.864 0.0000000000
108499  -19.761  15.729  -38.609 0.0000000000
108500  -21.002  15.730  -38.555 0.0000000000
108501  -21.842  16.058  -38.757 0.0000000000
108502  -22.089  16.673  -41.188 0.0000000000
108503  -22.131  17.087  -41.360 0.0000000000
108504  -21.792  16.880  -41.523 0.0000000000
108505  -22.230  17.547  -41.792 0.0000000000
108506  -23.501  17.437  -42.317 0.0000000000
108507  -24.494  17.489  -42.819 0.0000000000
108508  -21.600  17.095  -42.148 0.0000000000
108509  -22.663  17.165  -42.599 0.0000000000
108510  -23.817  17.541  -43.196 0.0000000000
108511  -24.960  17.361  -43.652 0.0000000000
108512  -25.687  16.710  -44.248 0.0000000000
108513  -23.405  17.075  -43.252 0.0000000000
108514  -24.141  17.109  -43.916 0.0000000000
108515  -25.040  16.816  -44.507 0.0000000000
108516  -25.760  16.425  -45.081 0.0000000000
108517  -24.667  16.445  -44.473 0.0000000000
108518  -25.126  16.195  -45.366 0.0000000000
108519  -25.718  16.037  -45.915 0.0000000000
108520  -25.275  15.851  -46.106 0.0000000000
108521  -25.597  15.712  -46.267 0.0000000000
109286  -43.212  16.994  -27.854 0.0000000000
109287  -43.678  17.555  -27.820 0.0000000000
109288  -44.590  17.895  -27.400 0.0000000000
109298  -41.737  17.528  -28.898 0.0000000000
109299  -42.896  17.420  -28.472 0.0000000000
109300  -43.494  17.996  -28.322 0.0000000000
109305  -44.919  17.566  -30.140 0.0000000000
109306  -45.393  17.732  -29.235 0.0000000000
109309  -44.788  17.561  -31.170 0.0000000000
109312  -38.432  18.013  -32.277 0.0000000000
109313  -39.019  17.925  -32.474 0.0000000000
109314  -43.978  18.189  -32.283 0.0000000000
109315  -44.383  17.733  -32.095 0.0000000000
109324  -30.699  16.842  -32.845 0.0000000000
109325  -31.278  17.302  -32.721 0.0000000000
109326  -32.338  17.187  -32.480 0.0000000000
109327  -33.244  17.149  -32.450 0.0000000000
109328  -33.956  16.920  -32.516 0.0000000000
109329  -34.548  16.840  -32.607 0.0000000000
109330  -36.976  18.349  -33.022 0.0000000000
109331  -38.061  17.852  -33.037 0.0000000000
109332  -39.794  17.869  -33.686 0.0000000000
109333  -40.873  18.301  -33.823 0.0000000000
109334  -41.583  18.631  -34.098 0.0000000000
109335  -42.440  18.317  -34.145 0.0000000000
109336  -43.602  17.878  -32.806 0.0000000000
109337  -44.205  17.435  -32.612 0.0000000000
109338  -19.998  18.712  -33.620 0.0000000000
109343  -29.529  17.355  -33.857 0.0000000000
109344  -30.320  17.298  -33.264 0.0000000000
109345  -30.871  17.813  -33.126 0.0000000000
109346  -33.746  17.469  -32.709 0.0000000000
109347  -34.262  17.363  -32.805 0.0000000000
109348  -34.822  17.123  -32.805 0.0000000000
109349  -41.673  18.646  -35.191 0.0000000000
109350  -41.873  18.626  -35.960 0.0000000000
109351  -19.716  18.170  -34.121 0.0000000000
109353  -22.688  17.953  -35.117 0.0000000000
109354  -23.179  17.758  -35.023 0.0000000000
109355  -24.138  17.309  -34.921 0.0000000000
109356  -25.305  17.425  -34.793 0.0000000000
109357  -26.350  17.577  -34.929 0.0000000000
109358  -27.325  17.428  -34.702 0.0000000000
109359  -28.151  17.434  -34.541 0.0000000000
109360  -28.908  17.427  -34.321 0.0000000000
109361  -16.258  18.601  -35.736 0.0000000000
109362  -16.870  17.970  -35.570 0.0000000000
109363  -18.106  18.079  -35.328 0.0000000000
109364  -19.088  18.236  -35.067 0.0000000000
109365  -20.783  18.492  -35.925 0.0000000000
109366  -21.275  18.111  -35.883 0.0000000000
109367  -22.283  17.554  -35.736 0.0000000000
109368  -23.252  17.110  -35.487 0.0000000000
109369  -23.727  16.779  -35.374 0.0000000000
109370  -25.785  17.911  -35.082 0.0000000000
109371  -26.105  18.116  -35.219 0.0000000000
109372  -16.378  17.791  -36.466 0.0000000000
109373  -16.686  17.319  -36.096 0.0000000000
109374  -19.596  18.275  -36.660 0.0000000000
109375  -20.306  18.054  -36.410 0.0000000000
109376  -21.281  17.208  -36.614 0.0000000000
109377  -21.959  17.211  -36.405 0.0000000000
109378  -16.732  17.650  -37.557 0.0000000000
109379  -17.111  17.361  -37.950 0.0000000000
109380  -17.916  17.678  -37.634 0.0000000000
109381  -19.192  17.772  -37.280 0.0000000000
109382  -20.337  17.186  -37.146 0.0000000000
109383  -20.842  16.950  -37.063 0.0000000000
109384  -16.867  16.990  -38.253 0.0000000000
109385  -17.012  16.872  -38.419 0.0000000000
110203  -44.012  18.603  -28.252 0.0000000000
110204  -44.961  18.703  -27.969 0.0000000000
110215  -42.432  18.507  -28.983 0.0000000000
110216  -43.259  18.432  -28.589 0.0000000000
110217  -44.888  18.999  -28.681 0.0000000000
110218  -45.410  18.556  -28.253 0.0000000000
110221  -44.872  18.603  -29.504 0.0000000000
110222  -45.345  18.413  -28.765 0.0000000000
110225  -37.200  18.982  -30.785 0.0000000000
110226  -38.159  18.668  -30.569 0.0000000000
110227  -39.308  18.700  -30.572 0.0000000000
110228  -40.431  19.173  -30.593 0.0000000000
110229  -41.044  19.581  -30.526 0.0000000000
110230  -44.190  18.930  -30.809 0.0000000000
110231  -44.574  18.333  -30.485 0.0000000000
110235  -37.009  18.767  -31.535 0.0000000000
110236  -37.704  18.486  -31.443 0.0000000000
110237  -38.672  18.237  -31.584 0.0000000000
110238  -40.084  18.382  -31.994 0.0000000000
110239  -41.428  19.262  -31.476 0.0000000000
110240  -42.596  19.420  -31.823 0.0000000000
110241  -43.338  19.061  -31.762 0.0000000000
110242  -43.956  18.552  -31.667 0.0000000000
110243  -44.398  18.215  -31.264 0.0000000000
110253  -32.093  17.854  -32.745 0.0000000000
110254  -32.922  17.803  -32.673 0.0000000000
110255  -33.435  17.667  -32.719 0.0000000000
110256  -36.632  18.857  -31.987 0.0000000000
110257  -37.278  18.413  -32.218 0.0000000000
110258  -38.013  18.142  -32.085 0.0000000000
110259  -40.543  18.139  -33.076 0.0000000000
110260  -41.214  18.545  -32.889 0.0000000000
110261  -42.113  19.171  -33.002 0.0000000000
110262  -43.080  18.934  -32.775 0.0000000000
110263  -43.605  18.516  -32.279 0.0000000000
110264  -19.617  19.422  -33.930 0.0000000000
110265  -20.228  19.296  -33.357 0.0000000000
110270  -30.032  17.867  -33.851 0.0000000000
110271  -30.583  18.209  -33.582 0.0000000000
110272  -31.461  18.284  -33.193 0.0000000000
110273  -32.565  18.393  -33.133 0.0000000000
110274  -33.825  18.099  -33.199 0.0000000000
110275  -34.661  17.552  -33.118 0.0000000000
110276  -36.636  18.684  -32.529 0.0000000000
110277  -18.561  19.395  -35.249 0.0000000000
110278  -19.100  19.218  -34.716 0.0000000000
110279  -22.446  18.637  -34.945 0.0000000000
110280  -22.949  18.431  -34.860 0.0000000000
110281  -23.931  18.535  -34.994 0.0000000000
110282  -24.883  18.119  -34.894 0.0000000000
110283  -25.427  17.988  -34.982 0.0000000000
110284  -27.153  18.079  -35.020 0.0000000000
110285  -27.904  18.074  -34.890 0.0000000000
110286  -28.713  18.025  -34.738 0.0000000000
110287  -29.590  18.095  -34.461 0.0000000000
110288  -30.204  18.333  -34.118 0.0000000000
110289  -34.478  18.427  -33.806 0.0000000000
110290  -35.175  17.935  -33.641 0.0000000000
110291  -15.764  20.082  -36.417 0.0000000000
110292  -15.836  19.421  -35.837 0.0000000000
110293  -16.547  19.338  -35.522 0.0000000000
110294  -17.666  19.167  -35.374 0.0000000000
110295  -18.519  18.861  -35.198 0.0000000000
110296  -21.197  18.948  -35.570 0.0000000000
110297  -21.948  18.554  -35.231 0.0000000000
110298  -22.436  18.206  -35.143 0.0000000000
110299  -24.324  19.210  -35.184 0.0000000000
110300  -24.786  18.919  -35.270 0.0000000000
110301  -25.645  18.529  -35.277 0.0000000000
110302  -26.609  18.544  -35.323 0.0000000000
110303  -27.622  18.685  -35.324 0.0000000000
110304  -28.549  18.607  -35.221 0.0000000000
110305  -29.228  18.454  -35.016 0.0000000000
110306  -15.889  20.180  -36.998 0.0000000000
110307  -16.328  19.416  -36.969 0.0000000000
110308  -18.931  19.037  -36.348 0.0000000000
110309  -19.705  18.737  -36.178 0.0000000000
110310  -20.445  18.879  -35.847 0.0000000000
110311  -16.871  18.944  -37.402 0.0000000000
110312  -17.538  18.805  -37.434 0.0000000000
110313  -18.457  18.868  -37.131 0.0000000000
110314  -19.159  18.515  -36.711 0.0000000000
111162  -44.003  19.267  -28.481 0.0000000000
111163  -44.351  19.063  -28.422 0.0000000000
111175  -41.907  19.596  -29.044 0.0000000000
111176  -43.291  19.443  -28.807 0.0000000000
111177  -44.249  19.467  -28.648 0.0000000000
111185  -41.302  20.119  -29.180 0.0000000000
111186  -42.488  20.179  -29.265 0.0000000000
111187  -43.602  20.150  -29.247 0.0000000000
111188  -44.404  19.584  -29.331 0.0000000000
111193  -39.691  19.554  -29.710 0.0000000000
111194  -40.811  19.973  -29.809 0.0000000000
111195  -41.871  20.189  -29.786 0.0000000000
111196  -42.899  20.268  -29.968 0.0000000000
111197  -43.796  19.706  -30.163 0.0000000000
111198  -44.408  19.127  -30.057 0.0000000000
111201  -36.423  19.355  -31.347 0.0000000000
111202  -41.480  19.780  -30.391 0.0000000000
111203  -42.242  19.733  -30.656 0.0000000000
111204  -43.090  19.581  -30.867 0.0000000000
111205  -43.682  19.201  -31.050 0.0000000000
111213  -35.846  19.812  -32.667 0.0000000000
111214  -36.135  19.413  -32.449 0.0000000000
111215  -19.971  20.304  -33.698 0.0000000000
111216  -20.629  20.182  -33.039 0.0000000000
111223  -30.517  18.608  -34.032 0.0000000000
111224  -31.034  18.897  -33.878 0.0000000000
111225  -32.064  19.094  -33.660 0.0000000000
111226  -33.062  18.940  -33.576 0.0000000000
111227  -18.989  19.733  -35.175 0.0000000000
111228  -19.471  20.481  -34.580 0.0000000000
111229  -22.270  18.964  -34.884 0.0000000000
111230  -22.714  19.062  -34.844 0.0000000000
111231  -23.333  19.046  -34.971 0.0000000000
111232  -29.719  18.557  -34.991 0.0000000000
111233  -30.373  18.846  -34.655 0.0000000000
111234  -31.608  19.709  -34.640 0.0000000000
111235  -32.846  19.591  -34.176 0.0000000000
111236  -33.946  18.957  -34.201 0.0000000000
111237  -35.002  18.584  -34.260 0.0000000000
111238  -15.635  20.614  -35.889 0.0000000000
111239  -16.114  20.486  -35.277 0.0000000000
111240  -17.078  20.329  -35.454 0.0000000000
111241  -18.314  19.989  -35.590 0.0000000000
111242  -19.811  20.457  -35.319 0.0000000000
111243  -20.829  20.019  -35.555 0.0000000000
111244  -22.142  19.618  -34.947 0.0000000000
111245  -23.196  19.681  -34.851 0.0000000000
111246  -23.929  19.561  -35.058 0.0000000000
111247  -24.665  19.880  -35.220 0.0000000000
111248  -25.355  19.398  -35.408 0.0000000000
111249  -26.166  19.452  -35.560 0.0000000000
111250  -27.213  19.471  -35.689 0.0000000000
111251  -28.310  19.353  -35.719 0.0000000000
111252  -29.519  19.152  -35.469 0.0000000000
111253  -30.698  19.624  -35.419 0.0000000000
111254  -31.398  19.979  -35.440 0.0000000000
111255  -34.870  19.076  -34.797 0.0000000000
111256  -36.705  18.714  -34.620 0.0000000000
111257  -15.704  20.681  -36.882 0.0000000000
111258  -15.687  20.351  -37.734 0.0000000000
111259  -17.278  20.761  -36.959 0.0000000000
111260  -18.202  20.101  -36.404 0.0000000000
111261  -19.538  19.428  -35.730 0.0000000000
111262  -20.113  19.227  -35.770 0.0000000000
111263  -35.236  19.193  -35.525 0.0000000000
111264  -16.239  20.095  -38.013 0.0000000000
111265  -17.091  20.175  -37.382 0.0000000000
111266  -17.861  19.589  -37.222 0.0000000000
111267  -36.131  19.585  -38.065 0.0000000000
111268  -37.496  19.866  -39.057 0.0000000000
112142  -35.737  21.175  -30.722 0.0000000000
112143  -36.081  20.295  -30.934 0.0000000000
112146  -35.922  20.925  -31.628 0.0000000000
112147  -36.076  20.037  -31.859 0.0000000000
112148  -21.269  20.105  -32.617 0.0000000000
112153  -35.839  20.402  -32.502 0.0000000000
112154  -35.947  19.919  -32.267 0.0000000000
112155  -20.456  21.544  -33.893 0.0000000000
112156  -21.373  20.845  -33.180 0.0000000000
112157  -22.096  20.652  -33.155 0.0000000000
112162  -35.163  20.563  -34.039 0.0000000000
112163  -35.533  20.572  -33.171 0.0000000000
112164  -20.568  21.837  -34.873 0.0000000000
112165  -32.759  20.116  -34.887 0.0000000000
112166  -33.595  19.673  -34.818 0.0000000000
112167  -34.162  19.326  -34.803 0.0000000000
112168  -34.935  21.104  -35.172 0.0000000000
112169  -15.784  21.380  -36.508 0.0000000000
112170  -15.910  21.454  -35.503 0.0000000000
112171  -16.780  21.329  -35.420 0.0000000000
112172  -17.376  20.754  -35.466 0.0000000000
112173  -21.480  22.121  -35.574 0.0000000000
112174  -22.406  21.073  -35.268 0.0000000000
112175  -23.190  20.467  -35.013 0.0000000000
112176  -26.624  20.547  -36.087 0.0000000000
112177  -27.889  20.217  -36.235 0.0000000000
112178  -29.043  20.068  -36.231 0.0000000000
112179  -30.166  19.975  -36.205 0.0000000000
112180  -31.189  20.193  -36.043 0.0000000000
112181  -32.224  20.328  -35.671 0.0000000000
112182  -33.512  20.080  -35.631 0.0000000000
112183  -34.322  19.508  -35.359 0.0000000000
112184  -35.334  21.118  -36.030 0.0000000000
112185  -15.745  21.284  -37.822 0.0000000000
112186  -15.826  20.749  -38.225 0.0000000000
112187  -17.182  21.231  -36.436 0.0000000000
112188  -17.671  20.924  -35.671 0.0000000000
112189  -26.895  21.244  -36.546 0.0000000000
112190  -27.552  21.006  -36.621 0.0000000000
112191  -28.570  20.901  -37.137 0.0000000000
112192  -29.779  20.445  -37.136 0.0000000000
112193  -30.888  20.548  -36.883 0.0000000000
112194  -32.019  20.518  -36.721 0.0000000000
112195  -33.289  20.311  -36.676 0.0000000000
112196  -34.609  19.493  -36.536 0.0000000000
112197  -35.437  19.033  -36.876 0.0000000000
112198  -16.012  21.698  -38.180 0.0000000000
112199  -16.358  21.200  -38.095 0.0000000000
112200  -16.975  21.120  -37.335 0.0000000000
112201  -28.908  21.634  -37.718 0.0000000000
112202  -29.547  21.191  -37.905 0.0000000000
112203  -30.622  21.095  -37.746 0.0000000000
112204  -31.789  21.111  -37.493 0.0000000000
112205  -32.955  20.737  -37.510 0.0000000000
112206  -34.277  20.191  -37.975 0.0000000000
112207  -35.379  19.445  -37.623 0.0000000000
112208  -34.811  20.392  -38.850 0.0000000000
112209  -35.752  19.890  -39.085 0.0000000000
112210  -36.768  19.753  -39.264 0.0000000000
112211  -36.277  20.403  -39.808 0.0000000000
112212  -36.836  20.013  -39.801 0.0000000000
113038  -35.785  21.967  -30.371 0.0000000000
113044  -36.042  22.054  -31.330 0.0000000000
113045  -36.428  22.582  -31.507 0.0000000000
113052  -36.108  21.656  -32.257 0.0000000000
113053  -36.551  22.476  -31.982 0.0000000000
113054  -21.060  22.327  -34.292 0.0000000000
113055  -21.672  21.770  -33.960 0.0000000000
113056  -21.990  21.138  -33.479 0.0000000000
113057  -22.513  20.814  -33.557 0.0000000000
113059  -24.759  21.824  -34.254 0.0000000000
113066  -34.798  21.905  -33.799 0.0000000000
113067  -35.696  21.701  -33.154 0.0000000000
113068  -36.497  22.412  -32.733 0.0000000000
113069  -20.856  23.005  -34.708 0.0000000000
113070  -28.479  22.779  -34.176 0.0000000000
113074  -34.020  22.616  -35.207 0.0000000000
113075  -34.304  21.918  -34.641 0.0000000000
113076  -15.991  21.631  -36.585 0.0000000000
113077  -16.028  21.766  -36.028 0.0000000000
113078  -16.249  21.706  -35.631 0.0000000000
113079  -25.674  21.046  -35.815 0.0000000000
113080  -28.194  22.830  -34.681 0.0000000000
113081  -28.524  22.406  -34.866 0.0000000000
113082  -29.187  22.132  -34.969 0.0000000000
113083  -33.885  22.700  -35.546 0.0000000000
113084  -34.535  21.943  -35.866 0.0000000000
113085  -35.122  21.492  -36.169 0.0000000000
113086  -15.964  21.651  -37.305 0.0000000000
113087  -16.137  21.583  -36.787 0.0000000000
113088  -16.418  21.662  -36.082 0.0000000000
113089  -24.354  21.489  -35.340 0.0000000000
113090  -26.120  21.882  -36.480 0.0000000000
113091  -27.228  21.626  -37.022 0.0000000000
113092  -27.851  21.337  -37.151 0.0000000000
113093  -34.975  21.928  -37.014 0.0000000000
113094  -35.436  21.443  -36.636 0.0000000000
113095  -15.823  21.958  -38.056 0.0000000000
113096  -16.227  21.923  -37.820 0.0000000000
113097  -16.464  21.424  -37.107 0.0000000000
113098  -26.325  22.871  -37.175 0.0000000000
113099  -26.901  22.509  -37.504 0.0000000000
113100  -28.023  21.986  -37.786 0.0000000000
113101  -29.218  22.323  -38.461 0.0000000000
113102  -30.337  21.758  -38.584 0.0000000000
113103  -31.545  21.745  -38.436 0.0000000000
113104  -32.818  21.451  -38.230 0.0000000000
113105  -33.571  20.905  -38.112 0.0000000000
113106  -35.266  22.190  -37.626 0.0000000000
113107  -36.266  21.626  -37.880 0.0000000000
113108  -29.382  22.806  -39.262 0.0000000000
113109  -30.039  22.483  -39.282 0.0000000000
113110  -31.103  22.265  -39.380 0.0000000000
113111  -32.667  22.275  -39.517 0.0000000000
113112  -34.194  21.232  -38.903 0.0000000000
113113  -35.098  20.615  -39.190 0.0000000000
113114  -36.856  21.958  -39.017 0.0000000000
113115  -33.314  22.707  -40.294 0.0000000000
113116  -34.154  22.215  -40.007 0.0000000000
113117  -35.576  21.154  -39.752 0.0000000000
113118  -36.705  20.734  -40.207 0.0000000000
113119  -37.444  20.589  -40.124 0.0000000000
113909  -36.266  22.922  -30.658 0.0000000000
113910  -36.492  23.642  -30.868 0.0000000000
113913  -36.369  22.671  -31.237 0.0000000000
113914  -36.715  23.249  -31.422 0.0000000000
113921  -36.965  23.232  -32.462 0.0000000000
113922  -25.614  22.648  -33.907 0.0000000000
113923  -26.381  22.885  -33.477 0.0000000000
113924  -27.360  23.087  -33.051 0.0000000000
113925  -28.212  23.181  -33.363 0.0000000000
113930  -34.505  22.712  -34.173 0.0000000000
113931  -35.243  22.892  -33.768 0.0000000000
113932  -36.416  23.233  -33.378 0.0000000000
113933  -27.479  23.719  -34.569 0.0000000000
113934  -27.820  23.410  -34.368 0.0000000000
113938  -33.685  23.286  -35.305 0.0000000000
113939  -34.069  23.395  -34.775 0.0000000000
113940  -27.437  23.739  -35.000 0.0000000000
113941  -27.902  23.010  -35.291 0.0000000000
113942  -28.748  22.639  -35.646 0.0000000000
113943  -30.060  22.567  -35.440 0.0000000000
113944  -31.111  23.142  -35.348 0.0000000000
113945  -33.512  23.082  -35.871 0.0000000000
113946  -34.102  22.415  -36.585 0.0000000000
113947  -25.208  22.424  -36.193 0.0000000000
113948  -27.352  23.888  -35.864 0.0000000000
113949  -27.865  23.479  -36.403 0.0000000000
113950  -29.029  23.328  -36.566 0.0000000000
113951  -30.028  23.533  -36.551 0.0000000000
113952  -33.390  23.086  -36.884 0.0000000000
113953  -34.403  22.443  -37.398 0.0000000000
113954  -24.582  23.013  -36.335 0.0000000000
113955  -25.599  23.279  -36.958 0.0000000000
113956  -26.509  23.773  -37.901 0.0000000000
113957  -27.463  23.288  -38.198 0.0000000000
113958  -28.244  22.980  -38.552 0.0000000000
113959  -33.728  22.974  -37.958 0.0000000000
113960  -35.110  22.488  -38.342 0.0000000000
113961  -36.174  22.307  -38.966 0.0000000000
113962  -27.164  24.317  -38.686 0.0000000000
113963  -27.704  23.901  -39.139 0.0000000000
113964  -28.638  23.354  -39.391 0.0000000000
113965  -29.527  23.212  -39.864 0.0000000000
113966  -30.549  22.864  -39.949 0.0000000000
113967  -31.541  22.753  -40.058 0.0000000000
113968  -34.286  23.063  -38.875 0.0000000000
113969  -35.159  22.601  -39.489 0.0000000000
113970  -36.558  22.033  -39.753 0.0000000000
113971  -37.237  21.358  -40.194 0.0000000000
113972  -30.093  23.549  -40.185 0.0000000000
113973  -31.006  23.504  -40.283 0.0000000000
113974  -32.407  23.223  -40.353 0.0000000000
113975  -33.753  22.976  -40.476 0.0000000000
113976  -35.074  22.424  -40.079 0.0000000000
113977  -36.510  21.460  -40.183 0.0000000000
113978  -37.076  21.028  -40.406 0.0000000000
114757  -36.456  23.851  -30.434 0.0000000000
114758  -36.751  24.528  -30.811 0.0000000000
114761  -37.025  24.401  -31.799 0.0000000000
114763  -34.387  24.901  -32.459 0.0000000000
114764  -36.821  24.269  -32.759 0.0000000000
114765  -25.692  23.648  -33.825 0.0000000000
114766  -26.402  24.027  -33.513 0.0000000000
114767  -27.282  23.839  -33.586 0.0000000000
114768  -27.615  23.646  -33.944 0.0000000000
114770  -33.233  24.483  -34.170 0.0000000000
114771  -34.711  23.612  -34.305 0.0000000000
114772  -35.435  24.370  -34.081 0.0000000000
114773  -36.297  24.481  -33.432 0.0000000000
114774  -25.119  23.836  -34.366 0.0000000000
114775  -26.666  24.490  -33.902 0.0000000000
114776  -27.198  24.123  -34.403 0.0000000000
114777  -27.540  23.702  -34.204 0.0000000000
114778  -31.716  23.418  -34.965 0.0000000000
114779  -32.492  24.128  -34.986 0.0000000000
114780  -33.394  24.565  -35.130 0.0000000000
114781  -34.365  24.740  -34.752 0.0000000000
114782  -34.919  25.099  -34.613 0.0000000000
114783  -26.886  24.547  -35.548 0.0000000000
114784  -30.752  23.508  -36.074 0.0000000000
114785  -31.613  24.223  -35.877 0.0000000000
114786  -32.489  25.043  -35.910 0.0000000000
114787  -33.137  24.556  -36.253 0.0000000000
114788  -25.873  25.707  -37.844 0.0000000000
114789  -26.593  24.821  -36.990 0.0000000000
114790  -28.006  24.276  -37.534 0.0000000000
114791  -29.434  24.210  -37.528 0.0000000000
114792  -30.727  24.514  -37.063 0.0000000000
114793  -31.636  25.776  -36.866 0.0000000000
114794  -32.447  25.675  -36.897 0.0000000000
114795  -32.936  24.134  -37.379 0.0000000000
114796  -24.560  23.962  -37.159 0.0000000000
114797  -25.618  24.761  -37.699 0.0000000000
114798  -27.042  25.111  -38.468 0.0000000000
114799  -28.505  25.160  -38.402 0.0000000000
114800  -30.002  25.229  -38.319 0.0000000000
114801  -30.916  25.910  -37.571 0.0000000000
114802  -31.171  26.619  -37.021 0.0000000000
114803  -32.558  25.148  -37.942 0.0000000000
114804  -33.272  23.816  -38.542 0.0000000000
114805  -27.227  25.025  -39.708 0.0000000000
114806  -27.794  24.375  -40.073 0.0000000000
114807  -28.660  24.061  -40.224 0.0000000000
114808  -29.403  23.971  -40.292 0.0000000000
114809  -32.870  24.657  -39.067 0.0000000000
114810  -33.946  23.454  -39.614 0.0000000000
114811  -34.647  22.908  -40.084 0.0000000000
114812  -27.445  25.041  -40.483 0.0000000000
114813  -27.994  24.868  -40.732 0.0000000000
114814  -28.833  24.737  -40.659 0.0000000000
114815  -29.972  24.473  -40.374 0.0000000000
114816  -31.361  24.385  -40.350 0.0000000000
114817  -32.855  24.071  -40.031 0.0000000000
114818  -34.228  23.120  -40.220 0.0000000000
114819  -34.569  22.742  -40.238 0.0000000000
115760  -36.133  26.034  -30.404 0.0000000000
115761  -36.672  25.794  -30.377 0.0000000000
115762  -35.012  25.703  -32.103 0.0000000000
115763  -35.560  25.929  -31.198 0.0000000000
115764  -37.389  25.758  -31.038 0.0000000000
115765  -33.596  25.176  -33.799 0.0000000000
115766  -34.160  25.545  -33.281 0.0000000000
115767  -37.050  25.514  -32.206 0.0000000000
115768  -25.444  24.328  -34.193 0.0000000000
115769  -25.803  24.358  -33.824 0.0000000000
115770  -33.534  25.742  -34.610 0.0000000000
115771  -33.728  25.802  -34.055 0.0000000000
115772  -36.097  25.570  -34.010 0.0000000000
115773  -36.593  25.242  -33.086 0.0000000000
115774  -24.636  24.507  -34.676 0.0000000000
115775  -25.667  25.022  -34.388 0.0000000000
115776  -26.529  24.782  -34.335 0.0000000000
115777  -33.774  25.788  -35.144 0.0000000000
115778  -34.555  25.807  -34.853 0.0000000000
115779  -35.297  25.491  -34.530 0.0000000000
115780  -25.575  25.877  -35.654 0.0000000000
115781  -26.417  25.097  -35.004 0.0000000000
115782  -25.537  26.073  -36.963 0.0000000000
115783  -26.242  25.423  -36.043 0.0000000000
115784  -30.972  26.947  -37.135 0.0000000000
115785  -31.310  26.717  -37.397 0.0000000000
115786  -25.046  25.713  -37.718 0.0000000000
115787  -27.956  25.991  -39.413 0.0000000000
115788  -28.008  25.686  -38.920 0.0000000000
115789  -28.889  26.237  -38.945 0.0000000000
115790  -30.394  26.545  -38.359 0.0000000000
115791  -30.926  26.833  -37.454 0.0000000000
115792  -32.187  26.669  -37.596 0.0000000000
115793  -29.628  26.597  -38.974 0.0000000000
115794  -32.155  25.890  -38.409 0.0000000000
115795  -28.332  25.297  -40.900 0.0000000000
115796  -29.013  25.574  -40.747 0.0000000000
115797  -30.245  25.574  -40.224 0.0000000000
115798  -31.473  25.341  -39.729 0.0000000000
115799  -32.268  25.326  -39.323 0.0000000000
116668  -36.484  27.313  -30.599 0.0000000000
116669  -36.974  27.196  -30.036 0.0000000000
116670  -35.262  26.571  -32.392 0.0000000000
116671  -35.789  26.852  -31.607 0.0000000000
116672  -37.548  27.041  -30.374 0.0000000000
116673  -34.694  26.679  -33.143 0.0000000000
116674  -35.349  27.078  -32.652 0.0000000000
116675  -37.259  26.871  -31.593 0.0000000000
116676  -33.597  26.433  -34.732 0.0000000000
116677  -33.843  26.635  -34.265 0.0000000000
116678  -36.209  26.462  -34.178 0.0000000000
116679  -36.591  26.550  -33.148 0.0000000000
116680  -23.353  25.086  -35.419 0.0000000000
116681  -24.566  25.244  -34.942 0.0000000000
116682  -33.599  26.259  -34.956 0.0000000000
116683  -33.990  26.757  -34.997 0.0000000000
116684  -35.381  26.607  -34.730 0.0000000000
116685  -36.112  27.006  -34.110 0.0000000000
116686  -24.611  25.830  -35.417 0.0000000000
116687  -24.742  26.460  -36.295 0.0000000000
116688  -31.124  27.506  -37.271 0.0000000000
116689  -31.024  27.191  -37.331 0.0000000000
116690  -24.086  26.185  -37.280 0.0000000000
116691  -30.738  27.037  -38.321 0.0000000000
116692  -31.047  27.385  -37.673 0.0000000000
116693  -31.358  27.302  -37.541 0.0000000000
116694  -30.285  26.687  -38.852 0.0000000000
116695  -30.974  27.054  -38.484 0.0000000000
116696  -31.694  27.109  -37.984 0.0000000000
116697  -29.106  26.492  -39.736 0.0000000000
116698  -30.575  26.362  -39.334 0.0000000000
116699  -31.509  26.241  -38.841 0.0000000000
117542  -36.873  27.901  -30.297 0.0000000000
117543  -37.388  27.828  -30.028 0.0000000000
117544  -36.445  27.745  -31.265 0.0000000000
117545  -37.157  27.819  -30.838 0.0000000000
117546  -34.989  27.457  -33.214 0.0000000000
117547  -35.660  27.699  -32.679 0.0000000000
117548  -36.410  27.698  -32.325 0.0000000000
117549  -34.396  27.555  -33.878 0.0000000000
117550  -34.930  27.772  -33.524 0.0000000000
117551  -36.109  27.549  -33.439 0.0000000000
117552  -34.141  27.581  -34.509 0.0000000000
117553  -34.686  27.611  -34.731 0.0000000000
117554  -35.524  27.529  -34.254 0.0000000000
118351  -35.876  27.971  -33.085 0.0000000000
118352  -36.107  27.944  -33.092 0.0000000000
118353  -34.630  27.864  -33.962 0.0000000000
118354  -35.148  27.878  -33.647 0.0000000000
118355  -35.618  27.821  -33.601 0.0000000000
118356  -34.395  27.794  -34.208 0.0000000000
118357  -34.593  27.845  -34.243 0.0000000000
118358  -35.068  27.939  -34.195 0.0000000000
148706  -39.149  16.421  -35.586 0.0000000000
148707  -39.133  17.535  -36.203 0.0000000000
148708  -38.279  16.543  -35.035 0.0000000000
148709  -39.841  17.984  -37.275 0.0000000000
148710  -40.161  18.388  -37.606 0.0000000000
148711  -39.729  18.457  -36.934 0.0000000000
148712  -38.050  16.135  -34.590 0.0000000000
148713  -40.931  19.123  -36.914 0.0000000000
148714  -37.318  16.126  -33.482 0.0000000000
148715  -38.640  18.018  -34.383 0.0000000000
148716  -38.801  18.172  -35.382 0.0000000000
148717  -41.492  18.994  -36.437 0.0000000000
148718  -36.376  16.942  -33.317 0.0000000000
148719  -39.406  18.311  -35.747 0.0000000000
148720  -40.837  18.751  -35.245 0.0000000000
148721  -39.691  18.310  -35.315 0.0000000000
148722  -41.486  19.036  -36.081 0.0000000000
148723  -40.249  19.051  -36.015 0.0000000000
148724  -39.243  18.200  -35.950 0.0000000000
148725  -37.575  16.505  -34.208 0.0000000000
148726  -36.461  18.756  -33.100 0.0000000000
148727  -39.738  18.649  -36.139 0.0000000000
148728  -38.125  18.198  -35.295 0.0000000000
148729  -36.223  19.085  -33.255 0.0000000000
148730  -36.707  18.573  -34.348 0.0000000000
148731  -35.778  19.693  -33.175 0.0000000000
148732  -37.120  20.480  -37.755 0.0000000000
148733  -36.447  19.604  -36.278 0.0000000000
148734  -35.700  20.173  -35.506 0.0000000000
148735  -36.744  19.695  -37.845 0.0000000000
148736  -35.650  19.071  -36.156 0.0000000000
148737  -36.124  19.097  -36.831 0.0000000000
148738  -36.677  20.917  -37.493 0.0000000000
148739  -37.551  21.280  -39.170 0.0000000000
148740  -36.232  20.712  -36.834 0.0000000000
148741  -36.666  19.658  -38.743 0.0000000000
148791  -23.068  21.042  -33.946 0.0000000000
148793  -25.499  20.301  -35.523 0.0000000000
148794  -22.446  21.388  -33.890 0.0000000000
148795  -22.109  24.697  -36.682 0.0000000000
148796  -23.815  21.147  -34.241 0.0000000000
148797  -24.202  22.766  -34.510 0.0000000000
148798  -24.228  20.314  -35.058 0.0000000000
148799  -23.088  22.136  -34.514 0.0000000000
148800  -22.371  25.055  -36.072 0.0000000000
148801  -21.806  24.016  -36.852 0.0000000000
148802  -23.806  20.313  -34.984 0.0000000000
148803  -23.595  23.266  -34.723 0.0000000000
148804  -25.030  23.048  -34.303 0.0000000000
148805  -22.807  22.199  -35.513 0.0000000000
148806  -24.421  23.595  -34.603 0.0000000000
148807  -21.696  22.798  -34.572 0.0000000000
148808  -22.553  23.683  -34.942 0.0000000000
148809  -23.707  24.080  -34.892 0.0000000000
148810  -22.988  23.619  -36.497 0.0000000000
148811  -21.466  23.605  -34.854 0.0000000000
148812  -21.537  23.568  -36.334 0.0000000000
148813  -21.260  23.828  -36.157 0.0000000000
148814  -23.157  25.418  -36.509 0.0000000000
148815  -21.625  24.160  -35.684 0.0000000000
148816  -21.140  23.179  -35.614 0.0000000000
148817  -21.419  24.131  -36.520 0.0000000000
148818  -23.937  26.016  -36.194 0.0000000000
148819  -24.161  24.975  -37.589 0.0000000000
148820  -23.198  25.097  -37.110 0.0000000000
148832  -27.907  25.699  -40.513 0.0000000000
148833  -28.515  26.453  -39.379 0.0000000000
