#!ascii label  , from subject ab_data vox2ras=TkReg
1294
42304  -4.393  -38.274  11.982 0.0000000000
42310  -4.282  -38.321  11.204 0.0000000000
42314  -3.750  -38.497  9.765 0.0000000000
42315  -4.062  -38.398  10.553 0.0000000000
42318  -3.438  -38.486  8.906 0.0000000000
42321  -3.301  -38.364  8.207 0.0000000000
42329  -3.532  -38.242  7.707 0.0000000000
43387  -2.135  -36.639  13.736 0.0000000000
43403  -2.319  -36.443  12.860 0.0000000000
43404  -2.896  -37.109  13.181 0.0000000000
43420  -2.426  -36.412  12.105 0.0000000000
43421  -2.927  -36.978  12.317 0.0000000000
43422  -3.773  -37.541  12.610 0.0000000000
43430  -2.505  -36.384  11.819 0.0000000000
43431  -2.917  -36.677  11.634 0.0000000000
43432  -3.793  -37.474  11.643 0.0000000000
43440  -3.649  -37.287  10.686 0.0000000000
43441  -4.088  -37.797  11.003 0.0000000000
43452  -3.522  -37.396  9.596 0.0000000000
43466  -3.332  -37.428  8.731 0.0000000000
43477  -3.425  -37.408  8.004 0.0000000000
43478  -3.953  -37.328  7.418 0.0000000000
43488  -4.533  -36.847  7.088 0.0000000000
44428  -1.217  -35.922  14.829 0.0000000000
44444  -1.347  -35.904  13.953 0.0000000000
44445  -1.507  -36.284  14.264 0.0000000000
44462  -1.433  -36.050  13.763 0.0000000000
44463  -1.637  -36.027  13.444 0.0000000000
44481  -2.119  -36.031  12.512 0.0000000000
44496  -2.439  -36.132  11.687 0.0000000000
44497  -2.950  -36.457  11.061 0.0000000000
44510  -2.681  -35.984  10.882 0.0000000000
44511  -3.224  -36.476  10.351 0.0000000000
44526  -2.942  -35.928  10.279 0.0000000000
44527  -3.277  -36.342  9.519 0.0000000000
44539  -3.435  -36.432  8.561 0.0000000000
44547  -3.766  -36.435  7.805 0.0000000000
44548  -4.152  -36.332  7.190 0.0000000000
44554  -4.588  -36.251  6.565 0.0000000000
45438  -1.408  -35.421  15.446 0.0000000000
45439  -4.193  -35.149  14.824 0.0000000000
45440  -4.805  -34.998  14.892 0.0000000000
45461  -1.623  -35.414  14.289 0.0000000000
45462  -2.536  -35.186  13.903 0.0000000000
45463  -3.694  -35.385  13.971 0.0000000000
45464  -4.952  -35.236  14.217 0.0000000000
45465  -5.502  -34.974  13.832 0.0000000000
45482  -1.491  -35.904  13.709 0.0000000000
45483  -2.066  -35.719  13.105 0.0000000000
45484  -3.002  -35.369  13.004 0.0000000000
45485  -4.283  -35.528  13.134 0.0000000000
45486  -5.317  -35.269  13.196 0.0000000000
45502  -2.295  -35.803  12.147 0.0000000000
45503  -2.627  -35.520  12.116 0.0000000000
45504  -3.578  -35.434  12.119 0.0000000000
45505  -4.869  -35.544  12.204 0.0000000000
45519  -2.582  -35.680  11.444 0.0000000000
45520  -3.050  -35.323  11.254 0.0000000000
45521  -4.121  -35.365  11.202 0.0000000000
45522  -5.369  -35.425  11.231 0.0000000000
45533  -2.865  -35.564  10.675 0.0000000000
45534  -3.476  -35.219  10.270 0.0000000000
45535  -4.682  -35.293  10.259 0.0000000000
45536  -5.692  -35.151  10.358 0.0000000000
45548  -3.120  -35.634  10.001 0.0000000000
45549  -3.474  -35.475  9.221 0.0000000000
45550  -5.251  -35.151  9.790 0.0000000000
45551  -5.739  -34.864  9.731 0.0000000000
45562  -3.748  -35.587  8.226 0.0000000000
45569  -4.035  -35.516  7.410 0.0000000000
45570  -4.223  -35.691  6.857 0.0000000000
45574  -4.124  -35.144  6.838 0.0000000000
45575  -4.454  -35.356  6.277 0.0000000000
46386  -2.432  -33.807  16.963 0.0000000000
46387  -2.982  -33.985  17.023 0.0000000000
46388  -3.960  -34.194  17.078 0.0000000000
46389  -4.742  -34.193  17.056 0.0000000000
46393  -1.045  -34.283  16.713 0.0000000000
46394  -2.167  -34.075  16.503 0.0000000000
46395  -3.229  -34.375  16.378 0.0000000000
46396  -4.248  -34.447  16.351 0.0000000000
46397  -4.985  -34.114  16.396 0.0000000000
46404  -1.627  -34.792  15.995 0.0000000000
46405  -2.397  -34.564  15.695 0.0000000000
46406  -3.502  -34.760  15.465 0.0000000000
46407  -4.659  -34.688  15.510 0.0000000000
46408  -5.162  -34.193  15.491 0.0000000000
46426  -1.764  -34.901  15.187 0.0000000000
46427  -2.400  -34.833  14.792 0.0000000000
46428  -3.237  -35.039  14.578 0.0000000000
46429  -5.098  -34.737  14.925 0.0000000000
46430  -5.468  -34.420  14.419 0.0000000000
46450  -5.707  -34.681  13.357 0.0000000000
46464  -5.820  -35.059  12.236 0.0000000000
46474  -6.185  -34.865  11.091 0.0000000000
46486  -4.158  -35.047  9.493 0.0000000000
46487  -4.787  -35.147  9.632 0.0000000000
46488  -6.282  -34.508  10.156 0.0000000000
46489  -6.422  -34.216  10.056 0.0000000000
46497  -4.092  -34.973  8.648 0.0000000000
46498  -5.100  -34.901  9.094 0.0000000000
46499  -6.063  -34.384  9.297 0.0000000000
46500  -6.378  -34.172  9.833 0.0000000000
46506  -4.120  -34.963  7.811 0.0000000000
46507  -4.737  -34.684  8.159 0.0000000000
46508  -5.611  -34.356  8.392 0.0000000000
46513  -4.149  -34.740  7.111 0.0000000000
46514  -4.525  -34.527  7.469 0.0000000000
46515  -5.170  -34.374  7.741 0.0000000000
46519  -4.312  -34.686  6.565 0.0000000000
46520  -4.632  -34.587  5.860 0.0000000000
47409  -2.560  -33.063  17.953 0.0000000000
47410  -3.142  -33.310  18.155 0.0000000000
47411  -4.215  -33.547  18.309 0.0000000000
47412  -5.086  -33.592  18.284 0.0000000000
47415  -1.229  -33.439  17.353 0.0000000000
47416  -2.386  -33.448  17.428 0.0000000000
47417  -3.593  -33.823  17.672 0.0000000000
47418  -4.633  -34.013  17.740 0.0000000000
47419  -5.280  -33.640  17.439 0.0000000000
47422  -1.745  -33.746  16.932 0.0000000000
47423  -2.169  -33.749  16.940 0.0000000000
47424  -5.213  -32.936  16.338 0.0000000000
47425  -5.247  -33.420  16.373 0.0000000000
47428  -5.013  -33.047  15.807 0.0000000000
47429  -5.252  -33.691  15.249 0.0000000000
47445  -5.051  -33.155  14.856 0.0000000000
47446  -5.418  -33.692  14.442 0.0000000000
47465  -5.257  -33.268  13.976 0.0000000000
47466  -5.678  -33.909  13.666 0.0000000000
47480  -5.273  -33.363  12.978 0.0000000000
47481  -5.822  -34.164  12.635 0.0000000000
47497  -5.533  -33.547  11.730 0.0000000000
47498  -5.959  -34.326  11.676 0.0000000000
47514  -5.515  -33.450  10.978 0.0000000000
47515  -6.078  -33.890  10.630 0.0000000000
47516  -6.357  -34.096  10.247 0.0000000000
47522  -6.214  -33.795  9.572 0.0000000000
47523  -6.419  -33.967  10.034 0.0000000000
47528  -6.333  -33.819  8.483 0.0000000000
47529  -6.351  -33.494  8.130 0.0000000000
47534  -4.419  -34.341  7.004 0.0000000000
47535  -5.008  -34.196  7.178 0.0000000000
47536  -5.965  -34.062  7.645 0.0000000000
47537  -6.384  -33.486  7.850 0.0000000000
47542  -4.327  -34.452  6.791 0.0000000000
47543  -4.707  -34.146  6.465 0.0000000000
47544  -5.692  -33.903  6.851 0.0000000000
47545  -6.407  -33.530  7.168 0.0000000000
47551  -4.854  -33.818  5.393 0.0000000000
47552  -5.346  -33.602  6.098 0.0000000000
47553  -6.206  -33.543  6.571 0.0000000000
48482  -2.663  -32.066  18.989 0.0000000000
48483  -3.263  -32.395  19.252 0.0000000000
48484  -4.285  -32.677  19.485 0.0000000000
48485  -5.094  -32.612  19.389 0.0000000000
48492  -1.324  -32.361  18.136 0.0000000000
48493  -2.435  -32.524  18.383 0.0000000000
48494  -3.703  -33.009  18.813 0.0000000000
48495  -4.755  -33.147  18.887 0.0000000000
48496  -5.324  -32.781  18.505 0.0000000000
48501  -1.716  -32.844  17.735 0.0000000000
48502  -2.270  -32.938  17.840 0.0000000000
48503  -5.075  -32.059  17.117 0.0000000000
48504  -5.399  -32.629  17.338 0.0000000000
48512  -4.918  -32.425  16.513 0.0000000000
48513  -5.349  -32.855  16.641 0.0000000000
48526  -2.873  -32.085  15.200 0.0000000000
48527  -3.375  -32.264  15.166 0.0000000000
48528  -4.328  -32.532  15.390 0.0000000000
48548  -2.166  -32.219  13.990 0.0000000000
48549  -2.688  -32.263  14.500 0.0000000000
48550  -3.765  -32.540  14.402 0.0000000000
48551  -4.650  -32.796  14.286 0.0000000000
48565  -2.401  -32.449  13.262 0.0000000000
48566  -3.339  -32.609  13.486 0.0000000000
48567  -4.232  -32.688  13.576 0.0000000000
48568  -4.892  -32.912  13.564 0.0000000000
48579  -2.307  -32.522  12.024 0.0000000000
48580  -3.138  -32.635  12.414 0.0000000000
48581  -4.033  -32.635  12.730 0.0000000000
48582  -4.672  -32.851  13.006 0.0000000000
48600  -2.262  -32.338  10.976 0.0000000000
48601  -3.016  -32.483  11.321 0.0000000000
48602  -3.984  -32.539  11.708 0.0000000000
48603  -4.797  -32.882  12.188 0.0000000000
48623  -2.252  -32.157  10.407 0.0000000000
48624  -2.813  -32.162  10.268 0.0000000000
48625  -3.831  -32.325  10.609 0.0000000000
48626  -4.939  -32.920  10.926 0.0000000000
48627  -5.521  -33.379  10.625 0.0000000000
48633  -3.030  -31.860  9.707 0.0000000000
48634  -3.558  -31.961  9.789 0.0000000000
48635  -4.573  -32.407  9.531 0.0000000000
48636  -5.503  -33.287  9.989 0.0000000000
48643  -4.921  -32.300  8.384 0.0000000000
48644  -5.732  -33.115  8.738 0.0000000000
48645  -6.202  -33.415  8.284 0.0000000000
48651  -5.043  -32.085  7.904 0.0000000000
48652  -5.666  -32.439  7.810 0.0000000000
48653  -6.241  -33.130  8.047 0.0000000000
48659  -5.991  -32.310  7.354 0.0000000000
48660  -6.473  -32.827  7.363 0.0000000000
48665  -5.218  -33.275  5.408 0.0000000000
48666  -6.010  -33.242  5.941 0.0000000000
48667  -7.037  -33.089  6.524 0.0000000000
48668  -8.012  -32.739  6.088 0.0000000000
48669  -8.471  -32.692  6.008 0.0000000000
48674  -6.503  -32.901  5.631 0.0000000000
48675  -7.479  -32.966  5.792 0.0000000000
48676  -8.188  -32.850  5.811 0.0000000000
49648  -3.362  -31.603  20.216 0.0000000000
49649  -4.076  -31.583  20.507 0.0000000000
49650  -5.160  -31.353  20.583 0.0000000000
49651  -5.531  -31.086  20.160 0.0000000000
49660  -1.651  -31.418  19.132 0.0000000000
49661  -2.699  -31.687  19.614 0.0000000000
49662  -3.775  -32.102  19.938 0.0000000000
49663  -4.771  -32.157  20.049 0.0000000000
49664  -5.371  -31.733  19.543 0.0000000000
49679  -1.506  -31.868  18.558 0.0000000000
49680  -2.207  -31.795  18.827 0.0000000000
49681  -4.913  -31.220  17.882 0.0000000000
49682  -5.295  -31.741  18.407 0.0000000000
49696  -3.801  -31.324  16.678 0.0000000000
49697  -4.521  -31.469  17.113 0.0000000000
49698  -5.108  -31.816  17.570 0.0000000000
49714  -2.824  -31.544  15.969 0.0000000000
49715  -3.359  -31.556  16.226 0.0000000000
49716  -4.121  -31.862  16.281 0.0000000000
49736  -1.635  -31.601  14.916 0.0000000000
49737  -1.991  -31.594  15.204 0.0000000000
49738  -2.527  -31.737  15.409 0.0000000000
49739  -3.075  -31.880  15.639 0.0000000000
49740  -3.651  -32.018  15.756 0.0000000000
49756  -1.250  -31.833  13.889 0.0000000000
49757  -1.471  -31.771  14.310 0.0000000000
49758  -1.963  -31.913  14.498 0.0000000000
49759  -2.251  -31.889  14.910 0.0000000000
49769  -1.225  -31.998  12.966 0.0000000000
49770  -1.413  -32.023  13.324 0.0000000000
49771  -1.802  -32.137  13.685 0.0000000000
49784  -1.157  -32.067  12.268 0.0000000000
49785  -1.336  -32.144  12.386 0.0000000000
49786  -1.748  -32.309  12.703 0.0000000000
49799  -1.278  -32.068  11.531 0.0000000000
49800  -1.666  -32.246  11.526 0.0000000000
49825  -1.426  -31.919  10.706 0.0000000000
49826  -1.857  -32.025  10.422 0.0000000000
49827  -2.265  -31.967  10.024 0.0000000000
49839  -1.360  -31.712  10.152 0.0000000000
49840  -1.587  -31.682  9.847 0.0000000000
49841  -1.995  -31.745  9.569 0.0000000000
49842  -2.611  -31.735  9.480 0.0000000000
49843  -3.227  -31.676  9.269 0.0000000000
49844  -3.841  -31.782  9.203 0.0000000000
49850  -1.517  -31.449  9.287 0.0000000000
49851  -1.773  -31.406  8.971 0.0000000000
49852  -2.266  -31.428  8.825 0.0000000000
49853  -2.883  -31.415  8.694 0.0000000000
49854  -3.516  -31.533  8.680 0.0000000000
49855  -4.208  -31.786  8.634 0.0000000000
49859  -3.227  -31.318  8.243 0.0000000000
49860  -3.758  -31.412  8.017 0.0000000000
49861  -4.538  -31.715  7.905 0.0000000000
49862  -5.080  -31.893  7.600 0.0000000000
49866  -4.095  -31.339  7.533 0.0000000000
49867  -4.664  -31.476  7.305 0.0000000000
49868  -5.501  -31.820  7.165 0.0000000000
49869  -6.150  -32.174  7.066 0.0000000000
49872  -5.900  -31.755  6.752 0.0000000000
49873  -6.614  -32.161  6.590 0.0000000000
49874  -7.642  -32.181  6.297 0.0000000000
49875  -8.526  -32.187  6.031 0.0000000000
49876  -9.046  -32.006  5.728 0.0000000000
49880  -7.771  -32.628  5.132 0.0000000000
49881  -8.664  -32.350  5.482 0.0000000000
49882  -9.169  -31.813  5.276 0.0000000000
49883  -11.618  -31.675  4.061 0.0000000000
49890  -8.207  -32.002  4.368 0.0000000000
49892  -9.383  -31.482  4.841 0.0000000000
49893  -11.754  -31.761  3.884 0.0000000000
50848  -3.684  -30.311  21.512 0.0000000000
50849  -4.600  -30.202  21.636 0.0000000000
50850  -5.324  -29.990  21.395 0.0000000000
50851  -5.562  -29.742  21.063 0.0000000000
50866  -1.562  -30.567  20.225 0.0000000000
50867  -2.881  -30.903  20.655 0.0000000000
50868  -4.291  -30.929  21.120 0.0000000000
50869  -5.113  -30.664  21.185 0.0000000000
50870  -5.527  -30.372  20.618 0.0000000000
50884  -1.941  -31.092  19.814 0.0000000000
50885  -5.286  -30.401  19.356 0.0000000000
50886  -5.543  -30.768  19.817 0.0000000000
50906  -4.957  -30.630  18.610 0.0000000000
50907  -5.384  -31.084  19.175 0.0000000000
50924  -2.227  -30.019  17.187 0.0000000000
50925  -2.668  -30.284  17.110 0.0000000000
50926  -3.571  -30.676  17.145 0.0000000000
50927  -4.412  -30.558  17.794 0.0000000000
50946  -1.337  -30.401  16.161 0.0000000000
50947  -1.570  -30.440  16.235 0.0000000000
50948  -2.070  -30.425  16.558 0.0000000000
50949  -2.798  -31.042  16.458 0.0000000000
50950  -3.370  -31.149  16.643 0.0000000000
50974  -1.405  -30.812  15.690 0.0000000000
50975  -1.644  -31.119  15.538 0.0000000000
50976  -2.233  -31.201  15.851 0.0000000000
50977  -2.558  -31.387  15.941 0.0000000000
50995  -1.189  -31.413  14.878 0.0000000000
50996  -1.413  -31.491  14.932 0.0000000000
51077  -1.718  -30.932  8.283 0.0000000000
51078  -2.063  -30.963  8.218 0.0000000000
51079  -2.580  -31.109  8.179 0.0000000000
51080  -2.934  -31.214  8.191 0.0000000000
51085  -1.709  -30.403  7.553 0.0000000000
51086  -1.944  -30.416  7.522 0.0000000000
51087  -2.449  -30.585  7.543 0.0000000000
51088  -3.164  -31.008  7.689 0.0000000000
51089  -3.702  -31.184  7.534 0.0000000000
51095  -1.718  -30.039  6.734 0.0000000000
51096  -2.156  -30.045  6.573 0.0000000000
51097  -2.956  -30.442  6.857 0.0000000000
51098  -3.933  -30.903  7.017 0.0000000000
51099  -4.956  -31.210  6.767 0.0000000000
51100  -5.502  -31.469  6.711 0.0000000000
51104  -2.308  -29.640  6.091 0.0000000000
51105  -2.738  -29.875  6.192 0.0000000000
51106  -3.550  -30.165  6.283 0.0000000000
51107  -4.564  -30.473  6.325 0.0000000000
51108  -5.721  -31.085  6.299 0.0000000000
51109  -6.919  -31.232  6.049 0.0000000000
51110  -8.030  -31.091  5.781 0.0000000000
51111  -8.860  -31.543  5.622 0.0000000000
51112  -9.107  -31.697  5.489 0.0000000000
51115  -8.261  -30.450  5.379 0.0000000000
51116  -8.734  -30.759  5.363 0.0000000000
51117  -9.312  -31.180  5.085 0.0000000000
51118  -11.621  -31.533  4.271 0.0000000000
51141  -11.966  -31.195  2.884 0.0000000000
52123  -4.230  -29.077  22.500 0.0000000000
52124  -4.633  -29.058  22.453 0.0000000000
52125  -5.235  -28.980  22.232 0.0000000000
52141  -2.675  -29.721  21.523 0.0000000000
52142  -3.978  -29.491  22.248 0.0000000000
52143  -4.971  -29.562  22.033 0.0000000000
52144  -5.509  -29.131  21.507 0.0000000000
52167  -1.866  -30.124  20.822 0.0000000000
52168  -5.525  -29.420  20.686 0.0000000000
52190  -4.870  -29.722  19.205 0.0000000000
52191  -5.398  -29.744  19.923 0.0000000000
52213  -2.106  -29.323  17.956 0.0000000000
52214  -2.624  -29.252  18.164 0.0000000000
52215  -3.452  -29.355  18.322 0.0000000000
52216  -4.332  -29.716  18.484 0.0000000000
52237  -1.550  -29.520  17.460 0.0000000000
52238  -1.896  -29.653  17.459 0.0000000000
52239  -2.410  -29.723  17.592 0.0000000000
52240  -3.086  -29.852  17.678 0.0000000000
52241  -3.800  -29.992  17.854 0.0000000000
52262  -1.489  -30.083  16.685 0.0000000000
52263  -1.672  -30.010  16.876 0.0000000000
52384  -1.720  -29.580  6.175 0.0000000000
52391  -1.573  -29.120  5.640 0.0000000000
52392  -1.985  -29.349  5.847 0.0000000000
52393  -2.536  -29.302  5.788 0.0000000000
52394  -3.242  -29.437  5.804 0.0000000000
52395  -4.135  -29.683  5.782 0.0000000000
52396  -5.142  -30.042  5.701 0.0000000000
52397  -6.194  -30.345  5.608 0.0000000000
52398  -7.115  -30.447  5.576 0.0000000000
52401  -1.787  -28.929  5.375 0.0000000000
52402  -2.236  -28.873  5.327 0.0000000000
52403  -2.926  -28.810  5.362 0.0000000000
52404  -3.739  -28.983  5.277 0.0000000000
52405  -4.655  -29.273  5.140 0.0000000000
52406  -5.653  -29.524  5.084 0.0000000000
52407  -6.675  -29.677  5.162 0.0000000000
52408  -7.711  -29.968  5.239 0.0000000000
52409  -8.479  -30.045  5.038 0.0000000000
52410  -9.076  -30.315  4.859 0.0000000000
52411  -11.244  -31.169  4.369 0.0000000000
52412  -11.705  -30.945  4.497 0.0000000000
52421  -9.608  -30.412  4.380 0.0000000000
52422  -10.808  -30.443  4.232 0.0000000000
52423  -11.943  -29.950  4.307 0.0000000000
53396  -2.709  -28.199  22.606 0.0000000000
53397  -4.016  -28.590  22.680 0.0000000000
53398  -5.048  -28.385  22.557 0.0000000000
53399  -5.483  -28.494  22.079 0.0000000000
53416  -1.931  -28.850  22.053 0.0000000000
53417  -3.173  -29.011  22.292 0.0000000000
53418  -3.730  -29.063  22.455 0.0000000000
53419  -5.467  -28.251  21.584 0.0000000000
53435  -4.812  -28.028  20.422 0.0000000000
53436  -5.296  -28.450  20.765 0.0000000000
53450  -3.019  -27.929  19.352 0.0000000000
53451  -3.621  -28.180  19.393 0.0000000000
53452  -4.681  -28.599  19.757 0.0000000000
53453  -5.324  -29.041  20.257 0.0000000000
53465  -1.153  -27.940  18.580 0.0000000000
53466  -1.430  -28.248  18.430 0.0000000000
53467  -2.000  -28.623  18.355 0.0000000000
53468  -2.895  -28.448  18.837 0.0000000000
53469  -3.953  -28.876  18.918 0.0000000000
53470  -4.474  -29.224  19.078 0.0000000000
53481  -1.382  -28.689  18.126 0.0000000000
53482  -1.625  -29.005  17.993 0.0000000000
53483  -1.850  -29.178  17.974 0.0000000000
53623  -1.434  -28.634  5.172 0.0000000000
53624  -1.604  -28.777  5.289 0.0000000000
53641  -1.653  -28.187  4.727 0.0000000000
53642  -1.881  -28.449  4.911 0.0000000000
53643  -2.596  -28.343  4.838 0.0000000000
53644  -3.365  -28.378  4.774 0.0000000000
53645  -4.230  -28.561  4.666 0.0000000000
53646  -5.159  -28.855  4.485 0.0000000000
53647  -6.169  -29.019  4.503 0.0000000000
53648  -7.172  -29.133  4.632 0.0000000000
53649  -8.102  -29.307  4.670 0.0000000000
53650  -8.904  -29.585  4.599 0.0000000000
53651  -9.320  -29.905  4.504 0.0000000000
53660  -1.673  -27.830  4.399 0.0000000000
53661  -1.890  -27.868  4.391 0.0000000000
53662  -2.338  -27.909  4.301 0.0000000000
53663  -2.998  -27.982  4.137 0.0000000000
53664  -3.810  -28.050  4.083 0.0000000000
53665  -4.731  -28.119  4.087 0.0000000000
53666  -5.700  -28.255  4.080 0.0000000000
53667  -6.688  -28.393  4.111 0.0000000000
53668  -7.664  -28.518  4.218 0.0000000000
53669  -8.643  -28.745  4.279 0.0000000000
53670  -9.747  -29.320  4.172 0.0000000000
53671  -11.117  -29.164  3.764 0.0000000000
54612  -3.877  -26.747  23.377 0.0000000000
54613  -4.309  -26.803  23.321 0.0000000000
54626  -2.195  -27.296  22.768 0.0000000000
54627  -3.521  -27.298  23.122 0.0000000000
54628  -4.830  -27.310  22.988 0.0000000000
54629  -5.468  -27.587  22.206 0.0000000000
54644  -4.785  -26.907  21.036 0.0000000000
54645  -5.219  -27.583  21.369 0.0000000000
54657  -3.606  -27.133  19.965 0.0000000000
54658  -4.300  -27.340  20.342 0.0000000000
54659  -4.922  -27.665  20.782 0.0000000000
54666  -0.873  -27.045  19.224 0.0000000000
54667  -1.191  -27.096  19.251 0.0000000000
54668  -1.749  -27.235  19.292 0.0000000000
54669  -2.498  -27.487  19.346 0.0000000000
54670  -3.204  -27.437  19.628 0.0000000000
54671  -3.903  -27.724  19.797 0.0000000000
54680  -0.890  -27.330  19.009 0.0000000000
54681  -1.132  -27.548  18.847 0.0000000000
54682  -1.575  -27.740  18.790 0.0000000000
54683  -2.129  -27.872  18.870 0.0000000000
54846  -1.950  -27.555  4.011 0.0000000000
54847  -2.254  -27.393  3.917 0.0000000000
54848  -2.777  -27.342  3.838 0.0000000000
54849  -3.479  -27.399  3.754 0.0000000000
54850  -4.319  -27.471  3.709 0.0000000000
54851  -5.253  -27.550  3.723 0.0000000000
54852  -6.219  -27.665  3.743 0.0000000000
54853  -7.188  -27.794  3.790 0.0000000000
54854  -8.165  -27.920  3.894 0.0000000000
54855  -9.205  -28.093  3.951 0.0000000000
54856  -10.364  -28.196  3.760 0.0000000000
55770  -3.309  -26.080  23.514 0.0000000000
55771  -4.099  -26.238  23.600 0.0000000000
55772  -4.985  -26.322  23.350 0.0000000000
55773  -5.408  -25.929  23.177 0.0000000000
55786  -2.680  -26.516  23.173 0.0000000000
55787  -3.507  -26.588  23.372 0.0000000000
55788  -5.123  -26.728  23.094 0.0000000000
55789  -5.438  -26.462  22.780 0.0000000000
55804  -4.756  -26.063  21.206 0.0000000000
55805  -5.238  -26.520  21.767 0.0000000000
55820  -2.876  -26.297  19.876 0.0000000000
55821  -3.494  -26.368  20.165 0.0000000000
55822  -4.253  -26.193  20.653 0.0000000000
55831  -0.556  -26.104  19.518 0.0000000000
55832  -0.833  -26.399  19.489 0.0000000000
55833  -1.378  -26.430  19.572 0.0000000000
55834  -2.037  -26.611  19.620 0.0000000000
55835  -2.680  -26.795  19.690 0.0000000000
55836  -3.172  -26.795  19.839 0.0000000000
55847  -0.704  -26.736  19.345 0.0000000000
56015  -2.311  -26.999  3.692 0.0000000000
56016  -2.657  -26.711  3.606 0.0000000000
56017  -3.214  -26.773  3.524 0.0000000000
56018  -3.940  -26.882  3.385 0.0000000000
56019  -4.811  -26.939  3.393 0.0000000000
56020  -5.748  -27.012  3.443 0.0000000000
56021  -6.703  -27.122  3.504 0.0000000000
56022  -7.656  -27.259  3.560 0.0000000000
56023  -8.601  -27.390  3.603 0.0000000000
56024  -9.625  -27.383  3.623 0.0000000000
56041  -2.612  -26.409  3.482 0.0000000000
56042  -2.754  -26.152  3.397 0.0000000000
56043  -3.044  -26.219  3.371 0.0000000000
56044  -3.621  -26.345  3.187 0.0000000000
56045  -4.384  -26.459  3.080 0.0000000000
56046  -5.264  -26.513  3.148 0.0000000000
56047  -6.200  -26.550  3.306 0.0000000000
56048  -7.150  -26.662  3.425 0.0000000000
56049  -8.080  -26.855  3.463 0.0000000000
56050  -8.844  -27.030  3.463 0.0000000000
57071  -2.510  -25.528  23.350 0.0000000000
57072  -3.730  -25.411  23.762 0.0000000000
57073  -4.672  -25.424  23.711 0.0000000000
57074  -5.270  -25.387  23.368 0.0000000000
57092  -5.554  -25.445  22.919 0.0000000000
57107  -4.938  -25.474  21.659 0.0000000000
57108  -5.350  -25.574  22.292 0.0000000000
57122  -2.056  -25.244  20.198 0.0000000000
57123  -2.600  -25.516  20.179 0.0000000000
57124  -3.545  -25.388  20.541 0.0000000000
57125  -4.275  -25.252  21.080 0.0000000000
57133  -0.394  -25.622  19.591 0.0000000000
57134  -0.609  -25.656  19.629 0.0000000000
57135  -1.012  -25.660  19.746 0.0000000000
57136  -1.739  -25.555  19.964 0.0000000000
57137  -2.374  -26.141  19.836 0.0000000000
57355  -3.019  -25.761  3.318 0.0000000000
57356  -3.360  -25.863  3.113 0.0000000000
57357  -4.002  -25.983  2.882 0.0000000000
57358  -4.775  -26.120  2.905 0.0000000000
57359  -5.683  -26.225  2.971 0.0000000000
57360  -6.638  -26.249  3.243 0.0000000000
57361  -7.551  -26.412  3.417 0.0000000000
57362  -8.614  -26.708  3.426 0.0000000000
58357  -3.290  -24.504  23.797 0.0000000000
58358  -4.364  -24.521  24.020 0.0000000000
58359  -5.099  -24.506  23.682 0.0000000000
58360  -5.514  -24.545  23.158 0.0000000000
58369  -4.910  -24.066  22.175 0.0000000000
58370  -5.347  -24.700  22.576 0.0000000000
58380  -3.860  -23.996  21.309 0.0000000000
58381  -4.500  -24.539  21.615 0.0000000000
58382  -5.083  -24.874  22.057 0.0000000000
58394  -0.640  -24.490  20.002 0.0000000000
58395  -0.849  -24.270  20.135 0.0000000000
58396  -1.266  -24.260  20.255 0.0000000000
58397  -1.938  -24.628  20.350 0.0000000000
58398  -2.870  -24.523  20.559 0.0000000000
58399  -3.630  -24.554  20.915 0.0000000000
58400  -4.058  -24.599  21.237 0.0000000000
58409  -0.525  -25.182  19.732 0.0000000000
58410  -0.735  -25.016  19.841 0.0000000000
58411  -1.120  -24.932  20.020 0.0000000000
58412  -1.464  -24.848  20.170 0.0000000000
58714  -3.262  -25.517  3.246 0.0000000000
58715  -3.692  -25.591  2.950 0.0000000000
58716  -4.309  -25.676  2.855 0.0000000000
58717  -5.078  -25.810  2.828 0.0000000000
58718  -6.129  -26.079  3.006 0.0000000000
58719  -7.053  -26.136  3.265 0.0000000000
58720  -7.783  -26.328  3.373 0.0000000000
59695  -4.592  -23.260  24.325 0.0000000000
59696  -4.817  -23.129  24.275 0.0000000000
59706  -2.905  -23.495  23.774 0.0000000000
59707  -4.055  -23.597  24.284 0.0000000000
59708  -4.902  -23.492  24.097 0.0000000000
59709  -5.372  -23.558  23.437 0.0000000000
59718  -4.802  -23.197  22.218 0.0000000000
59719  -5.319  -23.588  22.721 0.0000000000
59722  -3.701  -23.223  21.262 0.0000000000
59723  -4.312  -23.428  21.684 0.0000000000
59731  -0.730  -23.513  20.293 0.0000000000
59732  -1.017  -23.430  20.331 0.0000000000
59733  -1.550  -23.466  20.458 0.0000000000
59734  -2.320  -23.526  20.613 0.0000000000
59735  -3.206  -23.551  20.867 0.0000000000
60940  -4.382  -23.017  24.378 0.0000000000
60941  -4.639  -22.982  24.369 0.0000000000
60946  -2.512  -22.469  23.754 0.0000000000
60947  -3.772  -22.602  24.316 0.0000000000
60948  -4.805  -22.640  24.307 0.0000000000
60949  -5.325  -22.596  23.757 0.0000000000
60958  -5.077  -22.465  22.427 0.0000000000
60959  -5.501  -22.571  23.038 0.0000000000
60969  -3.880  -22.544  21.366 0.0000000000
60970  -4.492  -22.427  21.804 0.0000000000
60976  -0.648  -22.752  20.429 0.0000000000
60977  -0.837  -22.640  20.432 0.0000000000
60978  -1.215  -22.503  20.480 0.0000000000
60979  -1.855  -22.476  20.611 0.0000000000
60980  -2.672  -22.531  20.755 0.0000000000
60981  -3.351  -22.579  21.028 0.0000000000
62173  -4.128  -20.997  24.538 0.0000000000
62174  -4.494  -20.910  24.489 0.0000000000
62179  -2.121  -21.477  23.764 0.0000000000
62180  -3.365  -21.448  24.282 0.0000000000
62181  -4.554  -21.474  24.433 0.0000000000
62182  -5.255  -21.788  24.042 0.0000000000
62185  -5.348  -21.713  22.619 0.0000000000
62186  -5.539  -21.496  23.331 0.0000000000
62195  -3.480  -21.289  21.048 0.0000000000
62196  -3.897  -21.566  21.281 0.0000000000
62197  -4.821  -21.383  21.926 0.0000000000
62201  -0.751  -22.033  20.489 0.0000000000
62202  -0.956  -21.709  20.455 0.0000000000
62203  -1.434  -21.371  20.515 0.0000000000
62204  -2.227  -21.500  20.679 0.0000000000
62205  -3.154  -21.601  20.900 0.0000000000
62206  -3.559  -22.067  21.140 0.0000000000
63452  -3.822  -20.548  24.519 0.0000000000
63453  -4.401  -20.574  24.510 0.0000000000
63464  -2.884  -20.527  24.208 0.0000000000
63465  -4.799  -20.612  24.385 0.0000000000
63466  -5.278  -20.734  23.934 0.0000000000
63475  -5.291  -20.653  22.523 0.0000000000
63476  -5.546  -20.424  23.209 0.0000000000
63486  -3.389  -20.711  21.037 0.0000000000
63487  -4.156  -20.519  21.452 0.0000000000
63488  -4.761  -20.345  21.909 0.0000000000
63496  -0.827  -21.110  20.421 0.0000000000
63497  -1.008  -20.696  20.419 0.0000000000
63498  -1.304  -20.327  20.456 0.0000000000
63499  -1.845  -20.453  20.533 0.0000000000
63500  -2.612  -20.599  20.719 0.0000000000
64855  -4.377  -20.136  24.503 0.0000000000
64856  -4.675  -20.261  24.442 0.0000000000
64872  -2.647  -19.549  24.083 0.0000000000
64873  -3.857  -19.628  24.436 0.0000000000
64874  -4.962  -19.748  24.257 0.0000000000
64875  -5.389  -19.651  23.468 0.0000000000
64889  -4.936  -19.603  22.188 0.0000000000
64890  -5.395  -19.627  22.765 0.0000000000
64900  -2.913  -19.882  20.829 0.0000000000
64901  -3.516  -19.548  21.198 0.0000000000
64902  -4.330  -19.579  21.657 0.0000000000
64912  -0.831  -20.060  20.475 0.0000000000
64913  -1.003  -19.664  20.538 0.0000000000
64914  -1.454  -19.492  20.546 0.0000000000
64915  -2.217  -19.466  20.606 0.0000000000
64916  -2.850  -19.098  20.803 0.0000000000
66182  -4.238  -18.098  24.328 0.0000000000
66183  -4.527  -17.996  24.275 0.0000000000
66197  -3.578  -18.548  24.261 0.0000000000
66198  -4.632  -18.503  24.233 0.0000000000
66199  -5.251  -18.653  23.597 0.0000000000
66216  -5.136  -18.732  22.385 0.0000000000
66217  -5.490  -18.735  22.951 0.0000000000
66236  -3.941  -18.784  21.413 0.0000000000
66237  -4.604  -18.690  21.816 0.0000000000
66252  -0.725  -18.797  20.603 0.0000000000
66253  -1.020  -18.633  20.606 0.0000000000
66254  -1.591  -18.455  20.610 0.0000000000
66255  -2.352  -18.317  20.685 0.0000000000
66256  -3.272  -18.282  20.913 0.0000000000
66261  -0.502  -17.756  20.326 0.0000000000
67489  -3.956  -17.793  24.340 0.0000000000
67490  -4.410  -17.668  24.273 0.0000000000
67511  -3.297  -17.756  24.123 0.0000000000
67512  -4.725  -17.762  24.151 0.0000000000
67513  -5.114  -17.712  23.751 0.0000000000
67534  -5.320  -18.171  22.556 0.0000000000
67535  -5.500  -17.624  22.935 0.0000000000
67556  -4.104  -17.844  21.341 0.0000000000
67557  -5.014  -17.618  21.990 0.0000000000
67558  -5.293  -16.910  22.368 0.0000000000
67573  -0.698  -17.951  20.438 0.0000000000
67574  -1.007  -17.501  20.406 0.0000000000
67575  -1.745  -17.356  20.475 0.0000000000
67576  -2.596  -17.265  20.580 0.0000000000
67577  -3.439  -17.084  20.847 0.0000000000
67584  -0.305  -17.189  20.109 0.0000000000
67585  -0.512  -17.145  20.185 0.0000000000
67586  -0.680  -16.664  20.233 0.0000000000
68708  -3.926  -17.318  24.295 0.0000000000
68709  -4.252  -17.431  24.284 0.0000000000
68727  -3.446  -16.754  24.075 0.0000000000
68728  -4.612  -17.007  24.070 0.0000000000
68729  -5.279  -16.813  23.390 0.0000000000
68744  -5.139  -16.094  22.409 0.0000000000
68745  -5.404  -16.487  22.752 0.0000000000
68765  -4.186  -16.603  21.342 0.0000000000
68766  -4.928  -16.380  21.993 0.0000000000
68767  -5.211  -16.464  22.368 0.0000000000
68787  -1.121  -16.334  20.331 0.0000000000
68788  -1.972  -16.282  20.414 0.0000000000
68789  -2.813  -16.270  20.593 0.0000000000
68790  -3.466  -16.222  20.874 0.0000000000
68797  -0.294  -16.627  20.113 0.0000000000
68798  -0.389  -16.302  20.191 0.0000000000
68799  -0.604  -16.030  20.267 0.0000000000
70007  -3.264  -15.526  23.727 0.0000000000
70008  -4.353  -15.851  23.824 0.0000000000
70009  -5.041  -16.073  23.531 0.0000000000
70022  -5.261  -15.541  22.685 0.0000000000
70023  -5.323  -16.065  23.141 0.0000000000
70040  -4.400  -15.386  21.584 0.0000000000
70041  -4.941  -15.591  22.181 0.0000000000
70064  -1.365  -15.160  20.447 0.0000000000
70065  -2.276  -15.317  20.570 0.0000000000
70066  -3.113  -15.450  20.741 0.0000000000
70067  -3.734  -15.688  21.121 0.0000000000
70075  -0.235  -15.830  20.207 0.0000000000
70076  -0.383  -15.496  20.254 0.0000000000
70077  -0.739  -15.356  20.327 0.0000000000
71226  -3.079  -14.372  23.490 0.0000000000
71227  -4.369  -14.585  23.562 0.0000000000
71228  -4.968  -15.292  23.486 0.0000000000
71243  -5.149  -14.583  23.008 0.0000000000
71244  -5.216  -15.504  23.192 0.0000000000
71262  -4.258  -14.122  21.358 0.0000000000
71263  -4.953  -14.574  22.132 0.0000000000
71283  -1.141  -14.025  20.358 0.0000000000
71284  -1.816  -14.276  20.590 0.0000000000
71285  -2.710  -14.453  20.719 0.0000000000
71286  -3.596  -14.768  21.044 0.0000000000
71299  -0.278  -14.900  20.210 0.0000000000
71300  -0.499  -14.599  20.190 0.0000000000
71301  -0.829  -14.543  20.298 0.0000000000
72583  -2.612  -13.352  23.391 0.0000000000
72584  -3.937  -13.352  23.587 0.0000000000
72585  -4.886  -13.218  23.159 0.0000000000
72606  -5.118  -13.438  22.407 0.0000000000
72626  -4.106  -13.012  21.226 0.0000000000
72627  -4.727  -13.515  21.741 0.0000000000
72641  -1.031  -13.256  20.151 0.0000000000
72642  -1.481  -13.350  20.347 0.0000000000
72643  -2.242  -13.406  20.540 0.0000000000
72644  -3.313  -13.508  20.774 0.0000000000
72658  -0.466  -13.775  19.876 0.0000000000
72659  -0.740  -13.649  20.006 0.0000000000
73964  -3.468  -12.322  23.602 0.0000000000
73965  -4.535  -12.281  23.511 0.0000000000
73966  -5.092  -12.102  23.152 0.0000000000
73986  -5.202  -12.336  22.583 0.0000000000
74003  -3.966  -12.128  21.274 0.0000000000
74004  -4.710  -12.466  21.785 0.0000000000
74015  -1.204  -12.746  20.128 0.0000000000
74016  -1.702  -12.448  20.218 0.0000000000
74017  -2.588  -12.442  20.421 0.0000000000
74018  -3.410  -12.322  20.755 0.0000000000
74027  -0.362  -12.934  19.644 0.0000000000
74028  -0.556  -12.806  19.737 0.0000000000
74029  -0.857  -12.564  19.911 0.0000000000
74030  -1.173  -12.165  20.022 0.0000000000
75307  -3.058  -11.333  23.535 0.0000000000
75308  -4.140  -11.362  23.646 0.0000000000
75309  -4.903  -11.351  23.279 0.0000000000
75332  -5.224  -11.364  22.747 0.0000000000
75349  -4.256  -11.412  21.500 0.0000000000
75350  -4.952  -11.426  22.048 0.0000000000
75361  -2.009  -11.535  20.220 0.0000000000
75362  -2.782  -11.443  20.480 0.0000000000
75363  -3.532  -11.390  20.941 0.0000000000
75371  -0.459  -12.152  19.669 0.0000000000
75372  -0.609  -11.816  19.729 0.0000000000
75373  -0.905  -11.566  19.916 0.0000000000
75374  -1.365  -11.530  20.083 0.0000000000
76697  -2.742  -10.359  23.537 0.0000000000
76698  -3.799  -10.430  23.644 0.0000000000
76699  -4.639  -10.484  23.380 0.0000000000
76720  -5.136  -10.524  22.939 0.0000000000
76738  -4.566  -10.528  21.698 0.0000000000
76739  -5.065  -10.513  22.292 0.0000000000
76752  -1.421  -10.210  20.226 0.0000000000
76753  -2.083  -10.487  20.392 0.0000000000
76754  -2.993  -10.489  20.741 0.0000000000
76755  -3.786  -10.545  21.245 0.0000000000
76769  -0.509  -11.117  19.675 0.0000000000
76770  -0.687  -10.754  19.769 0.0000000000
76771  -1.048  -10.617  20.045 0.0000000000
76772  -1.547  -10.875  20.194 0.0000000000
78015  -2.531  -9.364  23.699 0.0000000000
78016  -3.562  -9.485  23.614 0.0000000000
78017  -4.407  -9.615  23.408 0.0000000000
78032  -4.970  -9.720  23.060 0.0000000000
78052  -3.885  -8.971  21.621 0.0000000000
78053  -4.759  -9.541  21.967 0.0000000000
78054  -5.125  -9.866  22.568 0.0000000000
78071  -1.565  -9.377  20.352 0.0000000000
78072  -2.447  -9.480  20.680 0.0000000000
78073  -3.326  -9.624  21.164 0.0000000000
78074  -4.105  -9.824  21.492 0.0000000000
78086  -0.549  -9.795  19.682 0.0000000000
78087  -0.774  -9.705  19.876 0.0000000000
78088  -1.092  -9.714  20.127 0.0000000000
79242  -2.272  -8.352  23.848 0.0000000000
79243  -3.454  -8.366  23.582 0.0000000000
79244  -4.177  -8.863  23.377 0.0000000000
79261  -4.239  -8.111  23.123 0.0000000000
79262  -4.669  -8.924  23.055 0.0000000000
79281  -3.661  -8.255  21.717 0.0000000000
79282  -4.310  -8.296  22.361 0.0000000000
79283  -4.909  -9.224  22.623 0.0000000000
79303  -1.367  -8.575  20.375 0.0000000000
79304  -1.918  -8.518  20.592 0.0000000000
79305  -2.881  -8.426  21.241 0.0000000000
79325  -0.392  -8.765  19.705 0.0000000000
79326  -0.557  -8.756  19.841 0.0000000000
79327  -0.931  -8.700  20.170 0.0000000000
80482  -1.888  -7.377  23.930 0.0000000000
80483  -2.986  -7.316  23.730 0.0000000000
80484  -3.822  -7.242  23.274 0.0000000000
80496  -4.137  -7.268  22.781 0.0000000000
80511  -3.382  -7.423  21.763 0.0000000000
80512  -3.903  -7.365  22.349 0.0000000000
80529  -1.256  -7.739  20.433 0.0000000000
80530  -2.113  -7.576  20.864 0.0000000000
80531  -2.671  -7.512  21.293 0.0000000000
80546  -0.395  -7.825  19.947 0.0000000000
80547  -0.594  -7.885  20.082 0.0000000000
80548  -0.844  -7.946  20.220 0.0000000000
81666  -1.458  -6.442  24.142 0.0000000000
81667  -2.540  -6.335  23.872 0.0000000000
81668  -3.505  -6.271  23.481 0.0000000000
81677  -4.059  -6.335  23.044 0.0000000000
81687  -3.114  -6.574  21.782 0.0000000000
81688  -3.645  -6.499  22.346 0.0000000000
81699  -0.647  -6.444  20.315 0.0000000000
81700  -0.938  -6.654  20.337 0.0000000000
81701  -1.638  -6.681  20.663 0.0000000000
81702  -2.476  -6.644  21.285 0.0000000000
81717  -0.365  -6.976  20.082 0.0000000000
81718  -0.519  -6.840  20.207 0.0000000000
81719  -0.777  -7.384  20.227 0.0000000000
82765  -1.203  -5.495  24.215 0.0000000000
82778  -2.010  -5.460  23.995 0.0000000000
82779  -3.154  -5.155  23.802 0.0000000000
82780  -3.822  -5.359  23.263 0.0000000000
82790  -3.306  -5.136  22.344 0.0000000000
82791  -3.786  -5.595  22.736 0.0000000000
82801  -2.227  -5.208  21.349 0.0000000000
82802  -2.902  -5.772  21.817 0.0000000000
82803  -3.450  -5.748  22.320 0.0000000000
82806  -0.460  -5.793  20.336 0.0000000000
82807  -0.690  -5.897  20.397 0.0000000000
82808  -1.268  -5.768  20.565 0.0000000000
82809  -1.898  -5.822  20.957 0.0000000000
82810  -2.342  -5.855  21.322 0.0000000000
82817  -0.387  -6.450  20.226 0.0000000000
82818  -0.471  -6.217  20.286 0.0000000000
83910  -1.051  -4.505  24.164 0.0000000000
83911  -1.564  -4.958  24.049 0.0000000000
83919  -1.500  -4.006  24.011 0.0000000000
83920  -2.154  -4.346  23.960 0.0000000000
83921  -3.192  -4.084  23.875 0.0000000000
83922  -3.582  -4.328  23.412 0.0000000000
83929  -3.273  -4.604  22.331 0.0000000000
83930  -3.676  -4.550  22.794 0.0000000000
83937  -2.075  -4.427  21.342 0.0000000000
83938  -2.785  -4.550  21.855 0.0000000000
83939  -3.255  -4.204  22.325 0.0000000000
83945  -0.632  -4.772  20.610 0.0000000000
83946  -0.982  -4.841  20.662 0.0000000000
83947  -1.576  -4.862  20.963 0.0000000000
85129  -0.709  -3.449  24.272 0.0000000000
85130  -1.080  -2.963  23.954 0.0000000000
85134  -1.180  -3.819  24.041 0.0000000000
85135  -1.673  -3.326  23.953 0.0000000000
85136  -2.783  -3.303  23.922 0.0000000000
85137  -3.351  -3.356  23.470 0.0000000000
85141  -3.292  -3.013  22.587 0.0000000000
85142  -3.666  -3.548  23.011 0.0000000000
85145  -1.418  -3.322  21.353 0.0000000000
85146  -2.227  -3.533  21.575 0.0000000000
85147  -2.984  -3.579  22.126 0.0000000000
85148  -3.421  -3.775  22.587 0.0000000000
85154  -0.546  -3.557  20.939 0.0000000000
85155  -0.756  -3.868  20.916 0.0000000000
85156  -1.164  -4.033  21.033 0.0000000000
85157  -1.655  -4.030  21.225 0.0000000000
86342  -0.430  -2.376  24.622 0.0000000000
86343  -0.755  -2.649  24.061 0.0000000000
86346  -0.744  -2.072  24.039 0.0000000000
86347  -1.382  -2.343  23.864 0.0000000000
86348  -2.360  -2.378  23.802 0.0000000000
86349  -3.075  -2.389  23.536 0.0000000000
86352  -3.206  -2.370  22.585 0.0000000000
86353  -3.488  -2.375  23.029 0.0000000000
86360  -0.734  -2.409  21.397 0.0000000000
86361  -1.022  -2.549  21.454 0.0000000000
86362  -1.794  -2.486  21.659 0.0000000000
86363  -2.715  -2.460  22.115 0.0000000000
86370  -0.431  -2.889  21.146 0.0000000000
86371  -0.611  -2.767  21.255 0.0000000000
86372  -0.928  -3.306  21.202 0.0000000000
87522  -0.472  -1.340  25.053 0.0000000000
87537  -0.680  -1.472  24.302 0.0000000000
87546  -1.102  -1.526  23.867 0.0000000000
87547  -1.949  -1.472  23.839 0.0000000000
87548  -2.764  -1.430  23.635 0.0000000000
87549  -3.234  -1.465  23.265 0.0000000000
87562  -3.122  -1.664  22.570 0.0000000000
87563  -3.422  -1.349  22.960 0.0000000000
87575  -0.781  -1.934  21.482 0.0000000000
87576  -1.375  -1.612  21.629 0.0000000000
87577  -2.171  -1.459  21.903 0.0000000000
87578  -2.674  -1.635  22.210 0.0000000000
87584  -0.463  -2.312  21.320 0.0000000000
87585  -0.547  -2.101  21.396 0.0000000000
88606  -0.832  -0.471  24.390 0.0000000000
88607  -1.621  -0.087  24.036 0.0000000000
88608  -2.028  0.136  23.941 0.0000000000
88622  -0.896  -1.053  24.032 0.0000000000
88623  -1.417  -0.811  23.927 0.0000000000
88624  -2.333  -0.378  23.826 0.0000000000
88625  -3.064  -0.565  23.437 0.0000000000
88638  -3.170  -0.560  22.755 0.0000000000
88639  -3.298  -0.762  23.134 0.0000000000
88647  -0.824  -0.203  21.490 0.0000000000
88648  -1.079  -0.678  21.517 0.0000000000
88649  -1.728  -0.585  21.720 0.0000000000
88650  -2.259  -0.529  21.991 0.0000000000
88651  -2.681  -0.966  22.285 0.0000000000
88662  -0.656  -1.441  21.457 0.0000000000
89723  -0.705  0.612  24.798 0.0000000000
89724  -1.332  0.647  24.136 0.0000000000
89725  -1.805  0.341  23.987 0.0000000000
89727  -1.744  1.101  23.926 0.0000000000
89728  -2.159  0.683  23.829 0.0000000000
89729  -2.898  0.470  23.510 0.0000000000
89731  -3.031  0.644  22.749 0.0000000000
89732  -3.207  0.111  23.147 0.0000000000
89735  -0.858  0.702  21.449 0.0000000000
89736  -1.058  0.572  21.487 0.0000000000
89737  -1.521  0.415  21.637 0.0000000000
89738  -2.119  0.310  21.894 0.0000000000
89739  -2.623  0.020  22.346 0.0000000000
90802  -0.876  1.519  24.418 0.0000000000
90805  -1.437  1.450  24.031 0.0000000000
90806  -2.003  1.616  23.806 0.0000000000
90807  -2.690  1.534  23.521 0.0000000000
90810  -2.943  1.652  22.720 0.0000000000
90811  -3.095  1.371  23.125 0.0000000000
90816  -1.019  1.639  21.521 0.0000000000
90817  -1.413  1.516  21.630 0.0000000000
90818  -1.969  1.310  21.841 0.0000000000
90819  -2.545  1.181  22.254 0.0000000000
91968  -0.627  2.488  24.733 0.0000000000
91972  -1.355  2.370  24.025 0.0000000000
91973  -2.346  2.521  23.629 0.0000000000
91974  -2.965  2.465  23.235 0.0000000000
91978  -2.303  2.652  22.180 0.0000000000
91979  -2.573  2.394  22.389 0.0000000000
91980  -3.089  2.569  22.894 0.0000000000
91986  -0.900  2.780  21.565 0.0000000000
91987  -1.220  2.587  21.640 0.0000000000
91988  -1.961  2.535  21.937 0.0000000000
91989  -2.273  1.861  22.066 0.0000000000
93032  -0.889  3.478  24.389 0.0000000000
93035  -1.761  3.523  23.819 0.0000000000
93036  -2.622  3.520  23.299 0.0000000000
93037  -3.125  3.086  23.014 0.0000000000
93041  -2.356  3.018  22.261 0.0000000000
93042  -2.742  3.609  22.723 0.0000000000
93043  -3.018  3.087  22.814 0.0000000000
93049  -0.761  3.421  21.500 0.0000000000
93050  -0.973  3.455  21.545 0.0000000000
93051  -1.468  3.569  21.681 0.0000000000
93052  -2.142  3.867  22.004 0.0000000000
93053  -2.367  4.607  22.301 0.0000000000
94103  -0.598  4.486  24.829 0.0000000000
94104  -1.129  4.546  24.102 0.0000000000
94107  -2.016  4.638  23.624 0.0000000000
94108  -2.528  4.742  23.125 0.0000000000
94112  -2.523  5.040  22.644 0.0000000000
94118  -0.873  4.031  21.462 0.0000000000
94119  -1.127  4.321  21.519 0.0000000000
94120  -1.597  4.626  21.675 0.0000000000
94121  -2.058  5.024  21.912 0.0000000000
94122  -2.347  5.455  22.194 0.0000000000
95289  -0.697  5.508  24.516 0.0000000000
95290  -1.314  5.685  23.866 0.0000000000
95294  -2.156  5.713  23.429 0.0000000000
95295  -2.579  5.823  22.972 0.0000000000
95300  -2.512  5.960  22.465 0.0000000000
95308  -1.009  4.916  21.477 0.0000000000
95309  -1.252  5.318  21.550 0.0000000000
95310  -1.673  5.654  21.686 0.0000000000
95311  -2.128  5.934  21.872 0.0000000000
95312  -2.393  6.134  22.098 0.0000000000
96509  -0.764  6.520  24.182 0.0000000000
96510  -1.145  6.272  23.868 0.0000000000
96513  -0.894  7.054  23.922 0.0000000000
96514  -1.455  6.641  23.693 0.0000000000
96515  -2.318  6.696  23.226 0.0000000000
96518  -2.541  6.708  22.697 0.0000000000
96527  -1.122  5.994  21.554 0.0000000000
96528  -1.382  6.406  21.574 0.0000000000
96529  -1.850  6.641  21.693 0.0000000000
96530  -2.289  6.735  21.934 0.0000000000
96531  -2.465  6.605  22.261 0.0000000000
97660  -0.613  7.486  24.283 0.0000000000
97661  -1.059  7.610  23.799 0.0000000000
97662  -1.877  7.624  23.467 0.0000000000
97664  -2.465  7.650  22.993 0.0000000000
97673  -1.216  7.341  21.477 0.0000000000
97674  -1.564  7.517  21.560 0.0000000000
97675  -2.086  7.634  21.791 0.0000000000
97676  -2.436  7.538  22.288 0.0000000000
98917  -0.612  8.409  24.171 0.0000000000
98918  -1.256  8.518  23.630 0.0000000000
98919  -2.118  8.615  23.284 0.0000000000
98924  -2.429  8.670  22.639 0.0000000000
98929  -1.079  8.294  21.343 0.0000000000
98930  -1.270  8.509  21.347 0.0000000000
98931  -1.816  8.599  21.523 0.0000000000
98932  -2.354  8.833  21.903 0.0000000000
98940  -1.009  9.046  21.133 0.0000000000
98941  -1.158  9.414  21.067 0.0000000000
100098  -0.577  9.392  23.877 0.0000000000
100099  -1.395  9.530  23.410 0.0000000000
100100  -2.178  9.591  23.009 0.0000000000
100110  -2.373  9.795  22.346 0.0000000000
100116  -1.490  9.404  21.226 0.0000000000
100117  -2.017  9.746  21.461 0.0000000000
100118  -2.366  9.926  21.818 0.0000000000
100123  -1.028  10.106  20.779 0.0000000000
100124  -1.284  10.096  20.909 0.0000000000
100125  -1.599  10.102  21.120 0.0000000000
101303  -0.490  10.507  23.555 0.0000000000
101304  -1.526  10.570  23.067 0.0000000000
101305  -2.143  10.201  22.751 0.0000000000
101315  -1.634  11.189  22.801 0.0000000000
101316  -2.110  10.806  22.495 0.0000000000
101324  -2.168  10.719  21.567 0.0000000000
101325  -2.421  10.566  22.004 0.0000000000
101333  -0.748  11.265  20.576 0.0000000000
101334  -1.095  10.932  20.682 0.0000000000
101335  -1.509  10.789  20.915 0.0000000000
101336  -1.833  10.559  21.232 0.0000000000
102593  -0.792  11.023  23.252 0.0000000000
102609  -0.956  11.620  23.020 0.0000000000
102610  -1.740  11.727  22.563 0.0000000000
102617  -2.151  11.251  21.525 0.0000000000
102618  -2.245  11.548  21.888 0.0000000000
102627  -0.608  11.657  20.512 0.0000000000
102628  -0.792  11.855  20.535 0.0000000000
102629  -1.345  11.717  20.726 0.0000000000
102630  -1.917  11.522  21.233 0.0000000000
102631  -2.124  12.054  21.497 0.0000000000
102637  -0.555  11.983  20.494 0.0000000000
102638  -0.591  12.272  20.419 0.0000000000
103811  -1.122  12.560  22.711 0.0000000000
103812  -1.832  12.532  22.254 0.0000000000
103821  -2.075  12.575  21.735 0.0000000000
103828  -0.739  12.456  20.402 0.0000000000
103829  -1.125  12.767  20.415 0.0000000000
103830  -1.719  12.607  20.777 0.0000000000
103831  -2.105  12.599  21.220 0.0000000000
103840  -0.725  12.973  20.219 0.0000000000
103841  -1.055  13.436  20.092 0.0000000000
104915  -0.449  13.442  22.880 0.0000000000
104916  -1.260  13.453  22.326 0.0000000000
104917  -1.866  13.180  21.977 0.0000000000
104932  -1.649  13.764  21.886 0.0000000000
104933  -2.004  13.483  21.484 0.0000000000
104939  -1.281  13.462  20.184 0.0000000000
104940  -1.643  13.646  20.360 0.0000000000
104941  -2.127  13.450  20.869 0.0000000000
104950  -1.010  13.941  19.810 0.0000000000
104951  -1.364  13.998  19.931 0.0000000000
104952  -1.612  14.197  20.058 0.0000000000
105972  -0.451  14.421  22.424 0.0000000000
105973  -1.181  14.175  21.995 0.0000000000
105987  -0.885  14.777  21.854 0.0000000000
105988  -1.638  14.475  21.555 0.0000000000
105989  -2.109  14.284  21.084 0.0000000000
105994  -1.789  14.495  20.254 0.0000000000
105995  -2.061  14.209  20.622 0.0000000000
106003  -0.985  14.730  19.611 0.0000000000
106004  -1.233  14.765  19.708 0.0000000000
106005  -1.557  14.732  19.935 0.0000000000
106983  -0.322  15.449  22.090 0.0000000000
106994  -1.103  15.472  21.545 0.0000000000
106995  -1.827  15.294  20.949 0.0000000000
106996  -2.064  14.651  20.843 0.0000000000
107000  -1.773  15.484  20.199 0.0000000000
107001  -1.948  14.814  20.566 0.0000000000
107009  -1.108  15.659  19.468 0.0000000000
107010  -1.448  15.616  19.744 0.0000000000
107025  -0.848  16.079  19.284 0.0000000000
107984  -0.510  16.368  21.806 0.0000000000
107985  -1.237  16.441  21.209 0.0000000000
107988  -1.679  16.739  20.386 0.0000000000
107989  -1.847  17.392  20.116 0.0000000000
107992  -1.324  16.357  19.479 0.0000000000
107993  -1.748  16.797  19.767 0.0000000000
107994  -1.885  17.243  19.940 0.0000000000
108004  -0.945  16.701  19.048 0.0000000000
108005  -1.142  16.681  19.175 0.0000000000
108006  -1.405  17.035  19.286 0.0000000000
108889  -0.644  17.123  21.514 0.0000000000
108892  -0.408  17.857  21.516 0.0000000000
108893  -1.070  17.561  20.893 0.0000000000
108894  -1.731  17.702  20.301 0.0000000000
108900  -1.852  17.622  19.727 0.0000000000
108901  -1.993  17.837  19.992 0.0000000000
108908  -1.159  17.347  18.896 0.0000000000
108909  -1.363  17.640  18.940 0.0000000000
108910  -1.661  17.849  19.275 0.0000000000
109771  -0.444  18.619  21.059 0.0000000000
109772  -1.378  18.541  20.409 0.0000000000
109773  -1.894  18.140  20.076 0.0000000000
109779  -1.791  18.462  19.741 0.0000000000
109780  -1.927  18.102  19.830 0.0000000000
109784  -1.187  18.463  18.689 0.0000000000
109785  -1.403  18.650  18.818 0.0000000000
109786  -1.633  18.871  19.114 0.0000000000
110728  -1.317  19.542  19.972 0.0000000000
110731  -1.419  19.627  19.287 0.0000000000
110734  -0.980  19.306  18.379 0.0000000000
110735  -1.140  19.454  18.490 0.0000000000
110736  -1.332  19.764  18.684 0.0000000000
110742  -1.091  20.180  17.985 0.0000000000
110743  -1.224  20.270  18.177 0.0000000000
111718  -1.005  20.547  19.462 0.0000000000
111721  -1.281  20.659  18.776 0.0000000000
111726  -1.075  20.873  17.500 0.0000000000
111727  -1.239  21.053  17.543 0.0000000000
111728  -1.411  20.873  18.164 0.0000000000
111735  -0.880  21.456  17.052 0.0000000000
111736  -1.067  21.519  17.130 0.0000000000
112633  -1.037  21.489  18.975 0.0000000000
112636  -1.372  21.682  18.317 0.0000000000
112640  -1.211  21.700  17.199 0.0000000000
112641  -1.425  21.832  17.570 0.0000000000
112650  -0.992  22.025  16.847 0.0000000000
112651  -1.245  22.192  17.038 0.0000000000
112811  -0.728  21.599  -7.047 0.0000000000
112812  -0.940  21.898  -7.654 0.0000000000
113510  -0.846  22.541  18.649 0.0000000000
113515  -1.300  22.680  17.757 0.0000000000
113523  -0.754  22.581  16.501 0.0000000000
113524  -1.052  22.800  16.671 0.0000000000
113525  -1.326  22.735  17.117 0.0000000000
113535  -0.830  23.147  16.316 0.0000000000
114349  -0.493  23.347  18.575 0.0000000000
114353  -0.341  23.927  18.360 0.0000000000
114354  -0.871  23.603  17.934 0.0000000000
114358  -1.227  23.248  16.754 0.0000000000
114359  -1.270  23.731  17.047 0.0000000000
114367  -0.782  23.685  16.012 0.0000000000
114368  -1.054  23.791  16.319 0.0000000000
114369  -1.128  24.462  16.452 0.0000000000
114553  -0.868  23.500  -7.521 0.0000000000
115289  -0.401  24.491  17.882 0.0000000000
115290  -0.882  24.509  17.326 0.0000000000
115303  -1.083  24.735  16.779 0.0000000000
115315  -0.663  24.257  15.754 0.0000000000
115316  -0.804  24.424  15.797 0.0000000000
115317  -1.052  24.975  15.894 0.0000000000
115318  -1.089  25.085  16.327 0.0000000000
115331  -0.659  24.826  15.604 0.0000000000
115332  -0.735  25.152  15.572 0.0000000000
115333  -0.814  25.443  15.595 0.0000000000
115555  -0.055  24.449  -6.453 0.0000000000
115562  -0.544  24.439  -7.147 0.0000000000
115563  -0.993  24.406  -7.799 0.0000000000
116234  0.018  24.971  17.937 0.0000000000
116246  -0.293  25.426  17.379 0.0000000000
116247  -0.884  25.073  17.038 0.0000000000
116259  -0.493  25.890  16.879 0.0000000000
116260  -0.854  25.560  16.624 0.0000000000
116271  -0.906  25.860  15.621 0.0000000000
116272  -1.095  25.727  16.049 0.0000000000
116286  -0.647  25.530  15.402 0.0000000000
116287  -0.724  25.842  15.380 0.0000000000
116484  -0.131  25.376  -6.886 0.0000000000
116489  -0.621  25.390  -7.490 0.0000000000
116494  -0.920  25.846  -7.948 0.0000000000
117128  0.118  26.039  17.390 0.0000000000
117138  -0.054  26.356  16.943 0.0000000000
117139  -0.602  26.189  16.583 0.0000000000
117149  -0.907  26.411  15.779 0.0000000000
117150  -0.852  26.397  16.192 0.0000000000
117158  -0.677  26.355  15.153 0.0000000000
117159  -0.753  26.829  15.228 0.0000000000
117169  -0.606  27.286  14.773 0.0000000000
117170  -0.548  27.733  14.642 0.0000000000
117358  0.382  26.520  -6.818 0.0000000000
117359  -0.198  25.960  -7.171 0.0000000000
117364  0.136  27.042  -7.247 0.0000000000
117365  -0.347  26.545  -7.539 0.0000000000
117982  0.131  27.308  16.560 0.0000000000
117983  -0.501  26.725  16.366 0.0000000000
117988  -0.576  27.239  15.876 0.0000000000
117989  -0.732  26.799  16.128 0.0000000000
117994  -0.583  27.979  15.013 0.0000000000
118001  -0.509  28.249  14.156 0.0000000000
118002  -0.474  28.463  14.319 0.0000000000
118175  0.054  27.552  -7.516 0.0000000000
118179  -2.027  28.263  -8.818 0.0000000000
118761  0.048  27.908  16.082 0.0000000000
118766  0.071  28.536  15.504 0.0000000000
118773  -0.247  28.915  14.631 0.0000000000
118777  -0.479  28.883  13.767 0.0000000000
118778  -0.477  29.192  14.024 0.0000000000
118786  -0.371  29.470  13.187 0.0000000000
118787  -0.394  29.274  13.345 0.0000000000
118788  -0.418  29.376  13.552 0.0000000000
118974  -1.531  28.658  -8.647 0.0000000000
118977  -1.437  28.958  -8.721 0.0000000000
118978  -1.635  28.837  -8.783 0.0000000000
118979  -2.034  28.802  -9.021 0.0000000000
118980  -2.366  28.497  -9.379 0.0000000000
118982  -2.238  29.013  -9.367 0.0000000000
119588  0.450  29.221  15.505 0.0000000000
119596  0.342  29.655  14.994 0.0000000000
119600  -0.152  29.803  14.202 0.0000000000
119606  -0.383  29.790  12.983 0.0000000000
119607  -0.413  29.938  13.177 0.0000000000
119608  -0.349  29.749  13.662 0.0000000000
119622  -0.396  30.142  12.946 0.0000000000
119766  -1.404  29.355  -8.985 0.0000000000
119767  -1.571  29.547  -9.176 0.0000000000
119768  -1.945  29.387  -9.268 0.0000000000
119770  -1.768  29.935  -9.430 0.0000000000
119771  -2.207  29.695  -9.636 0.0000000000
119772  -2.564  29.642  -10.223 0.0000000000
120373  0.574  30.328  14.983 0.0000000000
120382  0.457  30.745  14.454 0.0000000000
120387  -0.275  30.498  13.138 0.0000000000
120388  -0.104  30.554  13.526 0.0000000000
120399  -0.248  30.804  12.880 0.0000000000
120400  -0.185  30.772  13.118 0.0000000000
120567  -1.328  30.204  -9.304 0.0000000000
120568  -1.499  30.545  -9.435 0.0000000000
120571  -1.912  30.633  -9.612 0.0000000000
120572  -2.337  30.576  -9.974 0.0000000000
120573  -2.567  30.499  -10.607 0.0000000000
121203  0.966  31.909  14.394 0.0000000000
121217  0.451  31.637  13.658 0.0000000000
121233  0.096  32.001  12.844 0.0000000000
121234  0.044  31.378  13.087 0.0000000000
121406  -1.298  31.549  -9.454 0.0000000000
121407  -1.617  31.559  -9.578 0.0000000000
121413  -2.100  31.547  -9.851 0.0000000000
121414  -2.395  31.395  -10.386 0.0000000000
122028  1.200  32.581  14.324 0.0000000000
122033  1.329  33.038  14.343 0.0000000000
122034  1.010  32.725  13.827 0.0000000000
122048  0.319  32.348  12.433 0.0000000000
122049  0.446  32.605  12.962 0.0000000000
122070  0.319  32.815  12.578 0.0000000000
122071  0.537  33.138  12.256 0.0000000000
122229  -1.099  32.931  -9.485 0.0000000000
122230  -1.311  32.595  -9.575 0.0000000000
122240  -1.723  32.511  -9.803 0.0000000000
122241  -2.227  32.515  -10.457 0.0000000000
122871  1.394  33.667  14.033 0.0000000000
122872  1.093  33.641  13.318 0.0000000000
122878  0.805  33.765  12.698 0.0000000000
122891  0.745  33.926  12.390 0.0000000000
123059  -1.120  34.365  -9.098 0.0000000000
123060  -1.192  34.644  -9.029 0.0000000000
123071  -1.045  33.718  -9.357 0.0000000000
123072  -1.183  33.924  -9.498 0.0000000000
123073  -1.430  34.302  -9.799 0.0000000000
123082  -1.395  33.162  -9.727 0.0000000000
123083  -1.632  33.658  -10.113 0.0000000000
123695  1.274  34.396  12.942 0.0000000000
123701  1.230  34.824  12.425 0.0000000000
123707  1.203  35.078  12.068 0.0000000000
123868  -1.080  35.329  -8.803 0.0000000000
123879  -1.270  35.108  -9.061 0.0000000000
123880  -1.449  34.934  -9.557 0.0000000000
124550  1.352  35.684  12.035 0.0000000000
124559  1.426  36.555  11.806 0.0000000000
124560  1.348  36.066  11.762 0.0000000000
124569  1.354  37.033  11.377 0.0000000000
124735  -0.700  36.594  -8.412 0.0000000000
124747  -0.958  36.123  -8.803 0.0000000000
124748  -1.196  35.900  -9.338 0.0000000000
125371  1.292  37.464  11.432 0.0000000000
125389  1.161  38.013  10.761 0.0000000000
125404  0.743  38.665  9.960 0.0000000000
125417  0.710  39.022  9.457 0.0000000000
125557  -0.592  37.405  -7.985 0.0000000000
125566  -0.727  37.110  -8.451 0.0000000000
126175  0.739  39.201  9.583 0.0000000000
126187  0.852  39.549  9.161 0.0000000000
126350  -0.429  38.155  -7.634 0.0000000000
126358  -0.703  37.971  -8.022 0.0000000000
126953  0.984  39.888  9.162 0.0000000000
126967  1.119  40.245  8.724 0.0000000000
127107  -0.355  38.896  -7.243 0.0000000000
127118  -0.570  38.790  -7.601 0.0000000000
127705  1.128  40.664  8.653 0.0000000000
127709  1.168  41.056  8.092 0.0000000000
127832  -0.441  39.975  -6.622 0.0000000000
127833  -0.547  40.220  -6.654 0.0000000000
127841  -0.366  39.366  -6.951 0.0000000000
127842  -0.500  39.594  -7.074 0.0000000000
128471  0.961  41.449  7.982 0.0000000000
128475  0.707  41.898  7.100 0.0000000000
128486  0.547  42.459  6.168 0.0000000000
128589  -0.650  41.348  -5.585 0.0000000000
128599  -0.578  40.703  -6.053 0.0000000000
