#!ascii label  , from subject ab_data vox2ras=TkReg
1577
119083  -17.022  29.232  -18.902 0.0000000000
119084  -17.743  28.957  -18.531 0.0000000000
119085  -18.701  28.968  -18.631 0.0000000000
119086  -19.280  29.029  -18.753 0.0000000000
119101  -16.688  29.041  -19.676 0.0000000000
119102  -17.248  28.437  -19.124 0.0000000000
119117  -16.498  28.805  -20.696 0.0000000000
119874  -18.531  30.085  -17.906 0.0000000000
119875  -18.824  30.059  -17.831 0.0000000000
119876  -19.435  30.061  -17.782 0.0000000000
119890  -17.111  29.756  -18.905 0.0000000000
119891  -17.446  29.662  -18.572 0.0000000000
119892  -18.228  29.819  -18.098 0.0000000000
119893  -19.176  29.505  -18.228 0.0000000000
119894  -20.067  29.757  -18.175 0.0000000000
119895  -21.014  29.833  -18.496 0.0000000000
119896  -21.853  30.031  -18.634 0.0000000000
119908  -16.920  29.765  -19.434 0.0000000000
119909  -19.699  29.201  -18.728 0.0000000000
119923  -17.068  29.959  -20.571 0.0000000000
119924  -17.640  30.647  -21.113 0.0000000000
119939  -16.972  29.489  -21.663 0.0000000000
119940  -17.624  30.276  -21.716 0.0000000000
119958  -17.463  29.916  -22.227 0.0000000000
120675  -18.567  30.444  -17.875 0.0000000000
120676  -19.128  30.679  -17.593 0.0000000000
120677  -19.982  30.576  -17.430 0.0000000000
120678  -20.767  30.846  -17.463 0.0000000000
120694  -17.279  29.989  -18.754 0.0000000000
120695  -17.565  30.370  -18.611 0.0000000000
120696  -18.102  30.834  -18.185 0.0000000000
120697  -20.658  30.278  -17.874 0.0000000000
120698  -21.409  30.634  -17.989 0.0000000000
120699  -22.231  30.787  -18.474 0.0000000000
120700  -22.623  31.215  -18.695 0.0000000000
120716  -17.182  30.197  -19.092 0.0000000000
120717  -17.520  30.831  -19.324 0.0000000000
120718  -22.618  30.763  -18.888 0.0000000000
120719  -22.927  31.062  -19.238 0.0000000000
120733  -17.203  30.396  -19.749 0.0000000000
120734  -17.759  31.103  -20.373 0.0000000000
120750  -18.224  31.180  -21.541 0.0000000000
120751  -18.614  31.575  -22.152 0.0000000000
120766  -16.629  30.383  -22.764 0.0000000000
120767  -17.874  30.805  -22.443 0.0000000000
120768  -18.514  31.606  -22.402 0.0000000000
121490  -19.713  32.077  -16.792 0.0000000000
121491  -20.047  32.037  -16.718 0.0000000000
121492  -20.703  32.057  -16.837 0.0000000000
121507  -18.623  31.330  -17.781 0.0000000000
121508  -19.411  31.748  -17.090 0.0000000000
121509  -20.383  31.407  -17.026 0.0000000000
121510  -21.324  31.637  -17.303 0.0000000000
121511  -22.055  31.929  -17.593 0.0000000000
121527  -17.829  31.135  -18.789 0.0000000000
121528  -18.397  31.806  -18.628 0.0000000000
121529  -21.897  31.315  -17.894 0.0000000000
121530  -22.438  31.709  -18.175 0.0000000000
121531  -22.950  31.838  -18.722 0.0000000000
121544  -18.131  31.525  -19.469 0.0000000000
121545  -18.793  32.295  -19.621 0.0000000000
121546  -23.501  31.900  -19.365 0.0000000000
121560  -18.598  31.776  -20.156 0.0000000000
121561  -19.103  32.413  -20.534 0.0000000000
121577  -16.437  31.868  -22.226 0.0000000000
121578  -18.635  31.708  -20.842 0.0000000000
121579  -19.031  32.167  -21.524 0.0000000000
121594  -17.330  31.559  -22.481 0.0000000000
121595  -18.360  31.828  -22.498 0.0000000000
121596  -18.943  32.159  -22.312 0.0000000000
122288  -26.175  33.300  -13.620 0.0000000000
122289  -26.653  33.098  -13.851 0.0000000000
122290  -27.094  32.873  -14.122 0.0000000000
122298  -25.061  33.074  -14.397 0.0000000000
122299  -25.576  33.014  -14.160 0.0000000000
122300  -26.449  32.646  -14.515 0.0000000000
122307  -24.964  33.001  -14.767 0.0000000000
122308  -25.542  32.655  -15.117 0.0000000000
122317  -19.743  32.542  -16.743 0.0000000000
122318  -20.439  32.750  -16.666 0.0000000000
122319  -21.238  32.683  -16.845 0.0000000000
122320  -24.861  33.133  -15.529 0.0000000000
122321  -25.322  32.929  -16.234 0.0000000000
122330  -18.753  32.462  -17.862 0.0000000000
122331  -19.197  33.082  -17.137 0.0000000000
122332  -21.912  32.594  -17.219 0.0000000000
122333  -22.508  32.624  -17.670 0.0000000000
122334  -23.034  33.029  -17.958 0.0000000000
122351  -15.511  32.897  -19.054 0.0000000000
122352  -15.892  32.842  -19.139 0.0000000000
122353  -18.708  32.950  -18.906 0.0000000000
122354  -22.861  32.390  -18.228 0.0000000000
122355  -23.467  32.842  -18.612 0.0000000000
122356  -23.929  33.408  -19.090 0.0000000000
122370  -14.670  33.013  -19.655 0.0000000000
122371  -15.227  32.861  -19.487 0.0000000000
122372  -16.438  32.968  -19.931 0.0000000000
122373  -17.363  33.225  -20.447 0.0000000000
122374  -19.279  33.118  -19.970 0.0000000000
122375  -23.870  32.703  -19.300 0.0000000000
122388  -14.004  33.026  -20.611 0.0000000000
122389  -14.473  32.918  -20.300 0.0000000000
122390  -15.603  32.645  -20.699 0.0000000000
122391  -16.752  32.897  -21.054 0.0000000000
122392  -17.874  33.160  -21.178 0.0000000000
122393  -19.440  33.047  -21.013 0.0000000000
122404  -16.035  32.336  -21.688 0.0000000000
122405  -17.293  32.569  -22.006 0.0000000000
122406  -18.522  33.011  -21.902 0.0000000000
122407  -19.241  32.967  -21.923 0.0000000000
122420  -18.114  32.342  -22.377 0.0000000000
122421  -18.785  32.511  -22.326 0.0000000000
122422  -19.063  32.565  -22.252 0.0000000000
123118  -25.367  34.088  -12.871 0.0000000000
123119  -26.259  34.158  -12.859 0.0000000000
123120  -26.750  34.259  -12.941 0.0000000000
123128  -23.269  33.789  -14.127 0.0000000000
123129  -24.021  33.608  -13.788 0.0000000000
123130  -24.881  33.592  -13.507 0.0000000000
123131  -25.734  33.538  -13.389 0.0000000000
123132  -26.791  33.776  -13.259 0.0000000000
123133  -27.797  33.467  -13.941 0.0000000000
123141  -23.249  33.901  -14.521 0.0000000000
123142  -23.649  33.707  -14.684 0.0000000000
123143  -24.676  33.257  -14.265 0.0000000000
123144  -25.194  33.303  -13.815 0.0000000000
123149  -23.754  33.969  -15.550 0.0000000000
123150  -24.323  33.415  -15.192 0.0000000000
123156  -16.446  34.049  -17.168 0.0000000000
123157  -16.852  34.061  -17.378 0.0000000000
123158  -19.952  33.683  -16.602 0.0000000000
123159  -20.971  33.662  -16.568 0.0000000000
123160  -21.885  33.626  -16.886 0.0000000000
123161  -22.366  33.849  -17.188 0.0000000000
123162  -23.752  34.389  -16.075 0.0000000000
123163  -24.354  33.976  -16.286 0.0000000000
123164  -24.953  33.828  -16.949 0.0000000000
123171  -14.998  33.948  -17.530 0.0000000000
123172  -15.519  33.850  -17.397 0.0000000000
123173  -16.540  33.592  -17.803 0.0000000000
123174  -17.359  33.871  -18.254 0.0000000000
123175  -18.944  33.685  -18.110 0.0000000000
123176  -19.409  34.233  -17.306 0.0000000000
123177  -22.295  33.271  -17.280 0.0000000000
123178  -22.740  33.703  -17.553 0.0000000000
123179  -23.320  33.809  -18.023 0.0000000000
123180  -24.623  34.554  -17.147 0.0000000000
123195  -14.842  33.745  -18.004 0.0000000000
123196  -15.480  33.174  -18.615 0.0000000000
123197  -16.741  33.365  -18.928 0.0000000000
123198  -17.951  33.902  -19.025 0.0000000000
123199  -18.647  33.794  -19.097 0.0000000000
123200  -23.747  34.020  -18.613 0.0000000000
123213  -13.871  33.755  -19.676 0.0000000000
123214  -14.397  33.433  -19.272 0.0000000000
123215  -14.977  33.043  -19.072 0.0000000000
123216  -17.388  33.424  -19.736 0.0000000000
123217  -18.282  33.558  -20.228 0.0000000000
123218  -19.124  33.544  -20.567 0.0000000000
123228  -13.040  33.774  -20.753 0.0000000000
123229  -13.625  33.500  -20.392 0.0000000000
123230  -14.160  33.271  -19.976 0.0000000000
123231  -18.804  33.442  -21.214 0.0000000000
123232  -19.217  33.331  -21.426 0.0000000000
123243  -19.127  33.325  -21.665 0.0000000000
123244  -19.369  33.211  -21.691 0.0000000000
123928  -21.154  34.577  -13.378 0.0000000000
123929  -22.058  34.333  -13.002 0.0000000000
123930  -23.042  34.531  -12.772 0.0000000000
123931  -23.992  34.612  -12.527 0.0000000000
123932  -24.982  34.706  -12.370 0.0000000000
123933  -25.973  34.831  -12.484 0.0000000000
123934  -26.917  34.841  -12.770 0.0000000000
123935  -27.440  35.249  -13.029 0.0000000000
123942  -21.102  34.826  -14.448 0.0000000000
123943  -21.849  34.279  -14.101 0.0000000000
123944  -22.719  34.067  -13.672 0.0000000000
123945  -23.564  34.098  -13.322 0.0000000000
123946  -24.451  34.092  -13.050 0.0000000000
123947  -27.049  34.355  -13.016 0.0000000000
123948  -27.646  34.684  -13.351 0.0000000000
123949  -28.457  34.666  -14.254 0.0000000000
123956  -21.221  35.182  -14.973 0.0000000000
123957  -21.761  34.897  -15.158 0.0000000000
123958  -22.836  34.242  -14.802 0.0000000000
123959  -23.363  34.083  -15.197 0.0000000000
123964  -21.967  35.248  -15.754 0.0000000000
123965  -22.499  35.044  -15.957 0.0000000000
123966  -23.302  34.521  -15.725 0.0000000000
123972  -15.337  34.857  -16.737 0.0000000000
123973  -16.090  34.589  -16.677 0.0000000000
123974  -17.267  34.589  -17.038 0.0000000000
123975  -17.938  34.947  -17.329 0.0000000000
123976  -19.945  34.856  -16.699 0.0000000000
123977  -20.724  34.652  -16.427 0.0000000000
123978  -21.602  34.601  -16.530 0.0000000000
123979  -22.602  34.626  -16.984 0.0000000000
123980  -23.627  34.815  -16.754 0.0000000000
123981  -24.279  34.821  -16.990 0.0000000000
123989  -14.172  34.780  -17.869 0.0000000000
123990  -14.774  34.437  -17.355 0.0000000000
123991  -15.398  34.389  -16.989 0.0000000000
123992  -17.239  34.097  -17.640 0.0000000000
123993  -18.219  34.443  -17.862 0.0000000000
123994  -19.026  34.739  -18.041 0.0000000000
123995  -19.515  35.101  -17.302 0.0000000000
123996  -23.085  34.366  -17.639 0.0000000000
123997  -23.589  34.817  -18.003 0.0000000000
123998  -24.482  35.147  -17.867 0.0000000000
124011  -13.923  34.730  -18.522 0.0000000000
124012  -14.291  34.160  -18.267 0.0000000000
124013  -18.501  34.208  -18.651 0.0000000000
124014  -18.734  34.363  -18.498 0.0000000000
124015  -23.847  34.770  -18.803 0.0000000000
124027  -13.065  34.726  -19.928 0.0000000000
124028  -13.639  34.363  -19.419 0.0000000000
124029  -14.055  34.165  -18.864 0.0000000000
124038  -12.761  34.311  -20.658 0.0000000000
124039  -13.284  34.226  -20.091 0.0000000000
124787  -18.984  35.767  -12.389 0.0000000000
124788  -19.888  35.502  -11.983 0.0000000000
124789  -20.898  35.499  -11.721 0.0000000000
124790  -21.949  35.703  -11.608 0.0000000000
124791  -22.992  35.927  -11.643 0.0000000000
124792  -23.997  36.047  -11.662 0.0000000000
124793  -24.896  36.246  -11.806 0.0000000000
124794  -25.405  36.480  -12.021 0.0000000000
124798  -18.953  35.948  -13.474 0.0000000000
124799  -19.643  35.389  -13.075 0.0000000000
124800  -20.503  34.994  -12.654 0.0000000000
124801  -21.477  34.902  -12.343 0.0000000000
124802  -22.488  35.027  -12.176 0.0000000000
124803  -23.493  35.199  -12.050 0.0000000000
124804  -24.503  35.365  -11.964 0.0000000000
124805  -25.638  35.836  -12.162 0.0000000000
124806  -26.597  35.692  -12.585 0.0000000000
124807  -27.232  35.732  -12.942 0.0000000000
124816  -19.103  36.258  -14.030 0.0000000000
124817  -19.684  35.940  -14.225 0.0000000000
124818  -20.375  35.104  -13.824 0.0000000000
124819  -27.800  35.749  -13.384 0.0000000000
124820  -28.421  35.619  -14.008 0.0000000000
124829  -20.119  36.285  -14.833 0.0000000000
124830  -20.690  35.706  -15.065 0.0000000000
124831  -21.296  35.302  -15.270 0.0000000000
124837  -16.363  36.309  -15.942 0.0000000000
124838  -16.862  36.370  -16.079 0.0000000000
124839  -21.065  36.050  -15.991 0.0000000000
124840  -21.551  35.440  -15.768 0.0000000000
124841  -22.040  35.378  -15.975 0.0000000000
124846  -14.832  35.569  -16.735 0.0000000000
124847  -15.807  35.525  -16.324 0.0000000000
124848  -16.926  35.734  -16.364 0.0000000000
124849  -17.964  35.706  -17.129 0.0000000000
124850  -18.515  36.046  -17.343 0.0000000000
124851  -19.942  35.736  -16.867 0.0000000000
124852  -20.618  35.588  -16.380 0.0000000000
124853  -21.316  35.339  -16.220 0.0000000000
124854  -21.972  35.233  -16.252 0.0000000000
124860  -13.822  35.454  -17.945 0.0000000000
124861  -14.297  35.250  -17.408 0.0000000000
124862  -18.232  35.153  -17.452 0.0000000000
124863  -18.660  35.566  -17.592 0.0000000000
124864  -19.317  35.708  -17.451 0.0000000000
124876  -13.628  35.509  -18.807 0.0000000000
124886  -12.725  35.378  -20.224 0.0000000000
124887  -13.215  35.461  -19.532 0.0000000000
124893  -12.353  35.395  -21.132 0.0000000000
125595  -18.905  36.975  -10.941 0.0000000000
125596  -19.869  36.990  -10.882 0.0000000000
125597  -20.808  37.057  -10.759 0.0000000000
125598  -21.688  37.266  -10.803 0.0000000000
125599  -22.195  37.508  -10.898 0.0000000000
125612  -17.645  36.848  -12.221 0.0000000000
125613  -18.425  36.369  -11.746 0.0000000000
125614  -19.374  36.218  -11.463 0.0000000000
125615  -20.356  36.223  -11.262 0.0000000000
125616  -21.366  36.396  -11.151 0.0000000000
125617  -22.481  36.883  -11.145 0.0000000000
125618  -23.586  36.853  -11.424 0.0000000000
125619  -24.482  36.904  -11.639 0.0000000000
125620  -25.213  36.977  -11.933 0.0000000000
125626  -17.743  37.066  -13.358 0.0000000000
125627  -18.214  36.255  -12.916 0.0000000000
125628  -25.816  36.876  -12.283 0.0000000000
125629  -26.645  36.692  -12.725 0.0000000000
125630  -27.000  36.198  -12.881 0.0000000000
125642  -18.051  37.392  -13.877 0.0000000000
125643  -18.628  36.859  -14.104 0.0000000000
125644  -19.301  36.495  -14.311 0.0000000000
125645  -27.136  37.097  -13.183 0.0000000000
125646  -27.522  36.630  -13.330 0.0000000000
125647  -28.380  36.504  -13.911 0.0000000000
125654  -19.168  37.486  -14.637 0.0000000000
125655  -19.818  37.017  -14.882 0.0000000000
125656  -20.286  36.462  -15.145 0.0000000000
125657  -28.957  36.478  -14.614 0.0000000000
125662  -15.091  37.354  -15.750 0.0000000000
125663  -16.095  37.126  -15.559 0.0000000000
125664  -17.093  37.025  -15.884 0.0000000000
125665  -17.659  37.370  -16.145 0.0000000000
125666  -20.222  37.349  -15.562 0.0000000000
125667  -20.518  36.807  -15.670 0.0000000000
125672  -13.794  37.163  -17.051 0.0000000000
125673  -14.544  36.697  -16.488 0.0000000000
125674  -15.417  36.381  -16.040 0.0000000000
125675  -17.142  36.471  -16.171 0.0000000000
125676  -17.724  36.818  -16.458 0.0000000000
125677  -18.696  36.660  -17.006 0.0000000000
125678  -19.616  36.524  -16.820 0.0000000000
125679  -20.476  36.426  -16.373 0.0000000000
125684  -13.568  36.566  -18.112 0.0000000000
125685  -14.001  36.076  -17.209 0.0000000000
125686  -18.739  36.144  -17.394 0.0000000000
125687  -19.017  36.201  -17.418 0.0000000000
125695  -13.536  36.475  -19.258 0.0000000000
125705  -12.567  36.119  -20.596 0.0000000000
125706  -12.999  36.318  -19.979 0.0000000000
125712  -12.425  36.522  -21.366 0.0000000000
125713  -12.844  36.832  -20.606 0.0000000000
126387  -17.532  37.999  -10.716 0.0000000000
126388  -18.465  37.818  -10.508 0.0000000000
126389  -19.425  37.794  -10.529 0.0000000000
126390  -20.343  37.866  -10.624 0.0000000000
126391  -21.213  37.950  -10.669 0.0000000000
126392  -21.972  38.027  -10.770 0.0000000000
126398  -16.663  38.143  -11.989 0.0000000000
126399  -17.248  37.577  -11.602 0.0000000000
126400  -17.991  37.167  -11.181 0.0000000000
126401  -22.600  37.937  -11.015 0.0000000000
126402  -23.347  37.775  -11.278 0.0000000000
126403  -24.188  37.686  -11.518 0.0000000000
126404  -24.911  37.680  -11.857 0.0000000000
126412  -16.895  38.406  -12.986 0.0000000000
126413  -17.179  37.597  -12.703 0.0000000000
126414  -25.589  37.682  -12.297 0.0000000000
126415  -26.316  37.561  -12.639 0.0000000000
126428  -17.266  38.784  -13.458 0.0000000000
126429  -17.775  38.201  -13.827 0.0000000000
126430  -18.259  37.599  -14.123 0.0000000000
126431  -26.959  37.516  -12.993 0.0000000000
126432  -27.664  37.495  -13.254 0.0000000000
126433  -28.717  37.453  -13.815 0.0000000000
126434  -29.439  37.986  -14.367 0.0000000000
126442  -18.291  38.530  -14.517 0.0000000000
126443  -18.679  37.972  -14.556 0.0000000000
126444  -19.414  37.941  -14.985 0.0000000000
126445  -28.877  37.004  -14.345 0.0000000000
126446  -29.454  37.457  -15.074 0.0000000000
126450  -14.927  38.398  -15.691 0.0000000000
126451  -15.838  38.125  -15.423 0.0000000000
126452  -16.857  37.991  -15.506 0.0000000000
126453  -17.845  38.002  -15.949 0.0000000000
126454  -18.447  38.283  -16.060 0.0000000000
126455  -19.960  37.875  -15.704 0.0000000000
126456  -20.350  37.418  -15.825 0.0000000000
126461  -13.946  38.241  -16.995 0.0000000000
126462  -14.332  37.749  -16.296 0.0000000000
126463  -17.945  37.546  -16.268 0.0000000000
126464  -18.534  37.808  -16.370 0.0000000000
126465  -19.491  37.564  -16.475 0.0000000000
126466  -20.283  37.259  -16.249 0.0000000000
126471  -13.797  37.809  -17.911 0.0000000000
126479  -13.844  37.561  -18.990 0.0000000000
126489  -13.492  37.434  -20.100 0.0000000000
126495  -12.550  37.191  -21.862 0.0000000000
126496  -13.056  37.542  -21.233 0.0000000000
126505  -12.814  37.734  -22.059 0.0000000000
127147  -17.234  39.229  -10.208 0.0000000000
127148  -17.475  39.208  -10.117 0.0000000000
127158  -16.462  39.151  -10.781 0.0000000000
127159  -16.930  38.981  -10.415 0.0000000000
127160  -17.978  38.735  -10.136 0.0000000000
127161  -18.997  38.600  -10.110 0.0000000000
127162  -19.923  38.684  -10.286 0.0000000000
127163  -20.820  38.740  -10.422 0.0000000000
127164  -21.645  38.790  -10.604 0.0000000000
127169  -16.408  38.877  -11.254 0.0000000000
127170  -16.870  38.224  -11.102 0.0000000000
127171  -22.402  38.792  -10.901 0.0000000000
127172  -23.147  38.725  -11.283 0.0000000000
127173  -24.011  38.617  -11.599 0.0000000000
127174  -24.603  38.275  -11.806 0.0000000000
127175  -31.446  38.979  -11.823 0.0000000000
127176  -31.971  38.761  -11.679 0.0000000000
127186  -16.441  38.943  -12.343 0.0000000000
127187  -24.585  38.842  -12.028 0.0000000000
127188  -25.172  38.539  -12.280 0.0000000000
127189  -26.117  38.483  -12.644 0.0000000000
127190  -27.035  38.746  -12.668 0.0000000000
127191  -27.944  38.731  -12.627 0.0000000000
127192  -28.805  38.683  -12.759 0.0000000000
127193  -30.692  38.744  -12.673 0.0000000000
127194  -31.182  38.716  -12.349 0.0000000000
127195  -31.937  38.220  -12.154 0.0000000000
127205  -16.890  39.203  -13.171 0.0000000000
127206  -17.477  39.310  -13.778 0.0000000000
127207  -26.747  38.088  -12.842 0.0000000000
127208  -27.429  38.123  -12.953 0.0000000000
127209  -28.361  38.152  -13.139 0.0000000000
127210  -29.591  38.483  -13.541 0.0000000000
127211  -30.517  38.578  -13.205 0.0000000000
127212  -31.084  38.242  -13.115 0.0000000000
127216  -17.820  39.108  -14.596 0.0000000000
127217  -18.669  38.526  -14.951 0.0000000000
127218  -19.078  38.291  -14.966 0.0000000000
127219  -29.892  38.253  -14.989 0.0000000000
127220  -30.390  38.377  -14.433 0.0000000000
127222  -14.861  39.407  -15.732 0.0000000000
127223  -15.653  39.109  -15.337 0.0000000000
127224  -16.581  38.869  -15.227 0.0000000000
127225  -17.533  38.721  -15.307 0.0000000000
127226  -18.516  38.485  -15.572 0.0000000000
127227  -19.199  38.316  -15.392 0.0000000000
127232  -13.990  39.198  -16.960 0.0000000000
127233  -14.374  38.803  -16.324 0.0000000000
127234  -18.720  38.368  -16.089 0.0000000000
127235  -19.190  38.361  -16.078 0.0000000000
127241  -13.871  38.812  -17.735 0.0000000000
127249  -13.982  38.580  -18.693 0.0000000000
127260  -14.113  38.605  -19.838 0.0000000000
127261  -14.301  39.107  -20.285 0.0000000000
127267  -13.868  38.605  -20.901 0.0000000000
127268  -14.225  38.946  -20.469 0.0000000000
127276  -13.270  38.377  -21.793 0.0000000000
127866  -17.289  39.583  -10.116 0.0000000000
127867  -17.987  39.691  -9.930 0.0000000000
127868  -18.745  39.938  -9.757 0.0000000000
127877  -15.852  40.193  -11.066 0.0000000000
127878  -16.160  39.735  -10.846 0.0000000000
127879  -16.760  39.955  -10.227 0.0000000000
127880  -18.643  39.277  -9.874 0.0000000000
127881  -19.461  39.580  -9.884 0.0000000000
127882  -20.419  39.609  -10.187 0.0000000000
127883  -21.251  39.641  -10.503 0.0000000000
127884  -22.053  39.662  -10.829 0.0000000000
127885  -31.576  39.925  -10.859 0.0000000000
127886  -32.041  39.909  -10.702 0.0000000000
127887  -32.979  39.938  -10.623 0.0000000000
127893  -15.814  40.157  -11.463 0.0000000000
127894  -16.052  39.539  -11.795 0.0000000000
127895  -22.820  39.653  -11.282 0.0000000000
127896  -23.668  39.616  -11.776 0.0000000000
127897  -24.267  39.289  -12.035 0.0000000000
127898  -27.803  39.895  -11.880 0.0000000000
127899  -28.197  39.813  -11.856 0.0000000000
127900  -29.059  39.666  -11.838 0.0000000000
127901  -30.030  39.619  -11.822 0.0000000000
127902  -31.240  39.509  -11.464 0.0000000000
127903  -32.441  39.301  -11.047 0.0000000000
127916  -15.869  40.138  -12.179 0.0000000000
127917  -16.397  39.850  -12.740 0.0000000000
127918  -24.199  39.862  -12.350 0.0000000000
127919  -24.770  39.489  -12.508 0.0000000000
127920  -25.603  39.392  -12.590 0.0000000000
127921  -26.478  39.420  -12.477 0.0000000000
127922  -27.509  39.603  -12.171 0.0000000000
127923  -28.509  39.253  -12.286 0.0000000000
127924  -29.490  39.083  -12.522 0.0000000000
127925  -30.448  38.998  -12.468 0.0000000000
127926  -30.941  39.057  -12.081 0.0000000000
127936  -17.053  40.000  -13.505 0.0000000000
127937  -17.424  40.081  -14.037 0.0000000000
127938  -29.915  38.909  -12.955 0.0000000000
127939  -30.116  38.821  -13.082 0.0000000000
127943  -15.840  40.504  -14.932 0.0000000000
127944  -16.214  40.380  -14.779 0.0000000000
127945  -17.035  40.124  -14.409 0.0000000000
127947  -14.761  40.096  -15.726 0.0000000000
127948  -15.477  40.208  -15.235 0.0000000000
127949  -16.365  39.690  -14.962 0.0000000000
127950  -17.116  39.343  -14.871 0.0000000000
127953  -13.894  39.819  -16.975 0.0000000000
127954  -14.294  39.927  -16.378 0.0000000000
127957  -13.820  39.667  -17.552 0.0000000000
127961  -13.892  39.463  -18.419 0.0000000000
127970  -14.146  39.330  -19.272 0.0000000000
127971  -14.351  39.397  -19.987 0.0000000000
127979  -14.074  39.163  -21.150 0.0000000000
127980  -14.344  39.474  -20.778 0.0000000000
127987  -13.011  39.724  -21.956 0.0000000000
127988  -13.596  39.457  -21.590 0.0000000000
127989  -14.253  40.077  -21.149 0.0000000000
127997  -12.973  38.836  -22.297 0.0000000000
128626  -16.633  41.095  -9.953 0.0000000000
128627  -17.360  40.556  -9.860 0.0000000000
128628  -18.365  40.617  -9.720 0.0000000000
128629  -19.212  40.599  -9.755 0.0000000000
128638  -15.695  40.786  -11.004 0.0000000000
128639  -16.281  40.566  -10.350 0.0000000000
128640  -16.740  40.522  -10.064 0.0000000000
128641  -20.034  40.541  -10.025 0.0000000000
128642  -20.837  40.539  -10.420 0.0000000000
128643  -21.645  40.554  -10.749 0.0000000000
128644  -22.440  40.578  -11.146 0.0000000000
128645  -28.992  40.789  -10.902 0.0000000000
128646  -29.823  40.727  -10.786 0.0000000000
128647  -30.607  40.686  -10.646 0.0000000000
128648  -31.466  40.452  -10.544 0.0000000000
128649  -32.557  40.689  -10.303 0.0000000000
128656  -15.606  40.783  -12.019 0.0000000000
128657  -23.219  40.593  -11.669 0.0000000000
128658  -23.873  40.590  -12.391 0.0000000000
128659  -26.881  40.631  -11.665 0.0000000000
128660  -27.693  40.294  -11.627 0.0000000000
128661  -28.602  40.284  -11.437 0.0000000000
128662  -29.491  40.216  -11.341 0.0000000000
128663  -30.366  40.169  -11.183 0.0000000000
128664  -30.921  40.182  -10.934 0.0000000000
128676  -16.058  40.658  -12.737 0.0000000000
128677  -16.611  40.633  -13.328 0.0000000000
128678  -24.515  40.477  -12.793 0.0000000000
128679  -25.180  40.288  -12.875 0.0000000000
128680  -25.856  40.212  -12.442 0.0000000000
128681  -26.675  40.130  -12.116 0.0000000000
128682  -27.184  40.150  -11.881 0.0000000000
128691  -17.097  40.704  -13.835 0.0000000000
128692  -17.195  40.668  -14.071 0.0000000000
128696  -15.832  40.960  -14.826 0.0000000000
128697  -16.623  40.791  -14.411 0.0000000000
128698  -17.001  40.671  -14.193 0.0000000000
128700  -14.653  40.906  -15.774 0.0000000000
128701  -15.284  40.902  -15.244 0.0000000000
128704  -13.853  40.539  -17.201 0.0000000000
128705  -14.206  40.749  -16.516 0.0000000000
128708  -13.808  40.252  -18.155 0.0000000000
128713  -14.102  40.202  -19.106 0.0000000000
128714  -14.344  40.696  -19.594 0.0000000000
128723  -14.285  39.769  -19.607 0.0000000000
128724  -14.443  40.162  -20.021 0.0000000000
128733  -14.073  40.656  -20.754 0.0000000000
128734  -14.305  40.499  -20.694 0.0000000000
128742  -12.941  40.209  -21.724 0.0000000000
128743  -13.808  40.538  -21.065 0.0000000000
128744  -14.239  40.344  -21.015 0.0000000000
128751  -12.176  40.716  -22.188 0.0000000000
129403  -16.462  41.939  -9.852 0.0000000000
129404  -17.160  41.634  -9.682 0.0000000000
129405  -17.979  41.487  -9.577 0.0000000000
129406  -18.852  41.473  -9.614 0.0000000000
129407  -29.575  41.882  -10.097 0.0000000000
129408  -30.335  41.968  -9.948 0.0000000000
129409  -31.069  42.116  -9.874 0.0000000000
129410  -31.446  42.346  -9.932 0.0000000000
129421  -15.450  42.022  -10.812 0.0000000000
129422  -15.981  41.475  -10.273 0.0000000000
129423  -19.670  41.472  -9.872 0.0000000000
129424  -20.452  41.474  -10.282 0.0000000000
129425  -21.234  41.442  -10.648 0.0000000000
129426  -22.005  41.483  -11.013 0.0000000000
129427  -26.921  41.918  -11.107 0.0000000000
129428  -27.685  41.681  -10.751 0.0000000000
129429  -28.559  41.456  -10.576 0.0000000000
129430  -29.345  41.334  -10.483 0.0000000000
129431  -30.116  41.326  -10.355 0.0000000000
129432  -30.931  41.378  -10.206 0.0000000000
129433  -31.901  41.771  -10.020 0.0000000000
129445  -15.408  41.731  -11.739 0.0000000000
129446  -22.707  41.511  -11.585 0.0000000000
129447  -23.404  41.539  -12.341 0.0000000000
129448  -26.007  41.817  -12.168 0.0000000000
129449  -26.566  41.467  -11.591 0.0000000000
129450  -27.264  41.111  -11.193 0.0000000000
129451  -28.119  40.897  -11.014 0.0000000000
129465  -15.818  41.606  -12.848 0.0000000000
129466  -16.278  41.095  -13.201 0.0000000000
129467  -24.168  41.601  -13.358 0.0000000000
129468  -24.844  41.152  -13.240 0.0000000000
129469  -25.416  41.330  -12.855 0.0000000000
129470  -26.179  40.907  -12.095 0.0000000000
129481  -15.930  42.009  -13.514 0.0000000000
129482  -16.493  41.452  -13.779 0.0000000000
129483  -17.046  40.935  -13.937 0.0000000000
129484  -24.452  42.083  -14.218 0.0000000000
129485  -24.803  41.663  -14.018 0.0000000000
129486  -25.098  41.556  -13.606 0.0000000000
129491  -15.711  41.944  -14.779 0.0000000000
129492  -16.282  41.439  -14.303 0.0000000000
129493  -16.931  41.026  -14.096 0.0000000000
129496  -14.804  42.118  -15.859 0.0000000000
129497  -15.266  41.588  -15.273 0.0000000000
129500  -13.939  41.227  -17.505 0.0000000000
129501  -14.198  41.655  -16.815 0.0000000000
129504  -13.839  40.972  -18.088 0.0000000000
129505  -14.238  41.689  -18.004 0.0000000000
129510  -13.967  40.673  -18.595 0.0000000000
129511  -14.288  41.251  -19.033 0.0000000000
129518  -14.559  41.155  -20.079 0.0000000000
129528  -13.977  40.933  -20.596 0.0000000000
129529  -14.299  41.321  -20.532 0.0000000000
129535  -12.030  42.214  -22.011 0.0000000000
129536  -12.813  41.418  -21.440 0.0000000000
129537  -13.765  41.391  -20.946 0.0000000000
129538  -14.096  41.380  -20.718 0.0000000000
129546  -12.070  41.446  -22.047 0.0000000000
130222  -16.447  42.487  -9.843 0.0000000000
130223  -16.915  42.421  -9.673 0.0000000000
130224  -17.638  42.365  -9.516 0.0000000000
130225  -18.458  42.341  -9.540 0.0000000000
130226  -28.665  42.446  -10.206 0.0000000000
130227  -28.975  42.379  -10.038 0.0000000000
130228  -29.706  42.512  -9.810 0.0000000000
130229  -30.513  42.691  -9.776 0.0000000000
130230  -31.134  42.617  -9.873 0.0000000000
130241  -15.475  42.948  -10.797 0.0000000000
130242  -15.941  42.609  -10.173 0.0000000000
130243  -19.273  42.351  -9.706 0.0000000000
130244  -20.081  42.396  -10.000 0.0000000000
130245  -20.925  42.463  -10.462 0.0000000000
130246  -21.582  42.169  -10.863 0.0000000000
130247  -26.868  42.305  -11.234 0.0000000000
130248  -27.234  42.519  -10.968 0.0000000000
130249  -28.312  42.343  -10.420 0.0000000000
130250  -28.939  41.854  -10.246 0.0000000000
130251  -30.943  43.045  -9.870 0.0000000000
130252  -31.567  42.852  -9.993 0.0000000000
130253  -32.491  42.734  -10.212 0.0000000000
130264  -15.286  42.793  -11.473 0.0000000000
130265  -21.508  42.868  -10.887 0.0000000000
130266  -22.162  42.596  -11.455 0.0000000000
130267  -22.851  42.275  -12.159 0.0000000000
130268  -26.081  42.233  -12.224 0.0000000000
130269  -26.501  42.483  -11.761 0.0000000000
130270  -26.957  42.900  -11.371 0.0000000000
130285  -15.392  42.617  -12.380 0.0000000000
130286  -22.717  43.152  -12.305 0.0000000000
130287  -23.359  42.663  -13.098 0.0000000000
130288  -25.855  42.349  -12.815 0.0000000000
130289  -26.361  42.985  -12.884 0.0000000000
130301  -15.726  42.594  -13.214 0.0000000000
130302  -16.012  42.574  -13.880 0.0000000000
130303  -23.958  42.679  -14.605 0.0000000000
130304  -24.783  42.219  -14.805 0.0000000000
130305  -25.428  42.205  -14.115 0.0000000000
130306  -26.270  42.811  -14.012 0.0000000000
130310  -15.797  42.463  -14.912 0.0000000000
130311  -16.015  42.467  -14.497 0.0000000000
130312  -24.148  43.175  -15.414 0.0000000000
130313  -24.741  42.782  -15.796 0.0000000000
130314  -25.516  42.445  -15.381 0.0000000000
130315  -26.181  42.620  -15.139 0.0000000000
130318  -15.151  42.663  -15.952 0.0000000000
130319  -15.571  42.678  -15.453 0.0000000000
130320  -15.914  42.752  -15.017 0.0000000000
130321  -25.319  42.971  -16.269 0.0000000000
130322  -25.676  42.756  -16.027 0.0000000000
130323  -26.023  42.635  -15.698 0.0000000000
130326  -14.988  42.877  -16.595 0.0000000000
130327  -15.361  42.960  -16.013 0.0000000000
130331  -14.645  42.641  -17.759 0.0000000000
130336  -14.702  42.387  -18.844 0.0000000000
130345  -14.865  42.164  -19.763 0.0000000000
130356  -14.248  42.737  -20.861 0.0000000000
130357  -14.600  42.067  -20.461 0.0000000000
130361  -12.087  43.310  -22.099 0.0000000000
130362  -12.769  42.752  -21.572 0.0000000000
130363  -13.650  42.228  -21.260 0.0000000000
130364  -14.259  41.826  -20.926 0.0000000000
130371  -11.521  42.839  -22.776 0.0000000000
131080  -16.571  42.992  -9.831 0.0000000000
131081  -17.246  43.125  -9.598 0.0000000000
131082  -18.052  43.190  -9.507 0.0000000000
131083  -18.839  43.159  -9.712 0.0000000000
131084  -28.679  42.684  -10.180 0.0000000000
131085  -29.045  42.969  -9.883 0.0000000000
131086  -29.789  43.219  -9.760 0.0000000000
131087  -30.439  43.324  -9.851 0.0000000000
131091  -15.694  43.479  -10.529 0.0000000000
131092  -16.188  43.620  -10.097 0.0000000000
131093  -19.590  43.233  -9.868 0.0000000000
131094  -20.375  43.380  -10.190 0.0000000000
131095  -21.087  43.511  -10.668 0.0000000000
131096  -27.818  42.884  -10.769 0.0000000000
131097  -28.395  43.199  -10.554 0.0000000000
131098  -29.180  43.584  -10.226 0.0000000000
131099  -29.944  43.838  -10.084 0.0000000000
131100  -30.886  43.655  -10.168 0.0000000000
131101  -31.885  43.646  -10.377 0.0000000000
131113  -15.130  44.174  -11.463 0.0000000000
131114  -15.258  43.883  -11.203 0.0000000000
131115  -21.665  43.593  -11.207 0.0000000000
131116  -22.230  43.764  -11.788 0.0000000000
131117  -26.865  43.066  -11.635 0.0000000000
131118  -27.455  43.318  -11.410 0.0000000000
131119  -28.184  43.714  -11.241 0.0000000000
131133  -15.045  44.129  -11.691 0.0000000000
131134  -15.091  43.646  -12.054 0.0000000000
131135  -22.601  44.046  -12.513 0.0000000000
131136  -22.975  43.587  -12.994 0.0000000000
131137  -26.809  43.305  -12.257 0.0000000000
131138  -27.370  43.810  -12.543 0.0000000000
131152  -15.475  43.463  -12.884 0.0000000000
131153  -15.957  43.408  -13.615 0.0000000000
131154  -22.850  44.233  -13.192 0.0000000000
131155  -23.293  43.779  -13.899 0.0000000000
131156  -26.825  43.579  -13.604 0.0000000000
131157  -27.430  44.131  -13.508 0.0000000000
131165  -16.343  43.549  -14.405 0.0000000000
131166  -23.798  43.712  -14.989 0.0000000000
131167  -24.482  43.622  -15.704 0.0000000000
131168  -25.254  43.702  -15.923 0.0000000000
131169  -26.685  43.227  -15.058 0.0000000000
131174  -15.865  43.225  -15.622 0.0000000000
131175  -16.200  43.398  -15.343 0.0000000000
131176  -25.078  43.280  -16.205 0.0000000000
131177  -25.867  43.273  -16.077 0.0000000000
131178  -26.356  42.861  -15.806 0.0000000000
131181  -15.464  43.471  -16.904 0.0000000000
131182  -15.889  43.515  -16.197 0.0000000000
131183  -16.306  43.682  -15.891 0.0000000000
131188  -15.298  43.468  -17.625 0.0000000000
131189  -15.874  43.888  -17.277 0.0000000000
131193  -15.272  43.316  -18.699 0.0000000000
131194  -16.218  43.997  -18.513 0.0000000000
131195  -17.113  44.067  -18.963 0.0000000000
131202  -15.260  43.131  -19.579 0.0000000000
131203  -16.169  43.538  -19.540 0.0000000000
131204  -16.912  43.878  -19.509 0.0000000000
131215  -14.238  43.765  -20.884 0.0000000000
131216  -14.923  43.283  -20.290 0.0000000000
131217  -16.099  43.561  -20.161 0.0000000000
131218  -16.670  43.681  -19.964 0.0000000000
131223  -12.210  43.865  -22.274 0.0000000000
131224  -12.803  43.939  -21.993 0.0000000000
131225  -13.617  43.324  -21.338 0.0000000000
131232  -11.788  44.032  -22.656 0.0000000000
131233  -12.274  44.160  -22.403 0.0000000000
131885  -16.809  43.682  -9.789 0.0000000000
131886  -17.545  44.051  -9.692 0.0000000000
131887  -18.507  44.001  -9.711 0.0000000000
131888  -19.146  43.814  -9.817 0.0000000000
131898  -15.769  44.365  -10.521 0.0000000000
131899  -16.628  44.572  -10.048 0.0000000000
131900  -17.453  44.929  -9.895 0.0000000000
131901  -19.025  44.383  -9.900 0.0000000000
131902  -19.718  44.248  -10.102 0.0000000000
131903  -20.606  44.356  -10.591 0.0000000000
131904  -21.267  44.368  -11.043 0.0000000000
131905  -28.702  43.808  -10.845 0.0000000000
131906  -29.291  44.113  -10.795 0.0000000000
131907  -30.134  44.334  -10.732 0.0000000000
131908  -31.074  44.360  -10.708 0.0000000000
131909  -31.808  44.326  -10.813 0.0000000000
131921  -15.068  44.501  -11.545 0.0000000000
131922  -15.290  44.942  -11.079 0.0000000000
131923  -21.753  44.467  -11.516 0.0000000000
131924  -22.195  44.665  -12.120 0.0000000000
131925  -27.849  43.941  -11.858 0.0000000000
131926  -28.546  44.152  -11.663 0.0000000000
131927  -29.369  44.440  -11.699 0.0000000000
131928  -30.268  44.788  -11.627 0.0000000000
131929  -31.282  44.889  -11.259 0.0000000000
131942  -14.910  44.500  -12.059 0.0000000000
131943  -15.205  44.320  -12.660 0.0000000000
131944  -22.571  44.824  -12.830 0.0000000000
131945  -24.554  44.976  -13.750 0.0000000000
131946  -24.984  44.751  -13.702 0.0000000000
131947  -25.939  44.573  -13.720 0.0000000000
131948  -27.948  44.189  -12.706 0.0000000000
131949  -28.661  44.338  -12.773 0.0000000000
131950  -29.420  44.586  -12.778 0.0000000000
131951  -30.041  45.023  -12.786 0.0000000000
131962  -15.728  44.278  -13.373 0.0000000000
131963  -16.328  44.068  -13.886 0.0000000000
131964  -22.887  44.804  -13.612 0.0000000000
131965  -23.528  44.651  -14.320 0.0000000000
131966  -24.390  44.800  -14.224 0.0000000000
131967  -25.518  44.369  -14.555 0.0000000000
131968  -26.845  44.203  -14.421 0.0000000000
131969  -27.921  44.418  -13.864 0.0000000000
131970  -28.779  44.425  -13.798 0.0000000000
131971  -29.429  44.715  -13.935 0.0000000000
131981  -16.080  44.669  -13.991 0.0000000000
131982  -16.517  44.517  -14.496 0.0000000000
131983  -24.132  44.270  -15.045 0.0000000000
131984  -24.923  44.175  -15.288 0.0000000000
131985  -25.966  43.849  -15.504 0.0000000000
131986  -26.560  43.592  -15.456 0.0000000000
131987  -28.324  44.597  -14.336 0.0000000000
131988  -28.859  44.579  -14.686 0.0000000000
131997  -16.868  44.412  -15.296 0.0000000000
131998  -17.425  44.790  -16.026 0.0000000000
131999  -26.299  43.474  -15.792 0.0000000000
132000  -26.487  43.265  -15.772 0.0000000000
132001  -29.226  44.867  -15.272 0.0000000000
132009  -16.330  43.903  -16.395 0.0000000000
132010  -16.683  44.159  -16.193 0.0000000000
132011  -17.450  44.919  -16.791 0.0000000000
132016  -16.320  44.118  -16.809 0.0000000000
132017  -16.910  44.605  -17.248 0.0000000000
132018  -17.619  45.060  -17.732 0.0000000000
132023  -16.433  44.329  -17.648 0.0000000000
132024  -17.184  44.469  -18.329 0.0000000000
132025  -17.879  44.999  -18.677 0.0000000000
132031  -17.484  44.469  -19.334 0.0000000000
132032  -17.921  45.026  -19.333 0.0000000000
132039  -14.249  44.230  -20.994 0.0000000000
132040  -14.662  44.395  -20.796 0.0000000000
132041  -15.784  44.258  -20.456 0.0000000000
132042  -16.903  44.226  -20.115 0.0000000000
132049  -13.016  44.875  -21.992 0.0000000000
132050  -13.855  44.547  -21.331 0.0000000000
132051  -14.489  45.148  -20.993 0.0000000000
132058  -11.918  44.525  -22.910 0.0000000000
132059  -12.356  44.763  -22.724 0.0000000000
132066  -11.670  44.737  -23.402 0.0000000000
132067  -12.056  45.252  -23.216 0.0000000000
132730  -18.200  44.743  -9.828 0.0000000000
132731  -18.692  44.594  -9.872 0.0000000000
132745  -15.901  45.673  -10.533 0.0000000000
132746  -16.993  45.650  -10.122 0.0000000000
132747  -17.978  45.580  -10.031 0.0000000000
132748  -19.027  45.202  -10.167 0.0000000000
132749  -20.133  45.251  -10.598 0.0000000000
132750  -21.036  45.345  -11.138 0.0000000000
132751  -21.437  44.920  -11.337 0.0000000000
132764  -14.861  45.387  -11.800 0.0000000000
132765  -15.235  45.828  -11.180 0.0000000000
132766  -21.273  45.789  -11.540 0.0000000000
132767  -21.671  45.474  -11.810 0.0000000000
132768  -22.240  45.336  -12.457 0.0000000000
132769  -23.549  46.216  -12.406 0.0000000000
132770  -23.996  45.940  -12.303 0.0000000000
132771  -24.865  45.667  -12.119 0.0000000000
132772  -25.798  45.645  -12.156 0.0000000000
132773  -30.703  45.271  -11.962 0.0000000000
132786  -14.889  45.141  -12.613 0.0000000000
132787  -15.219  44.879  -13.139 0.0000000000
132788  -22.108  45.910  -12.462 0.0000000000
132789  -22.676  45.692  -12.982 0.0000000000
132790  -23.432  45.885  -13.025 0.0000000000
132791  -24.363  45.265  -13.285 0.0000000000
132792  -25.421  45.007  -12.874 0.0000000000
132793  -26.753  45.169  -13.019 0.0000000000
132794  -27.498  45.648  -13.510 0.0000000000
132807  -14.857  45.538  -13.388 0.0000000000
132808  -15.538  45.104  -13.738 0.0000000000
132809  -23.178  45.382  -13.714 0.0000000000
132810  -23.802  45.267  -13.804 0.0000000000
132811  -24.157  45.179  -13.823 0.0000000000
132812  -27.452  44.910  -13.873 0.0000000000
132813  -27.922  45.315  -14.204 0.0000000000
132814  -28.364  45.576  -14.629 0.0000000000
132823  -15.171  45.741  -14.160 0.0000000000
132824  -16.015  45.408  -14.622 0.0000000000
132825  -16.750  45.100  -15.064 0.0000000000
132826  -28.389  44.968  -14.652 0.0000000000
132827  -28.755  45.267  -15.136 0.0000000000
132836  -16.548  45.720  -15.356 0.0000000000
132837  -17.253  45.517  -15.812 0.0000000000
132838  -17.639  45.355  -16.444 0.0000000000
132850  -17.651  45.908  -16.551 0.0000000000
132851  -17.887  45.674  -17.186 0.0000000000
132860  -15.527  46.401  -18.324 0.0000000000
132861  -15.800  46.369  -18.394 0.0000000000
132862  -18.058  45.647  -18.076 0.0000000000
132868  -15.490  46.221  -18.559 0.0000000000
132869  -16.201  46.043  -18.870 0.0000000000
132870  -17.038  45.787  -19.170 0.0000000000
132871  -17.886  45.641  -18.946 0.0000000000
132877  -15.397  45.907  -19.296 0.0000000000
132878  -16.332  45.512  -19.733 0.0000000000
132879  -17.362  45.046  -19.741 0.0000000000
132880  -17.783  45.226  -19.356 0.0000000000
132885  -14.414  45.813  -20.767 0.0000000000
132886  -14.969  45.464  -20.420 0.0000000000
132887  -16.503  44.846  -20.203 0.0000000000
132888  -16.996  44.687  -20.085 0.0000000000
132895  -13.336  45.461  -21.655 0.0000000000
132896  -14.081  45.689  -21.090 0.0000000000
132897  -14.548  45.461  -20.886 0.0000000000
132904  -12.714  45.682  -22.239 0.0000000000
132910  -11.833  45.637  -23.549 0.0000000000
132911  -12.168  45.897  -23.008 0.0000000000
133507  -15.896  46.833  -10.738 0.0000000000
133508  -16.629  46.574  -10.451 0.0000000000
133509  -17.614  46.470  -10.321 0.0000000000
133510  -18.630  46.341  -10.408 0.0000000000
133511  -19.822  46.370  -10.892 0.0000000000
133512  -20.525  45.881  -11.060 0.0000000000
133513  -23.912  46.986  -10.879 0.0000000000
133514  -24.744  46.997  -10.794 0.0000000000
133515  -25.232  47.111  -10.846 0.0000000000
133524  -14.908  46.631  -11.645 0.0000000000
133525  -15.457  46.498  -11.022 0.0000000000
133526  -20.302  47.008  -11.479 0.0000000000
133527  -21.100  46.504  -11.769 0.0000000000
133528  -21.735  46.168  -12.213 0.0000000000
133529  -22.986  46.985  -12.059 0.0000000000
133530  -23.586  46.525  -11.777 0.0000000000
133531  -24.389  46.374  -11.464 0.0000000000
133532  -25.429  46.578  -11.378 0.0000000000
133533  -26.483  46.441  -12.069 0.0000000000
133540  -14.574  46.251  -12.692 0.0000000000
133541  -21.461  47.138  -12.612 0.0000000000
133542  -21.976  46.688  -12.696 0.0000000000
133543  -22.758  46.532  -12.682 0.0000000000
133544  -23.253  46.460  -12.458 0.0000000000
133545  -27.252  46.461  -12.879 0.0000000000
133546  -27.752  46.467  -13.645 0.0000000000
133556  -14.642  46.433  -13.859 0.0000000000
133557  -28.139  46.364  -14.304 0.0000000000
133558  -28.477  46.271  -14.921 0.0000000000
133570  -15.414  46.542  -14.936 0.0000000000
133571  -16.106  46.065  -15.242 0.0000000000
133583  -15.696  47.146  -15.594 0.0000000000
133584  -16.486  46.644  -16.043 0.0000000000
133585  -17.311  46.198  -16.364 0.0000000000
133598  -16.875  47.214  -16.810 0.0000000000
133599  -17.498  46.623  -17.150 0.0000000000
133600  -18.161  46.135  -17.635 0.0000000000
133612  -14.366  46.818  -18.032 0.0000000000
133613  -15.407  46.555  -18.026 0.0000000000
133614  -16.501  46.559  -18.218 0.0000000000
133615  -17.477  46.669  -18.105 0.0000000000
133616  -18.065  46.267  -18.123 0.0000000000
133626  -14.007  46.531  -18.873 0.0000000000
133627  -14.814  46.220  -18.630 0.0000000000
133628  -16.790  46.159  -18.742 0.0000000000
133629  -17.308  46.195  -18.639 0.0000000000
133630  -17.774  46.206  -18.474 0.0000000000
133636  -13.914  46.431  -19.762 0.0000000000
133637  -14.623  46.155  -19.554 0.0000000000
133642  -14.013  46.178  -20.579 0.0000000000
133643  -14.457  46.158  -20.155 0.0000000000
133650  -13.075  46.453  -21.609 0.0000000000
133651  -13.614  46.291  -21.067 0.0000000000
133658  -12.434  46.614  -22.505 0.0000000000
133665  -11.743  46.668  -23.697 0.0000000000
133666  -12.127  46.664  -23.073 0.0000000000
134258  -23.538  48.126  -10.008 0.0000000000
134259  -23.829  48.112  -9.982 0.0000000000
134268  -15.886  47.255  -10.882 0.0000000000
134269  -16.333  47.395  -10.824 0.0000000000
134270  -17.286  47.303  -10.662 0.0000000000
134271  -18.263  47.254  -10.661 0.0000000000
134272  -19.065  47.057  -10.785 0.0000000000
134273  -22.842  47.842  -10.758 0.0000000000
134274  -23.319  47.794  -10.421 0.0000000000
134275  -24.322  47.717  -10.323 0.0000000000
134276  -25.140  47.657  -10.541 0.0000000000
134277  -25.712  47.932  -10.811 0.0000000000
134281  -14.958  47.507  -11.754 0.0000000000
134282  -15.567  47.486  -11.246 0.0000000000
134283  -16.284  48.090  -11.178 0.0000000000
134284  -18.872  47.638  -11.008 0.0000000000
134285  -19.707  47.548  -11.359 0.0000000000
134286  -20.579  47.563  -12.007 0.0000000000
134287  -22.749  47.638  -11.335 0.0000000000
134288  -23.296  47.147  -11.255 0.0000000000
134289  -25.569  47.342  -10.939 0.0000000000
134290  -26.168  47.556  -11.454 0.0000000000
134295  -14.612  47.443  -12.316 0.0000000000
134296  -21.119  47.566  -12.604 0.0000000000
134297  -21.608  47.660  -12.812 0.0000000000
134298  -22.275  47.566  -12.499 0.0000000000
134299  -26.829  47.567  -12.457 0.0000000000
134300  -27.370  47.528  -13.306 0.0000000000
134304  -14.448  47.399  -13.311 0.0000000000
134305  -27.671  47.523  -14.151 0.0000000000
134306  -28.116  47.097  -14.686 0.0000000000
134314  -14.629  47.466  -14.402 0.0000000000
134315  -27.564  47.906  -15.062 0.0000000000
134316  -28.258  47.191  -15.350 0.0000000000
134328  -15.168  47.648  -15.318 0.0000000000
134329  -15.825  47.745  -16.038 0.0000000000
134342  -16.503  47.817  -16.677 0.0000000000
134343  -16.879  47.651  -17.114 0.0000000000
134356  -13.117  47.901  -17.987 0.0000000000
134357  -13.950  47.697  -17.682 0.0000000000
134358  -15.026  47.508  -17.556 0.0000000000
134359  -16.040  47.320  -17.592 0.0000000000
134360  -16.787  47.196  -17.480 0.0000000000
134370  -12.700  47.628  -18.676 0.0000000000
134371  -13.504  47.205  -18.356 0.0000000000
134376  -12.615  47.453  -19.670 0.0000000000
134377  -13.280  46.968  -19.229 0.0000000000
134379  -12.769  47.470  -20.609 0.0000000000
134380  -13.277  46.850  -20.143 0.0000000000
134387  -12.844  47.486  -21.420 0.0000000000
134388  -13.284  46.813  -20.929 0.0000000000
134395  -12.605  47.482  -22.206 0.0000000000
134401  -11.713  47.782  -23.577 0.0000000000
134402  -12.136  47.399  -22.996 0.0000000000
134409  -11.366  47.490  -24.270 0.0000000000
134947  -22.042  49.011  -10.329 0.0000000000
134948  -22.617  48.753  -9.833 0.0000000000
134949  -23.449  48.535  -9.754 0.0000000000
134950  -24.464  48.648  -9.885 0.0000000000
134951  -25.016  49.130  -10.030 0.0000000000
134960  -17.040  48.057  -11.042 0.0000000000
134961  -17.941  47.962  -10.962 0.0000000000
134962  -18.478  47.826  -11.000 0.0000000000
134963  -21.965  48.849  -11.275 0.0000000000
134964  -22.558  48.249  -10.675 0.0000000000
134965  -22.945  48.251  -10.055 0.0000000000
134966  -24.839  48.136  -10.227 0.0000000000
134967  -25.361  48.630  -10.396 0.0000000000
134968  -26.058  48.593  -11.131 0.0000000000
134972  -14.962  48.462  -11.931 0.0000000000
134973  -15.836  48.668  -11.462 0.0000000000
134974  -16.740  48.824  -11.337 0.0000000000
134975  -17.732  48.780  -11.286 0.0000000000
134976  -18.909  48.466  -11.400 0.0000000000
134977  -20.309  48.557  -12.330 0.0000000000
134978  -20.792  48.043  -12.592 0.0000000000
134979  -21.854  48.753  -12.252 0.0000000000
134980  -22.248  48.212  -11.790 0.0000000000
134981  -26.509  48.594  -12.066 0.0000000000
134992  -14.406  48.419  -12.805 0.0000000000
134993  -20.749  48.988  -13.166 0.0000000000
134994  -21.116  48.489  -13.073 0.0000000000
134995  -21.707  48.352  -12.753 0.0000000000
134996  -22.085  48.254  -12.462 0.0000000000
134997  -26.928  48.742  -13.313 0.0000000000
134998  -27.345  48.238  -13.801 0.0000000000
135010  -14.365  48.437  -13.841 0.0000000000
135011  -26.925  49.360  -14.025 0.0000000000
135012  -27.066  48.795  -14.575 0.0000000000
135026  -14.740  48.505  -14.857 0.0000000000
135041  -15.387  48.589  -15.698 0.0000000000
135042  -15.914  48.599  -16.511 0.0000000000
135058  -16.450  48.608  -17.083 0.0000000000
135059  -16.554  47.981  -17.272 0.0000000000
135075  -11.749  49.202  -18.174 0.0000000000
135076  -12.305  48.606  -18.033 0.0000000000
135077  -13.457  48.592  -17.592 0.0000000000
135078  -14.609  48.519  -17.528 0.0000000000
135079  -15.853  48.377  -17.400 0.0000000000
135080  -16.385  47.780  -17.426 0.0000000000
135090  -11.571  48.919  -18.756 0.0000000000
135091  -12.004  48.136  -19.160 0.0000000000
135094  -11.588  48.786  -19.797 0.0000000000
135095  -12.126  48.054  -20.228 0.0000000000
135098  -11.964  48.778  -20.809 0.0000000000
135099  -12.474  48.155  -21.105 0.0000000000
135107  -12.288  48.682  -21.501 0.0000000000
135108  -12.559  48.313  -21.889 0.0000000000
135115  -11.892  48.630  -22.827 0.0000000000
135116  -12.178  48.315  -22.655 0.0000000000
135122  -11.745  48.495  -23.195 0.0000000000
135123  -11.967  48.009  -23.092 0.0000000000
135131  -11.278  48.489  -24.086 0.0000000000
135622  -21.852  49.578  -10.193 0.0000000000
135623  -22.195  49.539  -9.756 0.0000000000
135624  -22.985  49.513  -9.375 0.0000000000
135625  -23.927  49.578  -9.465 0.0000000000
135626  -24.747  49.682  -9.818 0.0000000000
135634  -21.697  49.545  -10.812 0.0000000000
135635  -25.342  49.643  -10.318 0.0000000000
135636  -25.869  49.447  -10.890 0.0000000000
135647  -14.900  49.328  -12.004 0.0000000000
135648  -15.365  49.469  -11.722 0.0000000000
135649  -16.257  49.681  -11.436 0.0000000000
135650  -17.330  49.731  -11.372 0.0000000000
135651  -18.495  49.660  -11.559 0.0000000000
135652  -19.665  49.568  -12.190 0.0000000000
135653  -21.599  49.462  -11.857 0.0000000000
135654  -26.262  49.447  -11.628 0.0000000000
135669  -14.571  49.358  -12.413 0.0000000000
135670  -20.554  49.502  -12.928 0.0000000000
135671  -21.012  49.408  -13.382 0.0000000000
135672  -21.428  49.362  -12.907 0.0000000000
135673  -26.497  49.622  -12.656 0.0000000000
135686  -14.287  49.426  -13.295 0.0000000000
135687  -26.668  49.852  -13.658 0.0000000000
135703  -14.534  49.435  -14.340 0.0000000000
135716  -15.025  49.464  -15.345 0.0000000000
135717  -15.505  49.376  -16.197 0.0000000000
135734  -15.801  49.290  -16.827 0.0000000000
135748  -11.958  49.668  -17.780 0.0000000000
135749  -12.899  49.520  -17.422 0.0000000000
135750  -14.103  49.491  -17.561 0.0000000000
135751  -15.139  49.348  -17.500 0.0000000000
135752  -15.709  49.250  -17.222 0.0000000000
135757  -11.018  50.068  -18.863 0.0000000000
135758  -11.406  49.743  -18.421 0.0000000000
135761  -10.844  50.143  -19.553 0.0000000000
135762  -11.194  49.508  -19.293 0.0000000000
135765  -10.799  50.292  -20.171 0.0000000000
135766  -11.294  49.679  -20.454 0.0000000000
135774  -11.961  49.285  -21.646 0.0000000000
135775  -12.311  48.791  -21.842 0.0000000000
135784  -11.833  49.049  -22.662 0.0000000000
135785  -12.257  48.801  -22.175 0.0000000000
135794  -11.146  49.330  -23.707 0.0000000000
135795  -11.403  49.074  -23.431 0.0000000000
135803  -11.170  49.032  -23.901 0.0000000000
136304  -21.846  51.108  -9.140 0.0000000000
136305  -22.635  51.145  -8.790 0.0000000000
136306  -23.133  51.295  -8.736 0.0000000000
136313  -21.614  50.333  -10.092 0.0000000000
136314  -22.414  50.347  -9.279 0.0000000000
136315  -23.415  50.691  -9.050 0.0000000000
136316  -24.420  50.624  -9.483 0.0000000000
136317  -25.199  50.577  -10.055 0.0000000000
136322  -21.357  50.184  -11.344 0.0000000000
136323  -25.849  50.464  -10.889 0.0000000000
136324  -26.079  49.955  -11.311 0.0000000000
136339  -14.870  50.007  -12.007 0.0000000000
136340  -15.583  50.675  -11.653 0.0000000000
136341  -16.807  50.723  -11.347 0.0000000000
136342  -18.030  50.712  -11.477 0.0000000000
136343  -19.282  50.629  -11.859 0.0000000000
136344  -20.490  50.432  -12.585 0.0000000000
136345  -21.053  50.482  -12.577 0.0000000000
136346  -21.325  50.069  -12.340 0.0000000000
136347  -26.111  50.906  -11.397 0.0000000000
136348  -26.276  50.478  -11.939 0.0000000000
136360  -14.551  50.481  -12.733 0.0000000000
136361  -14.951  50.666  -12.125 0.0000000000
136362  -20.831  49.883  -13.209 0.0000000000
136363  -21.090  49.995  -13.113 0.0000000000
136364  -21.278  50.025  -12.870 0.0000000000
136365  -26.492  50.582  -13.160 0.0000000000
136377  -14.482  50.372  -13.827 0.0000000000
136388  -14.734  50.393  -14.916 0.0000000000
136393  -15.093  50.354  -16.185 0.0000000000
136394  -15.461  49.747  -16.600 0.0000000000
136402  -15.002  50.799  -17.056 0.0000000000
136403  -15.384  49.965  -17.046 0.0000000000
136410  -10.897  51.136  -18.083 0.0000000000
136411  -11.381  50.621  -17.887 0.0000000000
136412  -12.387  50.548  -17.426 0.0000000000
136413  -13.575  50.535  -17.500 0.0000000000
136414  -14.744  50.406  -17.515 0.0000000000
136415  -15.278  49.740  -17.350 0.0000000000
136417  -10.737  50.756  -18.723 0.0000000000
136418  -11.132  50.296  -18.453 0.0000000000
136422  -10.501  50.795  -19.801 0.0000000000
136425  -10.829  50.679  -20.770 0.0000000000
136426  -11.392  50.079  -21.392 0.0000000000
136433  -11.172  50.748  -21.759 0.0000000000
136434  -11.574  49.925  -22.206 0.0000000000
136442  -11.146  50.446  -22.625 0.0000000000
136443  -11.393  49.662  -22.991 0.0000000000
136451  -11.241  49.490  -23.416 0.0000000000
136993  -21.578  51.728  -8.983 0.0000000000
136994  -22.093  51.794  -8.621 0.0000000000
136995  -22.966  51.904  -8.549 0.0000000000
136996  -23.622  52.158  -8.722 0.0000000000
137000  -20.819  51.976  -10.146 0.0000000000
137001  -21.142  51.674  -9.752 0.0000000000
137002  -23.473  51.539  -8.796 0.0000000000
137003  -24.149  51.713  -9.080 0.0000000000
137004  -25.002  51.599  -9.670 0.0000000000
137010  -20.815  51.877  -10.698 0.0000000000
137011  -21.077  51.045  -10.969 0.0000000000
137012  -25.626  51.543  -10.505 0.0000000000
137013  -26.034  51.850  -11.131 0.0000000000
137028  -15.659  51.538  -11.855 0.0000000000
137029  -16.351  51.677  -11.604 0.0000000000
137030  -17.512  51.776  -11.457 0.0000000000
137031  -18.767  51.714  -11.648 0.0000000000
137032  -19.912  51.634  -12.052 0.0000000000
137033  -20.656  51.555  -11.837 0.0000000000
137034  -21.112  50.711  -11.926 0.0000000000
137035  -26.005  51.242  -11.096 0.0000000000
137036  -26.231  51.494  -11.758 0.0000000000
137048  -14.672  51.234  -12.858 0.0000000000
137049  -15.102  51.439  -12.383 0.0000000000
137050  -26.388  51.416  -12.757 0.0000000000
137061  -14.579  51.202  -13.426 0.0000000000
137069  -14.619  51.275  -14.377 0.0000000000
137077  -14.721  51.392  -15.490 0.0000000000
137086  -12.257  51.855  -17.254 0.0000000000
137087  -12.467  52.067  -17.319 0.0000000000
137088  -14.789  51.558  -16.582 0.0000000000
137095  -11.116  51.585  -17.692 0.0000000000
137096  -11.895  51.493  -17.340 0.0000000000
137097  -12.906  51.662  -17.409 0.0000000000
137098  -14.129  51.616  -17.804 0.0000000000
137099  -14.605  51.638  -17.412 0.0000000000
137102  -10.572  51.678  -18.296 0.0000000000
137106  -10.232  51.610  -19.212 0.0000000000
137109  -10.293  51.572  -20.274 0.0000000000
137116  -10.712  51.698  -21.265 0.0000000000
137692  -20.773  52.913  -9.187 0.0000000000
137693  -21.406  52.492  -8.805 0.0000000000
137694  -22.414  52.742  -8.425 0.0000000000
137695  -23.326  52.866  -8.491 0.0000000000
137696  -24.102  52.797  -8.796 0.0000000000
137705  -20.658  52.480  -10.064 0.0000000000
137706  -20.956  52.362  -9.397 0.0000000000
137707  -24.788  52.661  -9.357 0.0000000000
137708  -25.445  52.581  -10.045 0.0000000000
137714  -20.635  52.556  -11.223 0.0000000000
137715  -25.927  52.568  -10.832 0.0000000000
137716  -26.237  52.475  -11.658 0.0000000000
137731  -15.845  52.302  -12.126 0.0000000000
137732  -16.970  52.977  -11.844 0.0000000000
137733  -18.259  52.774  -11.634 0.0000000000
137734  -19.431  52.683  -11.817 0.0000000000
137735  -20.253  52.590  -11.928 0.0000000000
137736  -20.485  52.530  -11.722 0.0000000000
137737  -26.357  52.197  -12.427 0.0000000000
137754  -14.803  51.753  -13.080 0.0000000000
137755  -15.317  52.746  -13.107 0.0000000000
137756  -16.100  53.291  -12.458 0.0000000000
137757  -26.479  52.401  -13.320 0.0000000000
137766  -14.748  52.058  -13.841 0.0000000000
137767  -15.235  52.923  -14.389 0.0000000000
137775  -14.798  52.202  -14.876 0.0000000000
137776  -15.191  52.945  -15.264 0.0000000000
137787  -14.881  52.529  -15.981 0.0000000000
137788  -15.392  53.328  -15.878 0.0000000000
137795  -11.950  51.965  -17.202 0.0000000000
137796  -12.159  52.172  -17.239 0.0000000000
137797  -14.864  52.594  -17.097 0.0000000000
137800  -10.721  52.352  -17.801 0.0000000000
137801  -11.606  52.398  -17.344 0.0000000000
137802  -12.606  52.596  -17.429 0.0000000000
137803  -13.704  52.647  -17.910 0.0000000000
137804  -14.644  52.763  -17.914 0.0000000000
137807  -9.679  53.139  -18.860 0.0000000000
137808  -10.021  52.733  -18.576 0.0000000000
137811  -9.645  53.057  -19.307 0.0000000000
137812  -9.900  52.355  -19.705 0.0000000000
137816  -9.791  52.953  -20.102 0.0000000000
137817  -10.244  52.473  -20.658 0.0000000000
138391  -20.686  53.488  -9.092 0.0000000000
138392  -21.041  53.501  -8.757 0.0000000000
138393  -21.824  53.599  -8.411 0.0000000000
138394  -22.848  53.878  -8.262 0.0000000000
138395  -23.820  53.768  -8.565 0.0000000000
138408  -20.525  53.424  -9.648 0.0000000000
138409  -24.555  53.699  -9.118 0.0000000000
138410  -25.249  53.645  -9.770 0.0000000000
138416  -20.539  53.401  -10.703 0.0000000000
138417  -25.765  53.548  -10.552 0.0000000000
138418  -26.185  53.485  -11.415 0.0000000000
138428  -17.294  53.800  -12.071 0.0000000000
138429  -17.900  53.774  -11.839 0.0000000000
138430  -18.978  53.658  -11.821 0.0000000000
138431  -19.967  53.588  -11.986 0.0000000000
138432  -20.422  53.382  -11.633 0.0000000000
138433  -26.473  53.348  -12.568 0.0000000000
138449  -16.106  53.746  -13.187 0.0000000000
138450  -16.966  54.196  -12.690 0.0000000000
138451  -17.554  54.221  -12.232 0.0000000000
138467  -15.938  53.700  -14.111 0.0000000000
138468  -16.693  54.431  -13.852 0.0000000000
138481  -15.914  53.639  -15.275 0.0000000000
138482  -16.649  54.424  -14.949 0.0000000000
138495  -15.294  53.384  -16.649 0.0000000000
138496  -15.960  53.895  -16.262 0.0000000000
138497  -16.578  54.431  -15.946 0.0000000000
138504  -15.169  53.473  -17.460 0.0000000000
138505  -15.729  54.152  -17.006 0.0000000000
138506  -16.310  54.404  -16.499 0.0000000000
138509  -9.947  54.161  -17.958 0.0000000000
138510  -10.705  53.500  -17.594 0.0000000000
138511  -12.082  53.580  -17.389 0.0000000000
138512  -13.243  53.610  -17.707 0.0000000000
138513  -14.290  53.622  -18.069 0.0000000000
138514  -15.063  53.720  -17.927 0.0000000000
138515  -15.399  53.892  -17.591 0.0000000000
138518  -9.578  53.695  -18.766 0.0000000000
138519  -9.988  53.499  -18.164 0.0000000000
139085  -20.606  54.184  -9.092 0.0000000000
139086  -21.263  54.434  -8.553 0.0000000000
139087  -22.094  54.621  -8.280 0.0000000000
139088  -22.795  54.869  -8.350 0.0000000000
139089  -23.476  54.727  -8.525 0.0000000000
139103  -20.358  54.232  -10.111 0.0000000000
139104  -24.228  54.680  -8.955 0.0000000000
139105  -24.934  54.689  -9.585 0.0000000000
139118  -20.456  54.414  -11.237 0.0000000000
139119  -25.613  54.736  -10.443 0.0000000000
139120  -26.003  54.322  -11.115 0.0000000000
139135  -17.936  54.372  -12.149 0.0000000000
139136  -18.550  54.451  -12.158 0.0000000000
139137  -19.556  54.560  -12.180 0.0000000000
139138  -20.295  54.743  -12.038 0.0000000000
139139  -26.031  55.163  -11.307 0.0000000000
139140  -26.358  54.714  -12.068 0.0000000000
139154  -17.425  54.718  -12.982 0.0000000000
139155  -17.928  54.889  -12.759 0.0000000000
139156  -19.052  55.267  -12.673 0.0000000000
139157  -19.957  55.559  -12.670 0.0000000000
139158  -20.415  55.871  -12.584 0.0000000000
139171  -17.430  54.970  -13.526 0.0000000000
139172  -18.066  55.537  -13.523 0.0000000000
139189  -17.214  55.031  -14.562 0.0000000000
139203  -17.144  55.001  -15.605 0.0000000000
139209  -14.067  54.722  -17.284 0.0000000000
139210  -14.505  54.665  -17.244 0.0000000000
139211  -15.433  54.637  -17.059 0.0000000000
139212  -16.514  54.959  -16.504 0.0000000000
139218  -9.954  54.841  -17.885 0.0000000000
139219  -10.502  54.767  -17.622 0.0000000000
139220  -11.569  54.652  -17.478 0.0000000000
139221  -12.708  54.589  -17.602 0.0000000000
139222  -13.802  54.555  -17.601 0.0000000000
139223  -14.822  54.242  -17.719 0.0000000000
139224  -15.353  54.131  -17.551 0.0000000000
139227  -9.593  54.772  -18.350 0.0000000000
139741  -20.054  55.751  -9.225 0.0000000000
139742  -20.674  55.352  -8.803 0.0000000000
139743  -21.526  55.426  -8.422 0.0000000000
139744  -22.372  55.544  -8.383 0.0000000000
139745  -23.138  55.589  -8.529 0.0000000000
139746  -23.841  55.579  -8.880 0.0000000000
139758  -19.733  55.681  -9.949 0.0000000000
139759  -20.262  55.038  -9.555 0.0000000000
139760  -24.526  55.629  -9.408 0.0000000000
139761  -25.230  55.773  -10.106 0.0000000000
139774  -19.824  55.834  -10.947 0.0000000000
139775  -20.249  55.121  -10.613 0.0000000000
139776  -25.811  56.022  -11.088 0.0000000000
139791  -20.062  56.147  -11.562 0.0000000000
139792  -20.482  55.765  -11.899 0.0000000000
139807  -18.743  55.753  -13.353 0.0000000000
139808  -19.582  56.029  -13.312 0.0000000000
139809  -20.288  56.544  -13.367 0.0000000000
139810  -20.598  56.463  -12.839 0.0000000000
139825  -14.330  55.693  -13.898 0.0000000000
139826  -15.480  55.597  -13.722 0.0000000000
139827  -16.621  55.516  -13.776 0.0000000000
139828  -17.559  55.679  -13.743 0.0000000000
139829  -18.492  56.235  -13.710 0.0000000000
139830  -19.292  56.507  -13.717 0.0000000000
139831  -19.845  56.591  -13.685 0.0000000000
139847  -13.277  55.665  -15.248 0.0000000000
139848  -14.174  55.392  -14.931 0.0000000000
139849  -15.194  55.324  -14.741 0.0000000000
139850  -16.229  55.322  -14.774 0.0000000000
139851  -17.021  55.208  -14.812 0.0000000000
139860  -13.228  55.593  -16.276 0.0000000000
139861  -14.018  55.192  -15.920 0.0000000000
139862  -15.011  55.203  -15.713 0.0000000000
139863  -15.971  55.393  -15.676 0.0000000000
139864  -16.697  55.276  -15.717 0.0000000000
139870  -13.148  55.525  -17.088 0.0000000000
139871  -13.867  54.986  -16.920 0.0000000000
139872  -14.810  54.971  -16.582 0.0000000000
139873  -15.801  55.246  -16.421 0.0000000000
139874  -16.360  55.334  -16.167 0.0000000000
139880  -10.001  55.668  -17.875 0.0000000000
139881  -11.122  55.727  -17.541 0.0000000000
139882  -12.210  55.545  -17.566 0.0000000000
139883  -13.031  55.253  -17.540 0.0000000000
139884  -13.456  55.073  -17.330 0.0000000000
140410  -19.567  56.365  -9.382 0.0000000000
140411  -20.175  56.360  -8.827 0.0000000000
140412  -20.985  56.298  -8.478 0.0000000000
140413  -21.894  56.352  -8.411 0.0000000000
140414  -22.741  56.403  -8.539 0.0000000000
140415  -23.464  56.393  -8.821 0.0000000000
140423  -18.731  56.990  -10.447 0.0000000000
140424  -19.180  56.495  -10.255 0.0000000000
140425  -24.100  56.466  -9.250 0.0000000000
140426  -24.741  56.623  -9.844 0.0000000000
140437  -19.071  56.902  -11.095 0.0000000000
140438  -19.628  56.457  -11.273 0.0000000000
140439  -25.352  56.906  -10.716 0.0000000000
140450  -19.707  57.034  -11.671 0.0000000000
140451  -20.251  56.690  -11.970 0.0000000000
140452  -20.548  56.822  -12.637 0.0000000000
140466  -15.052  57.295  -12.754 0.0000000000
140467  -15.582  57.115  -12.729 0.0000000000
140468  -16.489  57.004  -12.695 0.0000000000
140469  -17.350  57.017  -12.812 0.0000000000
140470  -20.400  57.038  -13.735 0.0000000000
140471  -20.542  57.223  -13.448 0.0000000000
140484  -11.901  57.262  -14.020 0.0000000000
140485  -12.350  56.973  -13.794 0.0000000000
140486  -13.354  56.506  -13.534 0.0000000000
140487  -14.720  56.568  -12.959 0.0000000000
140488  -15.974  56.257  -13.037 0.0000000000
140489  -17.061  56.318  -13.215 0.0000000000
140490  -18.100  56.701  -13.376 0.0000000000
140491  -18.968  56.971  -13.767 0.0000000000
140492  -19.974  57.230  -13.931 0.0000000000
140493  -20.335  57.711  -13.725 0.0000000000
140499  -11.953  56.898  -14.330 0.0000000000
140500  -12.580  56.286  -14.508 0.0000000000
140501  -13.469  55.802  -14.349 0.0000000000
140508  -11.818  56.705  -15.097 0.0000000000
140509  -12.520  56.156  -15.678 0.0000000000
140512  -11.882  56.735  -16.206 0.0000000000
140513  -12.584  56.169  -16.740 0.0000000000
140517  -10.013  56.333  -17.919 0.0000000000
140518  -10.524  56.642  -17.772 0.0000000000
140519  -11.802  56.753  -17.398 0.0000000000
140520  -12.613  55.912  -17.359 0.0000000000
141039  -19.006  57.574  -9.127 0.0000000000
141040  -19.437  57.208  -8.944 0.0000000000
141041  -20.463  57.174  -8.517 0.0000000000
141042  -21.409  57.188  -8.389 0.0000000000
141043  -22.315  57.249  -8.514 0.0000000000
141044  -23.138  57.265  -8.815 0.0000000000
141045  -23.715  57.055  -9.114 0.0000000000
141054  -18.106  57.874  -9.920 0.0000000000
141055  -18.559  57.469  -9.672 0.0000000000
141056  -19.118  56.844  -9.496 0.0000000000
141057  -23.580  57.625  -9.186 0.0000000000
141058  -24.218  57.540  -9.616 0.0000000000
141059  -24.843  57.434  -10.273 0.0000000000
141071  -17.990  57.846  -10.408 0.0000000000
141072  -18.455  57.313  -10.878 0.0000000000
141073  -24.656  58.071  -10.300 0.0000000000
141084  -18.103  57.791  -11.646 0.0000000000
141085  -19.207  57.491  -11.950 0.0000000000
141086  -20.066  57.341  -12.310 0.0000000000
141087  -20.409  57.123  -12.468 0.0000000000
141101  -15.323  57.865  -12.827 0.0000000000
141102  -16.041  57.878  -12.763 0.0000000000
141103  -16.895  57.755  -12.649 0.0000000000
141104  -18.002  57.552  -12.674 0.0000000000
141105  -19.125  57.712  -12.746 0.0000000000
141106  -19.957  57.843  -12.840 0.0000000000
141107  -20.455  57.503  -12.870 0.0000000000
141117  -11.995  57.710  -13.687 0.0000000000
141118  -12.835  57.581  -13.325 0.0000000000
141119  -13.873  57.535  -13.072 0.0000000000
141120  -14.710  57.699  -12.875 0.0000000000
141121  -18.626  57.204  -13.376 0.0000000000
141122  -19.170  57.480  -13.428 0.0000000000
141123  -19.946  57.829  -13.461 0.0000000000
141124  -20.350  57.795  -13.368 0.0000000000
141130  -10.968  57.985  -15.165 0.0000000000
141131  -11.473  57.567  -14.485 0.0000000000
141137  -10.842  57.978  -15.977 0.0000000000
141138  -11.344  57.352  -15.587 0.0000000000
141141  -10.935  58.009  -16.866 0.0000000000
141142  -11.370  57.398  -16.577 0.0000000000
141147  -10.809  57.698  -17.615 0.0000000000
141148  -11.260  57.478  -17.169 0.0000000000
141638  -19.095  58.047  -8.927 0.0000000000
141639  -19.992  58.023  -8.599 0.0000000000
141640  -20.950  58.007  -8.461 0.0000000000
141641  -21.844  58.013  -8.505 0.0000000000
141642  -22.704  58.211  -8.832 0.0000000000
141643  -23.257  57.880  -9.031 0.0000000000
141657  -17.956  58.385  -9.829 0.0000000000
141658  -18.536  58.409  -9.285 0.0000000000
141659  -22.939  58.858  -9.234 0.0000000000
141660  -23.527  58.410  -9.408 0.0000000000
141661  -24.229  58.580  -10.038 0.0000000000
141673  -16.878  58.935  -11.298 0.0000000000
141674  -17.378  58.532  -10.760 0.0000000000
141675  -24.706  58.764  -10.700 0.0000000000
141689  -16.657  58.921  -12.036 0.0000000000
141690  -17.348  58.387  -11.852 0.0000000000
141705  -15.027  58.352  -13.066 0.0000000000
141706  -15.551  58.756  -13.166 0.0000000000
141707  -16.322  58.635  -12.730 0.0000000000
141708  -17.056  58.277  -12.438 0.0000000000
141716  -11.514  58.587  -13.877 0.0000000000
141717  -12.396  58.483  -13.381 0.0000000000
141718  -13.397  58.476  -13.202 0.0000000000
141719  -14.462  58.557  -13.207 0.0000000000
141720  -15.054  58.798  -13.393 0.0000000000
141726  -10.458  58.745  -15.284 0.0000000000
141727  -10.988  58.441  -14.582 0.0000000000
141732  -10.418  58.676  -16.369 0.0000000000
141736  -10.507  58.587  -17.281 0.0000000000
142199  -18.918  58.848  -8.972 0.0000000000
142200  -19.621  58.834  -8.788 0.0000000000
142201  -20.537  58.812  -8.706 0.0000000000
142202  -21.466  58.727  -8.701 0.0000000000
142203  -22.086  58.581  -8.704 0.0000000000
142216  -17.497  59.470  -10.034 0.0000000000
142217  -18.345  59.307  -9.375 0.0000000000
142218  -19.181  59.555  -9.041 0.0000000000
142219  -20.077  59.612  -8.938 0.0000000000
142220  -21.068  59.558  -8.963 0.0000000000
142221  -22.216  59.279  -9.071 0.0000000000
142222  -23.201  59.492  -9.789 0.0000000000
142223  -23.827  59.035  -9.914 0.0000000000
142231  -16.471  59.675  -11.310 0.0000000000
142232  -16.954  59.341  -10.717 0.0000000000
142233  -23.492  60.043  -10.353 0.0000000000
142234  -24.206  59.602  -10.629 0.0000000000
142248  -15.513  60.094  -12.840 0.0000000000
142249  -15.941  59.612  -12.408 0.0000000000
142261  -15.509  59.674  -13.331 0.0000000000
142262  -15.911  59.169  -13.035 0.0000000000
142271  -11.411  59.444  -13.805 0.0000000000
142272  -11.975  59.246  -13.481 0.0000000000
142273  -12.933  59.371  -13.362 0.0000000000
142274  -13.992  59.294  -13.527 0.0000000000
142275  -14.982  59.467  -13.850 0.0000000000
142280  -10.150  59.621  -14.955 0.0000000000
142281  -10.764  59.348  -14.325 0.0000000000
142282  -13.613  59.881  -13.669 0.0000000000
142283  -14.349  59.940  -13.984 0.0000000000
142284  -14.764  59.944  -14.181 0.0000000000
142287  -9.592  60.214  -16.124 0.0000000000
142288  -9.900  59.614  -15.856 0.0000000000
142294  -10.120  59.307  -16.911 0.0000000000
142796  -17.479  60.360  -10.063 0.0000000000
142797  -17.946  60.164  -9.685 0.0000000000
142798  -18.679  60.216  -9.417 0.0000000000
142799  -19.544  60.323  -9.294 0.0000000000
142800  -20.482  60.365  -9.285 0.0000000000
142801  -21.521  60.350  -9.442 0.0000000000
142802  -22.392  60.090  -9.665 0.0000000000
142813  -16.483  60.457  -10.992 0.0000000000
142814  -16.935  60.197  -10.505 0.0000000000
142815  -22.079  60.735  -9.881 0.0000000000
142816  -22.874  60.558  -10.216 0.0000000000
142817  -23.738  60.577  -10.699 0.0000000000
142830  -15.476  60.527  -12.317 0.0000000000
142831  -15.971  60.432  -11.564 0.0000000000
142841  -14.763  61.154  -13.444 0.0000000000
142842  -15.096  60.626  -13.174 0.0000000000
142849  -11.701  59.737  -13.644 0.0000000000
142850  -12.216  59.930  -13.540 0.0000000000
142851  -12.992  60.134  -13.581 0.0000000000
142852  -14.680  60.882  -13.836 0.0000000000
142853  -15.126  60.163  -13.985 0.0000000000
142858  -9.796  61.075  -14.814 0.0000000000
142859  -10.216  60.466  -14.566 0.0000000000
142860  -11.344  60.304  -13.853 0.0000000000
142861  -12.490  60.677  -13.838 0.0000000000
142862  -13.602  60.596  -14.054 0.0000000000
142863  -14.528  60.503  -14.075 0.0000000000
142864  -15.005  59.987  -14.249 0.0000000000
142868  -9.577  60.676  -15.443 0.0000000000
142869  -9.895  60.080  -15.145 0.0000000000
143306  -17.732  60.658  -9.947 0.0000000000
143307  -18.158  60.816  -9.807 0.0000000000
143308  -18.958  60.970  -9.650 0.0000000000
143309  -19.847  61.070  -9.617 0.0000000000
143310  -20.765  61.120  -9.659 0.0000000000
143311  -21.504  61.121  -9.849 0.0000000000
143321  -16.780  60.792  -10.692 0.0000000000
143322  -17.394  61.213  -10.409 0.0000000000
143323  -18.348  61.499  -10.090 0.0000000000
143324  -19.195  61.704  -9.992 0.0000000000
143325  -20.107  61.794  -10.021 0.0000000000
143326  -21.044  61.815  -10.063 0.0000000000
143327  -22.071  61.537  -10.260 0.0000000000
143328  -23.203  61.525  -10.697 0.0000000000
143340  -15.684  61.256  -11.755 0.0000000000
143341  -16.453  61.224  -11.133 0.0000000000
143342  -17.014  61.744  -11.069 0.0000000000
143352  -14.851  61.511  -13.042 0.0000000000
143353  -15.212  61.337  -12.450 0.0000000000
143358  -14.598  61.705  -13.679 0.0000000000
143361  -10.165  61.475  -14.589 0.0000000000
143362  -10.819  61.301  -14.223 0.0000000000
143363  -11.829  61.427  -14.105 0.0000000000
143364  -12.951  61.536  -14.315 0.0000000000
143365  -13.872  61.530  -14.584 0.0000000000
143366  -14.293  61.603  -14.330 0.0000000000
143369  -9.610  61.719  -15.078 0.0000000000
143803  -17.959  61.880  -10.530 0.0000000000
143804  -18.528  62.190  -10.510 0.0000000000
143805  -19.420  62.388  -10.489 0.0000000000
143806  -20.358  62.478  -10.544 0.0000000000
143807  -21.343  62.491  -10.576 0.0000000000
143820  -16.061  61.700  -11.601 0.0000000000
143821  -16.575  62.045  -11.514 0.0000000000
143822  -17.644  62.490  -11.297 0.0000000000
143823  -18.730  62.828  -11.083 0.0000000000
143824  -19.641  63.029  -11.125 0.0000000000
143834  -15.093  61.891  -12.637 0.0000000000
143835  -15.675  62.242  -12.167 0.0000000000
143836  -16.708  62.773  -12.019 0.0000000000
143837  -17.327  63.144  -12.084 0.0000000000
143843  -14.939  62.424  -13.103 0.0000000000
143844  -15.567  63.086  -12.890 0.0000000000
143847  -10.581  61.862  -14.453 0.0000000000
143848  -11.199  62.241  -14.418 0.0000000000
143849  -12.293  62.374  -14.532 0.0000000000
143850  -13.336  62.507  -15.028 0.0000000000
143851  -14.048  62.545  -15.115 0.0000000000
143852  -14.470  62.758  -14.216 0.0000000000
143856  -10.309  62.460  -14.741 0.0000000000
143857  -11.075  63.127  -14.783 0.0000000000
144333  -18.317  63.170  -11.601 0.0000000000
144350  -16.175  63.152  -12.540 0.0000000000
144361  -15.114  63.536  -13.569 0.0000000000
144367  -11.759  63.023  -14.749 0.0000000000
