#!ascii label  , from subject ab_data vox2ras=TkReg
2079
63454  -27.777  -19.576  24.155 0.0000000000
63455  -28.245  -19.890  24.230 0.0000000000
63456  -29.128  -20.241  24.158 0.0000000000
63457  -29.998  -20.276  23.796 0.0000000000
63467  -26.805  -19.829  23.264 0.0000000000
63468  -27.407  -20.014  23.633 0.0000000000
63469  -28.351  -20.572  23.521 0.0000000000
63470  -29.336  -20.732  23.251 0.0000000000
63471  -30.332  -20.477  22.881 0.0000000000
64842  -29.834  -19.081  25.126 0.0000000000
64843  -30.644  -19.160  24.855 0.0000000000
64844  -31.151  -19.133  24.595 0.0000000000
64857  -28.103  -19.151  24.476 0.0000000000
64858  -28.973  -19.357  24.835 0.0000000000
64859  -29.968  -19.744  24.569 0.0000000000
64860  -31.085  -19.580  23.853 0.0000000000
64861  -31.751  -19.131  23.573 0.0000000000
64876  -26.935  -19.293  23.549 0.0000000000
64877  -27.469  -19.171  24.074 0.0000000000
64878  -31.054  -19.781  22.344 0.0000000000
64879  -31.751  -19.172  22.818 0.0000000000
64880  -32.037  -18.885  22.483 0.0000000000
64892  -26.446  -19.481  22.979 0.0000000000
64895  -31.821  -18.975  22.164 0.0000000000
66173  -29.368  -18.401  25.170 0.0000000000
66174  -30.295  -18.385  25.336 0.0000000000
66175  -31.342  -18.530  24.972 0.0000000000
66176  -31.897  -18.227  24.742 0.0000000000
66184  -27.852  -18.392  24.264 0.0000000000
66185  -28.573  -18.396  24.761 0.0000000000
66186  -31.437  -19.035  24.444 0.0000000000
66187  -32.032  -18.682  24.129 0.0000000000
66188  -32.546  -18.273  23.764 0.0000000000
66200  -26.652  -18.690  23.159 0.0000000000
66201  -27.228  -18.515  23.695 0.0000000000
66202  -32.026  -18.918  23.402 0.0000000000
66203  -32.456  -18.549  23.031 0.0000000000
67475  -28.978  -17.716  25.018 0.0000000000
67476  -29.744  -17.386  25.374 0.0000000000
67477  -30.881  -17.499  25.498 0.0000000000
67478  -31.952  -17.543  25.073 0.0000000000
67479  -32.493  -17.065  24.880 0.0000000000
67491  -27.639  -17.817  23.808 0.0000000000
67492  -28.398  -17.378  24.368 0.0000000000
67493  -29.054  -17.033  24.987 0.0000000000
67494  -32.200  -18.052  24.598 0.0000000000
67495  -32.769  -17.636  24.219 0.0000000000
67496  -33.404  -17.225  23.622 0.0000000000
67514  -26.539  -18.358  22.767 0.0000000000
67515  -27.017  -17.812  23.046 0.0000000000
67516  -27.846  -17.083  23.477 0.0000000000
67517  -32.778  -18.085  23.571 0.0000000000
67518  -33.173  -17.752  23.204 0.0000000000
67536  -26.373  -18.099  22.272 0.0000000000
67537  -26.849  -17.363  22.057 0.0000000000
67561  -26.817  -17.062  21.128 0.0000000000
67580  -26.943  -16.828  20.398 0.0000000000
68693  -29.497  -16.252  25.189 0.0000000000
68694  -30.444  -16.431  25.475 0.0000000000
68695  -31.414  -16.571  25.425 0.0000000000
68696  -32.168  -16.514  25.153 0.0000000000
68710  -28.405  -16.173  23.915 0.0000000000
68711  -28.850  -16.452  24.682 0.0000000000
68712  -32.819  -16.498  24.671 0.0000000000
68713  -33.482  -16.640  23.996 0.0000000000
68730  -27.495  -16.904  22.650 0.0000000000
68731  -27.966  -16.355  23.099 0.0000000000
68746  -27.399  -16.667  21.764 0.0000000000
68747  -27.874  -16.163  22.327 0.0000000000
68768  -27.407  -16.489  20.898 0.0000000000
68769  -27.872  -16.053  21.421 0.0000000000
68792  -27.426  -16.422  20.053 0.0000000000
68793  -27.915  -15.973  20.536 0.0000000000
68801  -27.421  -16.511  19.172 0.0000000000
68802  -28.046  -15.989  19.610 0.0000000000
69977  -29.582  -15.627  25.071 0.0000000000
69978  -30.106  -15.483  25.229 0.0000000000
69979  -31.159  -15.518  25.277 0.0000000000
69980  -31.777  -15.996  25.282 0.0000000000
69992  -28.597  -15.055  23.920 0.0000000000
69993  -29.134  -15.481  24.690 0.0000000000
69994  -29.675  -15.322  25.005 0.0000000000
69995  -31.639  -14.943  24.966 0.0000000000
69996  -32.277  -15.480  24.902 0.0000000000
69997  -33.281  -15.665  24.316 0.0000000000
70010  -28.127  -15.428  23.054 0.0000000000
70011  -34.040  -15.828  23.714 0.0000000000
70024  -27.986  -15.403  21.943 0.0000000000
70042  -28.214  -15.446  20.979 0.0000000000
70068  -28.371  -15.532  20.133 0.0000000000
71205  -30.180  -15.088  25.095 0.0000000000
71206  -30.487  -15.052  25.111 0.0000000000
71212  -28.713  -14.596  23.874 0.0000000000
71213  -29.098  -14.411  24.176 0.0000000000
71214  -29.956  -14.755  24.871 0.0000000000
71215  -31.036  -14.501  24.877 0.0000000000
71216  -32.034  -14.384  24.605 0.0000000000
71217  -33.055  -14.561  24.279 0.0000000000
71218  -34.051  -14.336  24.125 0.0000000000
71219  -34.951  -14.326  24.043 0.0000000000
71229  -28.495  -14.333  23.459 0.0000000000
71230  -28.939  -13.837  23.778 0.0000000000
71231  -33.757  -15.057  23.993 0.0000000000
71232  -34.439  -14.983  23.631 0.0000000000
71245  -28.040  -14.572  22.420 0.0000000000
71264  -28.106  -14.770  21.388 0.0000000000
71287  -28.604  -14.929  20.262 0.0000000000
72569  -29.737  -14.051  24.407 0.0000000000
72570  -30.406  -13.775  24.465 0.0000000000
72571  -31.547  -13.350  24.334 0.0000000000
72572  -32.632  -13.521  24.351 0.0000000000
72573  -33.631  -13.520  24.379 0.0000000000
72574  -34.622  -13.576  24.451 0.0000000000
72575  -35.569  -13.647  24.361 0.0000000000
72586  -28.752  -13.319  23.363 0.0000000000
72587  -29.578  -13.364  23.905 0.0000000000
72588  -30.658  -12.879  24.023 0.0000000000
72589  -31.295  -12.656  24.084 0.0000000000
72607  -27.925  -13.027  22.024 0.0000000000
72608  -28.194  -13.579  22.659 0.0000000000
72628  -27.719  -13.331  21.218 0.0000000000
72629  -27.897  -13.931  21.787 0.0000000000
72645  -27.835  -13.598  20.415 0.0000000000
72646  -28.014  -14.186  20.830 0.0000000000
72660  -27.924  -13.405  19.614 0.0000000000
72661  -28.410  -14.203  19.825 0.0000000000
72666  -27.947  -13.123  18.726 0.0000000000
72667  -28.908  -13.943  18.744 0.0000000000
72672  -27.842  -12.857  18.160 0.0000000000
72673  -28.447  -13.324  17.798 0.0000000000
72678  -28.511  -13.195  17.110 0.0000000000
72679  -29.226  -13.423  17.074 0.0000000000
73952  -32.369  -12.780  24.296 0.0000000000
73953  -33.218  -12.450  24.449 0.0000000000
73954  -34.299  -12.676  24.606 0.0000000000
73955  -35.297  -12.814  24.619 0.0000000000
73956  -36.230  -12.924  24.415 0.0000000000
73967  -29.178  -12.634  23.345 0.0000000000
73968  -30.019  -12.120  23.455 0.0000000000
73969  -31.105  -12.105  23.811 0.0000000000
73970  -31.907  -12.272  24.156 0.0000000000
73971  -32.559  -12.234  24.325 0.0000000000
73987  -28.084  -12.523  22.053 0.0000000000
73988  -28.526  -12.363  22.593 0.0000000000
73989  -29.234  -12.139  23.113 0.0000000000
74005  -27.822  -12.474  21.545 0.0000000000
74006  -28.136  -12.252  21.999 0.0000000000
74019  -27.557  -12.675  20.535 0.0000000000
74031  -27.521  -12.459  19.484 0.0000000000
74039  -27.551  -12.342  18.570 0.0000000000
74042  -27.710  -12.470  17.570 0.0000000000
74043  -28.166  -13.013  17.203 0.0000000000
74045  -27.649  -12.056  16.919 0.0000000000
74046  -28.387  -12.677  16.496 0.0000000000
74047  -29.980  -13.072  16.400 0.0000000000
74052  -28.581  -12.106  15.688 0.0000000000
74053  -29.521  -12.500  15.711 0.0000000000
74062  -28.486  -11.716  15.345 0.0000000000
74063  -29.027  -11.989  15.050 0.0000000000
75296  -33.478  -11.661  24.409 0.0000000000
75297  -34.099  -11.767  24.500 0.0000000000
75298  -35.025  -11.924  24.426 0.0000000000
75299  -35.957  -12.098  24.258 0.0000000000
75300  -36.821  -12.255  24.112 0.0000000000
75301  -37.307  -12.426  23.959 0.0000000000
75310  -30.145  -11.026  23.078 0.0000000000
75311  -30.924  -11.264  23.441 0.0000000000
75312  -31.813  -11.338  23.820 0.0000000000
75313  -32.832  -11.446  24.218 0.0000000000
75314  -33.853  -11.158  24.089 0.0000000000
75315  -34.738  -11.208  23.895 0.0000000000
75316  -35.673  -11.279  23.827 0.0000000000
75317  -36.640  -11.422  23.845 0.0000000000
75318  -37.661  -11.758  23.690 0.0000000000
75333  -28.893  -11.225  22.192 0.0000000000
75334  -29.374  -11.547  22.854 0.0000000000
75351  -27.722  -11.882  21.049 0.0000000000
75352  -28.231  -11.719  21.705 0.0000000000
75364  -27.609  -11.523  20.215 0.0000000000
75365  -28.089  -11.240  20.957 0.0000000000
75375  -27.506  -11.541  19.196 0.0000000000
75384  -27.473  -11.476  18.291 0.0000000000
75390  -27.528  -11.388  17.411 0.0000000000
75392  -27.739  -11.435  16.463 0.0000000000
75393  -28.137  -11.975  16.052 0.0000000000
75395  -27.754  -10.923  15.725 0.0000000000
75396  -28.123  -11.569  15.695 0.0000000000
75401  -27.802  -10.676  15.309 0.0000000000
75402  -28.267  -11.195  14.998 0.0000000000
76700  -30.302  -10.466  22.735 0.0000000000
76701  -30.846  -10.465  23.010 0.0000000000
76702  -31.689  -10.537  23.307 0.0000000000
76703  -32.622  -10.623  23.510 0.0000000000
76704  -33.563  -10.701  23.517 0.0000000000
76705  -34.424  -10.721  23.372 0.0000000000
76706  -35.339  -10.440  23.185 0.0000000000
76707  -36.346  -10.534  23.483 0.0000000000
76708  -37.349  -10.627  23.572 0.0000000000
76709  -38.422  -10.624  23.447 0.0000000000
76721  -29.175  -10.646  21.905 0.0000000000
76722  -29.701  -10.566  22.382 0.0000000000
76723  -30.647  -9.969  22.262 0.0000000000
76724  -31.585  -10.012  22.596 0.0000000000
76725  -32.486  -10.130  22.750 0.0000000000
76726  -33.382  -10.264  22.817 0.0000000000
76727  -34.233  -10.342  22.822 0.0000000000
76728  -34.779  -10.334  22.916 0.0000000000
76740  -28.713  -10.737  21.395 0.0000000000
76741  -29.500  -10.120  21.567 0.0000000000
76742  -30.033  -9.994  21.936 0.0000000000
76756  -27.763  -10.843  19.629 0.0000000000
76757  -28.352  -10.439  20.317 0.0000000000
76758  -29.042  -10.027  20.905 0.0000000000
76773  -27.721  -10.749  18.896 0.0000000000
76774  -28.200  -10.278  19.362 0.0000000000
76789  -27.669  -10.445  18.081 0.0000000000
76790  -28.083  -10.106  18.714 0.0000000000
76802  -27.537  -10.456  17.185 0.0000000000
76804  -27.448  -10.323  16.357 0.0000000000
76806  -27.522  -10.237  15.607 0.0000000000
76811  -27.796  -10.321  14.962 0.0000000000
76812  -28.472  -10.416  14.299 0.0000000000
78018  -35.550  -9.875  22.796 0.0000000000
78019  -36.111  -9.711  22.955 0.0000000000
78020  -36.998  -9.765  23.361 0.0000000000
78021  -38.010  -9.718  23.454 0.0000000000
78022  -39.262  -9.487  23.275 0.0000000000
78033  -30.982  -9.625  21.733 0.0000000000
78034  -31.515  -9.674  21.905 0.0000000000
78035  -32.341  -9.744  22.010 0.0000000000
78036  -33.222  -9.853  22.101 0.0000000000
78037  -34.083  -9.930  22.233 0.0000000000
78038  -35.064  -9.753  22.405 0.0000000000
78039  -35.685  -9.594  22.632 0.0000000000
78040  -39.730  -8.847  22.900 0.0000000000
78055  -29.661  -9.645  20.876 0.0000000000
78056  -30.424  -9.584  21.355 0.0000000000
78057  -31.362  -9.393  21.344 0.0000000000
78058  -32.136  -9.378  21.431 0.0000000000
78059  -33.027  -9.385  21.288 0.0000000000
78060  -33.951  -9.523  21.602 0.0000000000
78061  -34.523  -9.538  21.914 0.0000000000
78075  -28.744  -9.852  19.616 0.0000000000
78076  -29.279  -9.625  20.154 0.0000000000
78077  -30.238  -9.246  20.241 0.0000000000
78078  -31.115  -9.136  20.688 0.0000000000
78079  -31.982  -9.042  20.917 0.0000000000
78080  -32.535  -9.168  21.029 0.0000000000
78089  -28.638  -9.751  18.959 0.0000000000
78090  -29.309  -9.285  19.255 0.0000000000
78091  -29.775  -9.245  19.743 0.0000000000
78104  -27.761  -9.798  17.651 0.0000000000
78105  -28.344  -9.440  18.214 0.0000000000
78106  -28.865  -9.284  18.748 0.0000000000
78124  -27.591  -9.405  17.028 0.0000000000
78125  -28.003  -9.335  17.598 0.0000000000
78142  -27.269  -9.476  16.024 0.0000000000
78148  -27.511  -9.672  15.285 0.0000000000
78152  -27.794  -9.578  14.591 0.0000000000
78153  -28.381  -9.538  14.024 0.0000000000
79245  -36.265  -9.302  22.765 0.0000000000
79246  -36.659  -9.180  22.953 0.0000000000
79247  -37.545  -9.004  23.222 0.0000000000
79248  -38.439  -8.941  23.255 0.0000000000
79263  -35.337  -9.222  22.081 0.0000000000
79264  -35.984  -9.017  22.370 0.0000000000
79265  -37.086  -8.444  22.717 0.0000000000
79266  -38.116  -8.270  22.890 0.0000000000
79267  -39.187  -8.445  22.816 0.0000000000
79268  -40.090  -8.445  22.454 0.0000000000
79284  -33.252  -9.122  20.912 0.0000000000
79285  -33.741  -9.086  20.980 0.0000000000
79286  -34.946  -8.887  21.476 0.0000000000
79287  -35.944  -8.218  21.592 0.0000000000
79306  -30.433  -8.931  19.886 0.0000000000
79307  -30.848  -8.814  20.036 0.0000000000
79308  -31.776  -8.676  20.296 0.0000000000
79309  -32.945  -8.836  20.542 0.0000000000
79310  -34.179  -8.410  20.402 0.0000000000
79311  -35.023  -8.138  20.578 0.0000000000
79328  -29.565  -8.899  19.067 0.0000000000
79329  -30.163  -8.710  19.425 0.0000000000
79330  -31.320  -8.264  19.712 0.0000000000
79331  -32.412  -8.172  19.855 0.0000000000
79332  -33.437  -8.044  19.832 0.0000000000
79333  -34.195  -7.777  19.793 0.0000000000
79344  -28.638  -8.947  18.075 0.0000000000
79345  -29.155  -8.662  18.563 0.0000000000
79346  -29.962  -8.020  18.872 0.0000000000
79353  -27.780  -8.834  17.060 0.0000000000
79354  -28.311  -8.673  17.523 0.0000000000
79355  -29.022  -8.000  17.883 0.0000000000
79373  -27.661  -8.475  16.530 0.0000000000
79374  -28.176  -8.066  17.002 0.0000000000
79393  -27.428  -8.766  15.264 0.0000000000
79401  -27.910  -8.637  14.114 0.0000000000
79402  -28.479  -9.050  13.793 0.0000000000
79407  -28.181  -8.097  13.770 0.0000000000
79408  -28.805  -8.536  13.575 0.0000000000
80497  -36.694  -7.927  22.017 0.0000000000
80498  -37.672  -7.675  22.273 0.0000000000
80499  -38.740  -7.638  22.243 0.0000000000
80500  -39.719  -7.844  22.072 0.0000000000
80501  -40.235  -8.064  21.986 0.0000000000
80513  -35.623  -7.893  20.920 0.0000000000
80514  -36.462  -7.426  21.124 0.0000000000
80515  -37.261  -7.247  21.544 0.0000000000
80516  -38.209  -7.102  21.599 0.0000000000
80532  -34.831  -7.777  19.980 0.0000000000
80533  -35.445  -7.592  20.234 0.0000000000
80534  -36.032  -7.295  20.369 0.0000000000
80549  -29.853  -6.920  19.135 0.0000000000
80550  -30.598  -7.516  19.480 0.0000000000
80551  -31.838  -7.464  19.891 0.0000000000
80552  -32.912  -7.310  19.850 0.0000000000
80553  -33.828  -7.215  19.599 0.0000000000
80554  -34.632  -7.236  19.483 0.0000000000
80555  -35.368  -7.225  19.675 0.0000000000
80556  -35.764  -7.176  19.950 0.0000000000
80569  -29.462  -7.508  18.449 0.0000000000
80570  -29.947  -7.539  18.997 0.0000000000
80578  -28.647  -7.469  17.368 0.0000000000
80579  -29.063  -7.515  17.915 0.0000000000
80585  -27.766  -7.796  16.260 0.0000000000
80586  -28.087  -7.619  16.618 0.0000000000
80603  -27.597  -7.810  15.731 0.0000000000
80614  -27.578  -7.758  14.756 0.0000000000
80622  -27.849  -7.671  13.983 0.0000000000
80623  -28.396  -7.575  13.645 0.0000000000
80624  -29.157  -7.532  13.370 0.0000000000
81689  -36.661  -7.084  20.892 0.0000000000
81690  -36.932  -6.921  20.974 0.0000000000
81691  -37.665  -6.714  21.038 0.0000000000
81703  -30.590  -5.899  20.074 0.0000000000
81704  -30.920  -5.972  20.220 0.0000000000
81705  -31.607  -5.982  20.337 0.0000000000
81706  -36.562  -6.939  20.571 0.0000000000
81707  -37.112  -6.502  20.424 0.0000000000
81720  -29.728  -6.245  19.277 0.0000000000
81721  -30.323  -6.227  19.815 0.0000000000
81722  -31.271  -6.659  20.074 0.0000000000
81723  -32.367  -6.405  20.205 0.0000000000
81724  -33.414  -6.386  19.744 0.0000000000
81725  -34.332  -6.378  19.276 0.0000000000
81726  -35.179  -6.689  19.129 0.0000000000
81727  -36.216  -6.588  19.561 0.0000000000
81743  -29.008  -5.972  18.142 0.0000000000
81744  -29.284  -6.253  18.566 0.0000000000
81745  -34.925  -6.031  18.852 0.0000000000
81761  -28.874  -6.286  17.679 0.0000000000
81762  -29.084  -7.014  17.983 0.0000000000
81768  -27.888  -7.320  16.112 0.0000000000
81769  -28.378  -6.558  16.500 0.0000000000
81784  -27.868  -6.898  15.380 0.0000000000
81785  -28.356  -6.065  15.573 0.0000000000
81803  -27.862  -6.973  14.316 0.0000000000
81804  -28.320  -6.187  14.674 0.0000000000
81812  -28.038  -7.154  13.822 0.0000000000
81813  -28.557  -6.613  13.738 0.0000000000
81814  -29.430  -6.583  13.259 0.0000000000
82811  -30.609  -5.462  20.108 0.0000000000
82812  -31.291  -5.394  20.353 0.0000000000
82813  -32.092  -5.352  20.307 0.0000000000
82819  -29.665  -5.461  19.384 0.0000000000
82820  -30.195  -5.485  19.828 0.0000000000
82821  -32.998  -5.404  19.977 0.0000000000
82822  -33.807  -5.505  19.420 0.0000000000
82823  -34.488  -5.431  18.939 0.0000000000
82834  -28.847  -5.355  18.190 0.0000000000
82835  -29.187  -5.405  18.801 0.0000000000
82836  -35.035  -5.428  18.390 0.0000000000
82854  -28.589  -5.418  17.158 0.0000000000
82866  -28.505  -5.389  16.142 0.0000000000
82877  -28.637  -5.329  15.151 0.0000000000
82897  -28.956  -5.439  14.083 0.0000000000
82898  -29.439  -5.011  13.772 0.0000000000
82910  -29.174  -6.006  13.583 0.0000000000
82911  -29.638  -5.483  13.281 0.0000000000
83948  -30.577  -5.024  20.093 0.0000000000
83949  -30.898  -4.860  20.237 0.0000000000
83950  -31.598  -4.770  20.221 0.0000000000
83955  -29.752  -4.679  19.365 0.0000000000
83956  -30.353  -4.739  19.778 0.0000000000
83957  -31.251  -4.265  19.759 0.0000000000
83958  -32.342  -4.380  19.710 0.0000000000
83959  -33.350  -4.682  19.388 0.0000000000
83960  -34.020  -4.818  19.054 0.0000000000
83963  -28.765  -4.447  18.287 0.0000000000
83964  -29.222  -4.512  18.858 0.0000000000
83965  -32.976  -4.111  19.042 0.0000000000
83966  -33.599  -4.254  18.747 0.0000000000
83967  -34.410  -4.543  18.363 0.0000000000
83982  -28.540  -4.451  17.664 0.0000000000
84001  -28.371  -4.487  16.705 0.0000000000
84012  -28.480  -4.485  15.697 0.0000000000
84028  -28.789  -4.417  14.677 0.0000000000
84029  -29.215  -4.660  14.037 0.0000000000
84041  -29.051  -4.060  13.997 0.0000000000
84042  -29.455  -4.453  13.465 0.0000000000
85161  -29.987  -4.054  19.183 0.0000000000
85162  -30.758  -3.868  19.241 0.0000000000
85163  -31.530  -3.493  19.093 0.0000000000
85164  -32.522  -3.556  19.070 0.0000000000
85167  -28.804  -3.509  18.145 0.0000000000
85168  -29.665  -3.401  18.605 0.0000000000
85169  -30.456  -3.384  18.803 0.0000000000
85170  -30.925  -3.433  18.944 0.0000000000
85171  -33.196  -3.589  18.748 0.0000000000
85172  -33.833  -3.606  18.380 0.0000000000
85173  -34.377  -3.617  17.906 0.0000000000
85176  -28.337  -3.510  17.198 0.0000000000
85190  -27.886  -2.997  15.699 0.0000000000
85191  -28.157  -3.623  16.200 0.0000000000
85201  -27.913  -3.066  14.949 0.0000000000
85202  -28.264  -3.683  15.259 0.0000000000
85219  -27.988  -2.988  14.531 0.0000000000
85220  -28.372  -3.432  14.319 0.0000000000
85235  -29.013  -3.474  13.291 0.0000000000
85236  -29.541  -3.984  12.977 0.0000000000
85247  -29.147  -3.063  12.707 0.0000000000
86376  -30.732  -2.068  18.912 0.0000000000
86377  -31.137  -2.411  19.061 0.0000000000
86378  -32.209  -2.665  19.274 0.0000000000
86379  -33.136  -2.520  19.387 0.0000000000
86380  -33.906  -2.407  19.264 0.0000000000
86384  -28.884  -2.871  17.981 0.0000000000
86385  -29.339  -2.581  18.049 0.0000000000
86386  -30.373  -2.367  18.543 0.0000000000
86387  -30.919  -3.049  18.756 0.0000000000
86388  -32.887  -3.039  18.954 0.0000000000
86389  -33.516  -2.945  18.790 0.0000000000
86390  -34.332  -2.709  18.498 0.0000000000
86391  -34.928  -2.463  18.081 0.0000000000
86395  -28.725  -2.583  17.565 0.0000000000
86396  -29.210  -1.871  17.622 0.0000000000
86397  -34.670  -3.001  17.773 0.0000000000
86398  -35.181  -2.720  17.293 0.0000000000
86410  -27.892  -2.471  15.825 0.0000000000
86411  -28.153  -2.474  16.488 0.0000000000
86413  -35.900  -2.464  15.881 0.0000000000
86422  -27.803  -2.486  15.312 0.0000000000
86433  -27.813  -2.542  14.630 0.0000000000
86434  -28.009  -2.843  14.254 0.0000000000
86447  -27.869  -2.471  14.133 0.0000000000
86448  -28.167  -2.706  13.694 0.0000000000
86459  -28.595  -2.543  12.811 0.0000000000
87586  -33.133  -1.119  20.347 0.0000000000
87587  -34.083  -1.122  20.225 0.0000000000
87588  -34.576  -1.014  19.995 0.0000000000
87593  -30.710  -1.423  19.117 0.0000000000
87594  -31.658  -1.676  19.615 0.0000000000
87595  -32.645  -1.844  19.860 0.0000000000
87596  -33.634  -1.852  19.864 0.0000000000
87597  -34.708  -1.594  19.387 0.0000000000
87598  -35.388  -1.218  19.112 0.0000000000
87602  -29.740  -1.414  18.027 0.0000000000
87603  -30.254  -1.450  18.525 0.0000000000
87604  -34.893  -2.126  18.571 0.0000000000
87605  -35.534  -1.633  18.247 0.0000000000
87606  -36.234  -1.039  18.025 0.0000000000
87609  -28.842  -1.437  17.073 0.0000000000
87610  -29.305  -1.303  17.554 0.0000000000
87611  -35.741  -2.062  16.879 0.0000000000
87612  -36.241  -1.336  17.314 0.0000000000
87623  -27.920  -1.968  15.723 0.0000000000
87624  -28.358  -1.389  16.185 0.0000000000
87625  -35.870  -2.264  16.258 0.0000000000
87626  -36.454  -1.699  16.128 0.0000000000
87627  -37.098  -1.178  16.003 0.0000000000
87638  -27.767  -1.895  14.983 0.0000000000
87639  -28.081  -1.224  15.385 0.0000000000
87640  -36.607  -2.062  15.001 0.0000000000
87641  -37.268  -1.420  15.364 0.0000000000
87642  -37.827  -1.089  15.198 0.0000000000
87652  -27.743  -2.001  14.256 0.0000000000
87653  -27.938  -1.255  14.514 0.0000000000
87656  -37.819  -1.361  14.616 0.0000000000
87669  -27.851  -2.221  13.864 0.0000000000
87670  -28.019  -1.649  13.506 0.0000000000
87682  -28.499  -1.542  12.508 0.0000000000
88663  -31.897  0.095  20.083 0.0000000000
88664  -32.697  -0.227  20.439 0.0000000000
88665  -33.566  -0.347  20.492 0.0000000000
88666  -34.505  -0.347  20.239 0.0000000000
88667  -34.930  0.101  20.138 0.0000000000
88672  -30.814  -0.148  19.145 0.0000000000
88673  -31.365  -0.576  19.659 0.0000000000
88674  -32.188  -0.923  20.127 0.0000000000
88675  -34.826  -0.867  19.848 0.0000000000
88676  -35.367  -0.441  19.604 0.0000000000
88677  -35.987  0.030  19.317 0.0000000000
88680  -29.801  -0.690  17.992 0.0000000000
88681  -30.237  -0.554  18.440 0.0000000000
88682  -35.671  -0.990  18.965 0.0000000000
88683  -36.157  -0.520  18.722 0.0000000000
88686  -29.140  -0.780  16.921 0.0000000000
88687  -29.552  -0.548  17.447 0.0000000000
88688  -29.926  -0.342  17.915 0.0000000000
88689  -36.779  -0.508  17.702 0.0000000000
88690  -37.293  -0.114  17.431 0.0000000000
88699  -28.866  -0.788  16.488 0.0000000000
88700  -29.319  -0.315  16.696 0.0000000000
88701  -36.700  -1.032  16.935 0.0000000000
88702  -37.328  -0.577  16.628 0.0000000000
88703  -37.977  -0.220  16.289 0.0000000000
88712  -28.632  -0.569  15.808 0.0000000000
88713  -29.110  -0.306  16.182 0.0000000000
88714  -37.373  -0.980  15.932 0.0000000000
88715  -37.796  -0.706  15.752 0.0000000000
88730  -28.383  -0.482  14.967 0.0000000000
88731  -38.334  -0.686  15.046 0.0000000000
88732  -38.834  -0.361  14.527 0.0000000000
88744  -28.354  -0.529  14.031 0.0000000000
88745  -38.403  -0.977  14.143 0.0000000000
88746  -38.955  -0.409  13.742 0.0000000000
88753  -28.631  -0.528  13.020 0.0000000000
88754  -29.094  -0.099  12.363 0.0000000000
88755  -38.565  -1.148  13.366 0.0000000000
88756  -39.011  -0.763  12.591 0.0000000000
88761  -28.797  -0.794  12.208 0.0000000000
89752  -31.836  0.991  19.894 0.0000000000
89753  -32.429  0.654  20.353 0.0000000000
89754  -33.085  0.356  20.585 0.0000000000
89755  -33.781  0.474  20.572 0.0000000000
89756  -34.537  0.603  20.414 0.0000000000
89762  -30.970  0.359  19.075 0.0000000000
89763  -31.306  0.605  19.329 0.0000000000
89764  -35.188  0.622  20.131 0.0000000000
89765  -35.799  0.619  19.662 0.0000000000
89768  -30.876  0.560  18.645 0.0000000000
89769  -31.221  1.040  18.863 0.0000000000
89770  -36.419  0.531  19.112 0.0000000000
89771  -36.932  0.787  18.690 0.0000000000
89776  -29.844  0.010  17.388 0.0000000000
89777  -30.300  0.311  17.636 0.0000000000
89778  -36.757  0.145  18.468 0.0000000000
89779  -37.338  0.479  18.029 0.0000000000
89780  -37.912  0.739  17.620 0.0000000000
89789  -29.800  0.146  17.006 0.0000000000
89790  -30.569  0.650  16.577 0.0000000000
89791  -37.636  0.183  17.324 0.0000000000
89792  -38.238  0.410  16.877 0.0000000000
89793  -38.905  0.743  16.386 0.0000000000
89801  -29.121  -0.165  15.859 0.0000000000
89802  -29.716  0.199  16.055 0.0000000000
89803  -30.968  0.697  15.581 0.0000000000
89805  -38.509  0.014  15.887 0.0000000000
89806  -39.217  0.689  15.641 0.0000000000
89822  -29.095  -0.040  15.394 0.0000000000
89823  -29.964  0.362  15.071 0.0000000000
89824  -31.012  0.744  14.661 0.0000000000
89826  -38.908  -0.014  15.145 0.0000000000
89827  -39.332  0.470  14.544 0.0000000000
89835  -29.027  0.088  14.565 0.0000000000
89836  -29.846  0.487  14.148 0.0000000000
89838  -39.439  0.421  13.308 0.0000000000
89846  -28.983  0.104  13.755 0.0000000000
89847  -29.567  0.410  13.112 0.0000000000
89851  -39.417  0.292  12.063 0.0000000000
90833  -31.709  1.651  19.849 0.0000000000
90834  -32.175  1.441  20.235 0.0000000000
90835  -32.986  1.222  20.572 0.0000000000
90836  -33.909  1.361  20.586 0.0000000000
90837  -34.729  1.435  20.433 0.0000000000
90844  -31.502  1.446  19.484 0.0000000000
90845  -35.467  1.474  20.092 0.0000000000
90846  -36.215  1.508  19.586 0.0000000000
90847  -36.777  1.854  19.279 0.0000000000
90851  -31.135  1.386  18.576 0.0000000000
90852  -31.188  1.608  19.030 0.0000000000
90853  -36.754  1.240  19.094 0.0000000000
90854  -37.314  1.532  18.718 0.0000000000
90855  -37.903  1.843  18.322 0.0000000000
90861  -30.991  1.320  17.960 0.0000000000
90862  -37.802  1.204  18.097 0.0000000000
90863  -38.395  1.511  17.663 0.0000000000
90864  -38.992  1.882  17.150 0.0000000000
90871  -30.898  1.223  17.025 0.0000000000
90872  -38.834  1.203  16.930 0.0000000000
90873  -39.338  1.593  16.387 0.0000000000
90881  -31.361  1.111  16.135 0.0000000000
90883  -39.617  1.619  15.273 0.0000000000
90898  -39.742  1.567  14.064 0.0000000000
90907  -39.838  1.477  12.782 0.0000000000
90908  -39.825  1.843  12.250 0.0000000000
90918  -39.722  1.335  11.708 0.0000000000
90919  -39.814  1.952  11.963 0.0000000000
92001  -31.830  2.031  20.069 0.0000000000
92002  -32.420  2.066  20.353 0.0000000000
92003  -33.237  2.137  20.509 0.0000000000
92004  -34.111  2.244  20.490 0.0000000000
92005  -34.942  2.287  20.332 0.0000000000
92014  -30.751  2.528  19.070 0.0000000000
92015  -31.241  2.287  19.408 0.0000000000
92016  -35.656  2.363  19.967 0.0000000000
92017  -36.347  2.508  19.560 0.0000000000
92018  -37.019  2.503  19.156 0.0000000000
92023  -30.231  2.723  18.265 0.0000000000
92024  -30.704  2.322  18.571 0.0000000000
92025  -31.065  2.091  19.004 0.0000000000
92026  -37.575  2.516  18.672 0.0000000000
92027  -38.168  2.540  18.192 0.0000000000
92032  -30.174  2.614  17.815 0.0000000000
92033  -30.748  1.998  17.434 0.0000000000
92034  -38.691  2.585  17.566 0.0000000000
92035  -39.195  2.616  16.872 0.0000000000
92040  -29.505  2.706  16.403 0.0000000000
92041  -30.021  2.522  16.747 0.0000000000
92042  -31.038  1.778  16.422 0.0000000000
92043  -39.532  2.618  15.980 0.0000000000
92050  -29.759  2.531  15.802 0.0000000000
92051  -30.957  2.213  15.719 0.0000000000
92054  -39.662  2.887  14.818 0.0000000000
92063  -29.618  2.650  14.738 0.0000000000
92064  -30.708  2.357  14.777 0.0000000000
92067  -39.743  2.632  13.506 0.0000000000
92076  -29.373  2.776  14.105 0.0000000000
92077  -30.281  2.564  13.660 0.0000000000
92080  -39.731  2.435  12.400 0.0000000000
92081  -39.818  2.089  12.240 0.0000000000
92092  -39.701  2.270  11.443 0.0000000000
92093  -39.763  2.193  12.040 0.0000000000
92122  -29.778  3.201  9.987 0.0000000000
93064  -31.850  2.669  20.080 0.0000000000
93065  -32.584  2.843  20.341 0.0000000000
93066  -33.426  3.009  20.402 0.0000000000
93067  -34.351  3.138  20.288 0.0000000000
93068  -35.114  2.952  20.116 0.0000000000
93078  -30.099  3.303  18.819 0.0000000000
93079  -30.433  3.035  19.098 0.0000000000
93080  -31.286  3.323  19.682 0.0000000000
93081  -34.859  3.520  19.957 0.0000000000
93082  -35.632  3.333  19.715 0.0000000000
93083  -36.533  3.377  19.252 0.0000000000
93084  -37.183  3.146  18.926 0.0000000000
93089  -29.392  3.593  18.036 0.0000000000
93090  -29.863  3.232  18.372 0.0000000000
93091  -30.299  2.858  18.715 0.0000000000
93092  -36.923  3.690  18.793 0.0000000000
93093  -37.587  3.488  18.397 0.0000000000
93094  -38.289  3.266  17.920 0.0000000000
93098  -29.190  3.545  17.639 0.0000000000
93099  -29.571  3.000  17.369 0.0000000000
93100  -37.956  3.873  17.816 0.0000000000
93101  -38.589  3.623  17.203 0.0000000000
93102  -39.157  3.309  16.477 0.0000000000
93106  -28.275  3.578  16.220 0.0000000000
93107  -28.863  3.182  16.604 0.0000000000
93108  -29.459  2.891  16.925 0.0000000000
93109  -38.741  3.963  16.359 0.0000000000
93110  -39.239  3.561  15.748 0.0000000000
93116  -28.157  3.430  15.570 0.0000000000
93117  -28.926  2.817  15.482 0.0000000000
93118  -38.741  4.233  15.725 0.0000000000
93119  -39.038  4.160  14.969 0.0000000000
93126  -27.896  3.473  14.361 0.0000000000
93127  -28.737  2.934  14.611 0.0000000000
93128  -39.378  3.788  13.959 0.0000000000
93135  -27.855  3.724  13.339 0.0000000000
93136  -28.933  3.068  13.456 0.0000000000
93137  -29.777  2.767  13.004 0.0000000000
93138  -39.458  3.527  12.886 0.0000000000
93147  -27.706  4.069  12.723 0.0000000000
93148  -28.374  3.682  12.264 0.0000000000
93149  -29.467  2.937  12.362 0.0000000000
93150  -39.416  3.339  11.847 0.0000000000
93161  -28.569  3.857  11.172 0.0000000000
93162  -29.281  3.233  11.403 0.0000000000
93172  -28.682  4.090  10.267 0.0000000000
93173  -29.251  3.472  10.453 0.0000000000
93178  -28.774  4.316  9.640 0.0000000000
93179  -29.477  3.686  9.299 0.0000000000
93180  -30.281  3.266  9.018 0.0000000000
93187  -29.785  4.020  8.596 0.0000000000
93188  -30.581  3.659  8.377 0.0000000000
94131  -32.004  3.384  20.094 0.0000000000
94132  -32.684  3.687  20.189 0.0000000000
94133  -33.579  3.849  20.175 0.0000000000
94134  -34.307  3.888  20.000 0.0000000000
94144  -30.056  3.606  18.924 0.0000000000
94145  -30.544  4.164  19.317 0.0000000000
94146  -31.743  4.302  19.804 0.0000000000
94147  -32.834  4.569  19.883 0.0000000000
94148  -33.835  4.547  19.732 0.0000000000
94149  -34.865  4.222  19.550 0.0000000000
94150  -35.849  4.172  19.187 0.0000000000
94151  -36.472  4.035  18.907 0.0000000000
94159  -29.188  3.953  18.069 0.0000000000
94160  -29.683  4.328  18.677 0.0000000000
94161  -30.189  5.010  18.908 0.0000000000
94162  -36.185  4.478  18.749 0.0000000000
94163  -36.776  4.341  18.382 0.0000000000
94164  -37.414  4.218  17.973 0.0000000000
94167  -28.052  4.557  16.914 0.0000000000
94168  -28.467  4.268  17.290 0.0000000000
94169  -36.988  4.688  17.786 0.0000000000
94170  -37.597  4.521  17.291 0.0000000000
94171  -38.218  4.338  16.734 0.0000000000
94174  -27.953  4.146  16.440 0.0000000000
94175  -28.370  3.848  16.803 0.0000000000
94176  -37.697  4.831  16.550 0.0000000000
94177  -38.264  4.559  16.129 0.0000000000
94180  -26.716  4.756  14.734 0.0000000000
94181  -27.109  4.361  15.131 0.0000000000
94182  -37.812  5.067  15.991 0.0000000000
94183  -38.352  4.888  15.386 0.0000000000
94184  -38.684  4.763  14.844 0.0000000000
94186  -26.738  4.665  14.126 0.0000000000
94187  -27.258  4.010  14.040 0.0000000000
94188  -38.521  5.165  14.812 0.0000000000
94189  -38.905  4.901  14.234 0.0000000000
94195  -26.778  4.906  13.047 0.0000000000
94196  -27.262  4.310  13.225 0.0000000000
94197  -39.263  4.560  13.261 0.0000000000
94203  -26.930  5.166  12.442 0.0000000000
94204  -27.480  4.650  12.105 0.0000000000
94205  -28.110  4.212  11.650 0.0000000000
94206  -39.379  4.352  12.264 0.0000000000
94216  -27.675  5.071  11.449 0.0000000000
94217  -28.146  4.737  11.078 0.0000000000
94218  -39.429  4.162  11.261 0.0000000000
94228  -28.389  4.796  10.076 0.0000000000
94233  -28.799  4.831  8.990 0.0000000000
94234  -29.427  4.270  8.732 0.0000000000
94239  -29.216  5.137  8.372 0.0000000000
94240  -29.856  4.683  8.162 0.0000000000
94241  -30.518  4.255  7.953 0.0000000000
94245  -30.290  5.067  7.545 0.0000000000
95329  -30.948  5.407  19.218 0.0000000000
95330  -32.093  5.320  19.547 0.0000000000
95331  -33.111  5.434  19.244 0.0000000000
95332  -34.266  5.095  19.114 0.0000000000
95333  -35.260  4.851  18.932 0.0000000000
95334  -35.821  4.664  18.822 0.0000000000
95344  -29.000  4.814  18.080 0.0000000000
95345  -29.610  5.493  18.395 0.0000000000
95346  -30.272  5.569  18.750 0.0000000000
95347  -33.209  5.926  18.745 0.0000000000
95348  -33.788  5.735  18.691 0.0000000000
95349  -34.712  5.678  18.367 0.0000000000
95350  -35.957  5.090  18.339 0.0000000000
95351  -36.589  4.915  17.973 0.0000000000
95354  -27.854  5.244  16.959 0.0000000000
95355  -28.563  5.340  17.600 0.0000000000
95356  -29.042  5.452  17.961 0.0000000000
95357  -34.795  6.118  17.822 0.0000000000
95358  -35.429  5.820  17.717 0.0000000000
95359  -36.531  5.400  17.260 0.0000000000
95360  -37.246  5.072  16.864 0.0000000000
95363  -26.699  5.848  15.787 0.0000000000
95364  -27.179  5.126  16.118 0.0000000000
95365  -36.583  5.831  16.568 0.0000000000
95366  -37.152  5.542  16.329 0.0000000000
95369  -26.462  5.337  14.891 0.0000000000
95370  -26.795  5.142  15.517 0.0000000000
95371  -37.693  5.605  15.594 0.0000000000
95372  -38.154  5.648  15.058 0.0000000000
95375  -26.306  5.461  13.765 0.0000000000
95376  -38.559  5.707  14.535 0.0000000000
95377  -38.926  5.760  14.065 0.0000000000
95384  -26.523  5.612  12.778 0.0000000000
95385  -39.202  5.511  13.508 0.0000000000
95393  -27.078  5.626  11.912 0.0000000000
95394  -27.468  5.250  11.619 0.0000000000
95395  -39.447  5.292  12.671 0.0000000000
95405  -27.293  6.072  11.484 0.0000000000
95406  -27.697  5.718  11.047 0.0000000000
95407  -28.089  5.235  10.556 0.0000000000
95408  -39.766  5.178  11.644 0.0000000000
95409  -40.200  5.688  11.284 0.0000000000
95419  -27.809  6.114  10.403 0.0000000000
95420  -28.109  5.672  9.969 0.0000000000
95421  -39.744  4.659  10.911 0.0000000000
95422  -40.191  5.212  10.545 0.0000000000
95428  -28.403  5.887  9.116 0.0000000000
95435  -28.878  5.760  8.284 0.0000000000
95436  -29.415  5.316  8.076 0.0000000000
95442  -28.988  6.060  7.720 0.0000000000
95443  -29.648  5.633  7.365 0.0000000000
95452  -29.840  6.021  6.658 0.0000000000
96543  -31.067  6.115  18.847 0.0000000000
96544  -31.703  5.982  19.078 0.0000000000
96545  -32.347  5.778  19.180 0.0000000000
96556  -29.643  6.155  18.176 0.0000000000
96557  -30.347  6.316  18.443 0.0000000000
96558  -31.356  6.592  18.375 0.0000000000
96559  -32.507  6.256  18.641 0.0000000000
96560  -33.425  6.224  18.345 0.0000000000
96561  -34.011  6.049  18.321 0.0000000000
96569  -27.815  6.264  16.946 0.0000000000
96570  -28.264  6.070  17.312 0.0000000000
96571  -29.060  6.122  17.757 0.0000000000
96572  -29.663  6.579  17.961 0.0000000000
96573  -31.482  6.881  17.993 0.0000000000
96574  -31.917  6.841  17.941 0.0000000000
96575  -32.892  6.716  17.694 0.0000000000
96576  -34.063  6.393  17.749 0.0000000000
96577  -34.881  6.356  17.305 0.0000000000
96578  -35.594  6.095  17.059 0.0000000000
96582  -26.736  6.685  16.002 0.0000000000
96583  -27.264  6.218  16.461 0.0000000000
96584  -33.458  6.861  17.079 0.0000000000
96585  -34.192  6.785  16.819 0.0000000000
96586  -35.091  6.647  16.501 0.0000000000
96587  -36.040  6.241  16.493 0.0000000000
96588  -36.622  6.152  16.172 0.0000000000
96594  -25.989  7.195  15.220 0.0000000000
96595  -26.242  6.648  15.358 0.0000000000
96596  -35.592  6.793  15.978 0.0000000000
96597  -36.235  6.701  15.818 0.0000000000
96598  -37.068  6.396  15.588 0.0000000000
96599  -37.702  6.147  15.218 0.0000000000
96604  -25.762  7.013  14.831 0.0000000000
96605  -25.933  6.215  14.424 0.0000000000
96606  -37.558  6.715  15.103 0.0000000000
96607  -38.176  6.466  14.797 0.0000000000
96608  -38.774  6.387  14.276 0.0000000000
96613  -25.647  6.849  14.129 0.0000000000
96614  -25.951  6.387  13.361 0.0000000000
96615  -39.196  6.311  13.763 0.0000000000
96625  -26.492  6.410  12.328 0.0000000000
96626  -39.553  6.232  13.024 0.0000000000
96627  -39.927  6.480  12.467 0.0000000000
96641  -26.975  6.372  11.711 0.0000000000
96642  -27.285  6.594  11.235 0.0000000000
96643  -39.783  5.869  12.339 0.0000000000
96644  -40.171  6.203  11.826 0.0000000000
96655  -27.586  6.692  10.539 0.0000000000
96656  -27.862  6.389  10.069 0.0000000000
96657  -40.461  6.256  11.012 0.0000000000
96661  -27.767  7.007  9.904 0.0000000000
96662  -28.058  6.474  9.543 0.0000000000
96669  -27.904  7.140  9.366 0.0000000000
96670  -28.250  6.720  8.789 0.0000000000
96680  -28.540  6.650  7.880 0.0000000000
96681  -28.969  6.295  7.336 0.0000000000
96689  -28.604  6.843  7.117 0.0000000000
96690  -29.277  6.485  6.624 0.0000000000
97700  -30.384  6.779  18.124 0.0000000000
97701  -30.678  6.839  18.104 0.0000000000
97713  -28.060  6.576  17.093 0.0000000000
97714  -28.464  6.779  17.272 0.0000000000
97715  -29.204  7.040  17.515 0.0000000000
97716  -30.153  7.096  17.761 0.0000000000
97717  -31.175  7.203  17.653 0.0000000000
97718  -32.081  7.308  17.213 0.0000000000
97719  -32.815  7.189  16.903 0.0000000000
97730  -27.097  7.132  16.299 0.0000000000
97731  -27.771  7.135  16.781 0.0000000000
97732  -28.597  7.621  16.991 0.0000000000
97733  -29.479  7.791  17.044 0.0000000000
97734  -30.397  7.822  16.922 0.0000000000
97735  -31.326  7.834  16.637 0.0000000000
97736  -32.305  7.762  16.262 0.0000000000
97737  -33.374  7.367  16.306 0.0000000000
97738  -34.332  7.218  16.040 0.0000000000
97739  -35.047  7.127  15.841 0.0000000000
97748  -26.181  7.458  15.421 0.0000000000
97749  -26.593  7.551  15.855 0.0000000000
97753  -35.633  7.444  15.386 0.0000000000
97754  -36.507  7.218  15.295 0.0000000000
97755  -37.139  7.113  15.119 0.0000000000
97762  -25.884  7.681  15.077 0.0000000000
97763  -36.131  7.795  14.906 0.0000000000
97764  -36.806  7.748  14.755 0.0000000000
97765  -37.728  7.410  14.698 0.0000000000
97766  -38.600  7.206  14.320 0.0000000000
97767  -39.073  6.891  14.020 0.0000000000
97776  -25.643  7.687  14.325 0.0000000000
97777  -25.660  7.210  13.602 0.0000000000
97778  -39.026  7.393  13.875 0.0000000000
97779  -39.443  7.088  13.508 0.0000000000
97789  -25.628  7.902  13.516 0.0000000000
97790  -25.956  7.416  12.731 0.0000000000
97791  -39.842  7.060  12.836 0.0000000000
97792  -40.192  7.037  12.234 0.0000000000
97803  -26.676  7.263  11.686 0.0000000000
97804  -27.221  7.473  10.912 0.0000000000
97805  -40.436  7.026  11.575 0.0000000000
97819  -27.515  7.612  10.267 0.0000000000
97820  -40.664  7.241  10.739 0.0000000000
97825  -27.680  7.755  9.658 0.0000000000
97831  -27.821  7.763  8.926 0.0000000000
97832  -28.087  7.347  8.295 0.0000000000
97842  -27.852  8.030  8.270 0.0000000000
97843  -28.154  7.630  7.544 0.0000000000
97850  -28.671  7.508  6.376 0.0000000000
97851  -29.260  6.992  6.058 0.0000000000
97858  -28.893  8.000  5.687 0.0000000000
98961  -27.226  8.011  16.255 0.0000000000
98962  -27.977  8.325  16.540 0.0000000000
98963  -28.842  8.540  16.649 0.0000000000
98964  -29.731  8.614  16.555 0.0000000000
98965  -30.606  8.586  16.225 0.0000000000
98966  -31.490  8.479  15.769 0.0000000000
98975  -26.221  8.205  15.429 0.0000000000
98976  -26.680  8.659  15.849 0.0000000000
98989  -25.834  8.534  14.837 0.0000000000
98994  -37.314  8.286  14.150 0.0000000000
98995  -38.305  7.977  14.062 0.0000000000
98996  -38.766  7.662  13.935 0.0000000000
99002  -25.579  8.691  13.969 0.0000000000
99004  -36.939  8.884  13.538 0.0000000000
99005  -37.993  8.763  13.247 0.0000000000
99006  -39.098  8.005  13.414 0.0000000000
99007  -39.554  7.528  13.045 0.0000000000
99010  -25.697  8.611  12.972 0.0000000000
99011  -26.188  8.406  12.031 0.0000000000
99012  -38.204  9.044  12.556 0.0000000000
99013  -38.903  8.833  12.349 0.0000000000
99014  -39.835  7.879  12.398 0.0000000000
99015  -40.236  7.476  11.940 0.0000000000
99019  -26.800  8.369  11.219 0.0000000000
99020  -27.287  8.360  10.593 0.0000000000
99021  -39.105  9.055  11.658 0.0000000000
99022  -39.707  8.736  11.403 0.0000000000
99023  -40.324  7.855  11.468 0.0000000000
99035  -27.563  8.439  10.078 0.0000000000
99036  -39.939  8.917  10.732 0.0000000000
99037  -40.445  8.434  10.446 0.0000000000
99043  -27.677  8.621  9.443 0.0000000000
99049  -27.808  8.815  8.667 0.0000000000
99060  -27.932  8.669  7.923 0.0000000000
99061  -28.167  8.603  7.038 0.0000000000
99070  -28.588  8.625  6.101 0.0000000000
100148  -27.308  9.241  16.166 0.0000000000
100149  -28.220  9.371  16.382 0.0000000000
100150  -29.100  9.470  16.401 0.0000000000
100151  -29.986  9.520  16.239 0.0000000000
100152  -30.890  9.529  15.681 0.0000000000
100153  -31.483  9.071  15.437 0.0000000000
100163  -26.223  9.329  15.319 0.0000000000
100164  -26.696  9.575  15.775 0.0000000000
100165  -31.186  10.085  15.444 0.0000000000
100176  -25.739  9.597  14.537 0.0000000000
100185  -25.581  9.830  13.429 0.0000000000
100190  -37.307  9.098  13.043 0.0000000000
100194  -25.939  9.514  12.382 0.0000000000
100195  -26.451  9.396  11.617 0.0000000000
100198  -37.585  9.288  12.345 0.0000000000
100199  -38.303  9.151  12.196 0.0000000000
100202  -27.116  9.417  10.814 0.0000000000
100203  -27.420  8.901  10.392 0.0000000000
100206  -38.487  9.304  11.472 0.0000000000
100207  -39.203  9.151  11.301 0.0000000000
100216  -27.337  9.843  10.434 0.0000000000
100217  -27.549  9.405  10.073 0.0000000000
100220  -39.390  9.291  10.570 0.0000000000
100221  -40.034  9.015  10.392 0.0000000000
100227  -27.726  9.568  9.251 0.0000000000
100235  -28.016  9.792  8.556 0.0000000000
100236  -28.175  10.185  8.233 0.0000000000
100244  -27.947  9.251  8.243 0.0000000000
100245  -28.154  9.676  7.760 0.0000000000
100251  -28.369  9.593  6.696 0.0000000000
100258  -28.700  9.542  5.781 0.0000000000
101358  -26.912  10.413  15.885 0.0000000000
101359  -27.654  10.301  16.240 0.0000000000
101360  -28.481  10.356  16.367 0.0000000000
101361  -29.339  10.430  16.321 0.0000000000
101362  -30.158  10.501  16.061 0.0000000000
101376  -26.023  10.489  15.054 0.0000000000
101377  -26.448  10.207  15.499 0.0000000000
101378  -30.825  10.625  15.692 0.0000000000
101379  -31.360  10.601  15.325 0.0000000000
101394  -25.690  10.653  14.263 0.0000000000
101409  -25.577  10.947  13.469 0.0000000000
101423  -25.722  10.750  12.441 0.0000000000
101424  -26.180  10.081  11.978 0.0000000000
101436  -25.890  11.280  11.860 0.0000000000
101437  -26.435  10.605  11.448 0.0000000000
101450  -27.105  10.434  10.570 0.0000000000
101451  -27.394  10.101  10.207 0.0000000000
101465  -27.316  10.475  10.155 0.0000000000
101466  -27.481  10.337  9.726 0.0000000000
101477  -27.811  10.467  9.032 0.0000000000
101478  -28.131  10.603  8.527 0.0000000000
101491  -28.365  10.650  8.022 0.0000000000
101502  -28.464  10.581  7.224 0.0000000000
101514  -28.603  10.473  6.303 0.0000000000
102661  -26.831  11.153  15.803 0.0000000000
102662  -27.227  11.167  16.078 0.0000000000
102663  -27.894  11.241  16.381 0.0000000000
102664  -28.716  11.335  16.473 0.0000000000
102665  -29.568  11.420  16.389 0.0000000000
102676  -26.088  11.021  15.129 0.0000000000
102677  -26.369  11.203  15.418 0.0000000000
102678  -30.363  11.502  16.128 0.0000000000
102679  -31.064  11.556  15.632 0.0000000000
102680  -31.529  11.204  15.139 0.0000000000
102689  -25.907  11.338  14.840 0.0000000000
102690  -26.041  11.997  15.095 0.0000000000
102691  -31.479  11.841  15.222 0.0000000000
102705  -25.646  11.617  14.045 0.0000000000
102719  -25.590  11.778  13.154 0.0000000000
102733  -25.778  11.877  12.295 0.0000000000
102734  -26.183  11.807  11.583 0.0000000000
102747  -26.797  11.563  10.794 0.0000000000
102748  -27.271  11.801  10.172 0.0000000000
102763  -27.181  11.003  10.085 0.0000000000
102764  -27.642  11.415  9.450 0.0000000000
102765  -28.182  11.658  9.015 0.0000000000
102779  -28.016  11.118  8.875 0.0000000000
102780  -28.366  11.399  8.496 0.0000000000
103867  -26.767  11.791  15.884 0.0000000000
103868  -27.318  12.057  16.278 0.0000000000
103869  -28.082  12.226  16.510 0.0000000000
103870  -28.937  12.342  16.554 0.0000000000
103871  -29.783  12.432  16.427 0.0000000000
103879  -26.349  12.341  15.433 0.0000000000
103880  -30.542  12.512  16.097 0.0000000000
103881  -31.195  12.621  15.574 0.0000000000
103882  -31.606  12.969  15.229 0.0000000000
103890  -25.806  12.285  14.586 0.0000000000
103891  -25.969  12.772  15.014 0.0000000000
103892  -31.654  12.319  15.075 0.0000000000
103893  -32.055  12.655  14.718 0.0000000000
103901  -25.673  12.563  13.819 0.0000000000
103912  -25.851  12.707  12.940 0.0000000000
103922  -26.149  12.725  12.108 0.0000000000
103923  -26.648  12.631  11.372 0.0000000000
103933  -27.162  12.570  10.629 0.0000000000
103934  -27.581  12.445  9.907 0.0000000000
104982  -26.783  12.799  15.895 0.0000000000
104983  -27.449  13.095  16.347 0.0000000000
104984  -28.288  13.251  16.566 0.0000000000
104985  -29.158  13.358  16.561 0.0000000000
104986  -29.979  13.439  16.399 0.0000000000
104994  -25.772  13.670  14.969 0.0000000000
104995  -26.115  13.433  15.261 0.0000000000
104996  -30.677  13.515  16.039 0.0000000000
104997  -31.264  13.618  15.599 0.0000000000
104998  -31.791  13.630  15.131 0.0000000000
105006  -25.744  13.342  14.590 0.0000000000
105007  -25.885  13.189  14.994 0.0000000000
105008  -32.292  13.583  14.575 0.0000000000
105016  -25.690  13.538  13.539 0.0000000000
105017  -32.709  13.623  13.915 0.0000000000
105027  -25.935  13.612  12.635 0.0000000000
105037  -26.339  13.588  11.810 0.0000000000
105038  -26.866  13.506  11.052 0.0000000000
106042  -26.759  14.025  16.004 0.0000000000
106043  -27.645  14.153  16.449 0.0000000000
106044  -28.529  14.264  16.586 0.0000000000
106045  -29.392  14.353  16.558 0.0000000000
106046  -30.176  14.411  16.363 0.0000000000
106053  -25.665  14.262  14.913 0.0000000000
106054  -26.128  14.432  15.473 0.0000000000
106055  -30.802  14.450  15.950 0.0000000000
106056  -31.380  14.492  15.483 0.0000000000
106057  -31.918  14.461  14.970 0.0000000000
106063  -25.414  14.340  14.063 0.0000000000
106064  -32.376  14.479  14.422 0.0000000000
106070  -24.933  15.300  12.850 0.0000000000
106071  -25.343  14.605  13.102 0.0000000000
106072  -32.757  14.595  13.795 0.0000000000
106073  -33.170  14.703  13.169 0.0000000000
106079  -25.080  15.116  12.335 0.0000000000
106080  -25.702  14.382  12.141 0.0000000000
106081  -33.584  14.827  12.593 0.0000000000
106082  -34.026  14.914  12.063 0.0000000000
106087  -25.391  14.954  11.715 0.0000000000
106088  -26.131  14.486  11.216 0.0000000000
106089  -26.841  14.121  10.623 0.0000000000
106090  -34.476  14.964  11.710 0.0000000000
106096  -26.444  14.670  10.347 0.0000000000
106100  -36.517  14.841  10.105 0.0000000000
106110  -36.811  14.733  9.504 0.0000000000
107048  -27.098  15.068  16.286 0.0000000000
107049  -27.929  15.138  16.480 0.0000000000
107050  -28.789  15.239  16.560 0.0000000000
107051  -29.632  15.311  16.461 0.0000000000
107052  -30.333  15.279  16.171 0.0000000000
107059  -25.817  15.260  15.237 0.0000000000
107060  -26.422  15.141  15.806 0.0000000000
107061  -30.858  15.305  15.752 0.0000000000
107062  -31.467  15.426  15.250 0.0000000000
107063  -31.985  15.131  14.760 0.0000000000
107067  -24.981  16.048  13.991 0.0000000000
107068  -25.311  15.409  14.363 0.0000000000
107069  -31.826  15.786  14.817 0.0000000000
107070  -32.344  15.487  14.328 0.0000000000
107077  -24.890  15.644  13.437 0.0000000000
107078  -25.205  14.989  13.749 0.0000000000
107079  -32.863  15.536  13.668 0.0000000000
107080  -33.389  15.603  13.122 0.0000000000
107086  -24.068  16.320  12.225 0.0000000000
107087  -24.502  15.884  12.529 0.0000000000
107088  -33.868  15.678  12.556 0.0000000000
107089  -34.498  15.696  12.089 0.0000000000
107090  -35.114  15.912  11.848 0.0000000000
107095  -24.185  16.073  11.960 0.0000000000
107096  -24.675  15.586  11.644 0.0000000000
107097  -25.356  15.154  11.183 0.0000000000
107098  -34.880  15.356  11.648 0.0000000000
107099  -35.546  15.445  11.408 0.0000000000
107100  -36.284  15.647  11.210 0.0000000000
107101  -36.900  15.801  10.991 0.0000000000
107105  -24.895  15.613  10.742 0.0000000000
107106  -25.699  15.127  10.551 0.0000000000
107107  -35.958  15.060  10.911 0.0000000000
107108  -36.494  15.224  10.662 0.0000000000
107109  -37.295  15.393  10.331 0.0000000000
107110  -38.077  15.600  10.056 0.0000000000
107114  -25.234  15.559  10.096 0.0000000000
107115  -26.058  15.176  9.600 0.0000000000
107117  -37.648  15.086  9.493 0.0000000000
107118  -38.506  15.497  9.417 0.0000000000
107119  -39.143  15.710  8.990 0.0000000000
107124  -25.925  15.424  8.468 0.0000000000
107126  -37.956  14.951  8.853 0.0000000000
107127  -38.557  15.185  8.388 0.0000000000
107128  -39.394  15.704  8.215 0.0000000000
107133  -26.021  15.558  7.502 0.0000000000
107142  -26.364  15.538  6.663 0.0000000000
107152  -26.642  15.724  5.690 0.0000000000
107153  -27.031  15.733  5.087 0.0000000000
107162  -27.349  15.855  4.459 0.0000000000
107171  -28.150  15.705  3.450 0.0000000000
107180  -29.060  15.778  2.312 0.0000000000
107188  -29.421  15.910  1.787 0.0000000000
108015  -27.391  15.932  16.346 0.0000000000
108016  -28.177  16.077  16.465 0.0000000000
108017  -29.035  16.160  16.432 0.0000000000
108018  -29.877  16.246  16.061 0.0000000000
108019  -30.421  15.790  15.893 0.0000000000
108023  -26.206  16.061  15.526 0.0000000000
108024  -26.767  15.941  16.039 0.0000000000
108025  -30.111  16.803  15.707 0.0000000000
108026  -30.670  16.300  15.560 0.0000000000
108027  -31.383  16.394  15.075 0.0000000000
108030  -25.130  16.493  14.374 0.0000000000
108031  -25.612  16.228  14.975 0.0000000000
108032  -31.922  16.441  14.585 0.0000000000
108033  -32.488  16.396  14.060 0.0000000000
108040  -24.176  16.974  13.278 0.0000000000
108041  -24.647  16.639  13.750 0.0000000000
108042  -33.054  16.425  13.540 0.0000000000
108043  -33.626  16.473  13.033 0.0000000000
108050  -23.934  16.735  12.647 0.0000000000
108051  -24.412  16.370  13.135 0.0000000000
108052  -34.221  16.512  12.562 0.0000000000
108053  -34.918  16.554  12.220 0.0000000000
108054  -35.743  16.500  11.887 0.0000000000
108055  -36.237  16.931  11.881 0.0000000000
108060  -23.758  16.641  11.756 0.0000000000
108061  -24.187  16.101  11.617 0.0000000000
108062  -36.056  16.016  11.526 0.0000000000
108063  -36.597  16.500  11.513 0.0000000000
108064  -37.654  16.433  10.954 0.0000000000
108065  -38.246  16.903  10.857 0.0000000000
108069  -23.752  16.908  10.786 0.0000000000
108070  -24.212  16.148  11.075 0.0000000000
108071  -37.963  15.939  10.444 0.0000000000
108072  -38.714  16.439  10.269 0.0000000000
108073  -39.432  17.012  10.048 0.0000000000
108078  -23.827  17.145  10.211 0.0000000000
108079  -24.457  16.419  9.905 0.0000000000
108080  -25.229  15.730  9.669 0.0000000000
108081  -39.098  16.005  9.523 0.0000000000
108082  -39.791  16.602  9.187 0.0000000000
108083  -40.487  17.199  8.878 0.0000000000
108088  -24.666  16.791  8.693 0.0000000000
108089  -25.273  15.984  9.052 0.0000000000
108095  -24.691  17.130  8.036 0.0000000000
108096  -25.217  16.483  7.883 0.0000000000
108103  -25.541  16.447  7.032 0.0000000000
108111  -26.242  16.764  6.134 0.0000000000
108112  -26.442  16.622  4.996 0.0000000000
108120  -26.928  16.622  4.341 0.0000000000
108121  -27.404  16.112  4.060 0.0000000000
108129  -27.084  17.166  3.905 0.0000000000
108130  -27.654  16.553  3.456 0.0000000000
108131  -28.198  15.940  3.142 0.0000000000
108138  -28.158  17.055  2.577 0.0000000000
108139  -28.407  16.221  2.705 0.0000000000
108146  -28.332  17.317  2.128 0.0000000000
108147  -28.743  16.707  1.730 0.0000000000
108148  -29.600  16.240  1.397 0.0000000000
108154  -28.854  17.118  1.024 0.0000000000
108155  -29.486  16.788  0.860 0.0000000000
108915  -27.029  16.432  16.210 0.0000000000
108916  -27.503  16.836  16.282 0.0000000000
108917  -28.439  17.009  16.293 0.0000000000
108918  -29.189  16.873  16.191 0.0000000000
108922  -25.986  16.811  15.314 0.0000000000
108923  -26.647  16.928  15.843 0.0000000000
108924  -27.225  17.636  16.017 0.0000000000
108925  -28.925  17.474  16.047 0.0000000000
108926  -29.614  17.315  15.804 0.0000000000
108927  -30.359  17.330  15.442 0.0000000000
108928  -30.939  17.007  15.240 0.0000000000
108932  -24.860  17.291  14.226 0.0000000000
108933  -25.474  17.288  14.813 0.0000000000
108934  -30.820  17.602  15.113 0.0000000000
108935  -31.382  17.292  14.794 0.0000000000
108936  -32.030  17.207  14.278 0.0000000000
108941  -23.804  17.503  13.063 0.0000000000
108942  -24.326  17.703  13.641 0.0000000000
108943  -32.592  17.219  13.792 0.0000000000
108944  -33.215  17.289  13.349 0.0000000000
108951  -23.411  17.739  12.328 0.0000000000
108952  -33.831  17.329  12.854 0.0000000000
108953  -34.552  17.357  12.517 0.0000000000
108954  -35.335  17.358  12.265 0.0000000000
108955  -36.004  17.367  12.085 0.0000000000
108960  -23.320  17.708  11.299 0.0000000000
108961  -36.517  17.376  11.847 0.0000000000
108962  -37.233  17.365  11.539 0.0000000000
108963  -37.981  17.376  11.191 0.0000000000
108968  -23.469  17.763  10.445 0.0000000000
108969  -38.526  17.413  10.851 0.0000000000
108970  -39.138  17.540  10.469 0.0000000000
108975  -23.786  17.650  9.648 0.0000000000
108976  -24.237  17.302  9.086 0.0000000000
108977  -39.770  17.636  9.915 0.0000000000
108978  -40.426  17.695  9.304 0.0000000000
108983  -23.929  18.000  8.865 0.0000000000
108984  -24.319  17.739  8.259 0.0000000000
108991  -24.641  17.658  7.388 0.0000000000
108992  -25.052  17.188  7.008 0.0000000000
109000  -24.805  17.876  6.660 0.0000000000
109001  -25.186  17.709  6.311 0.0000000000
109009  -25.805  17.889  5.275 0.0000000000
109010  -26.327  17.378  4.696 0.0000000000
109017  -26.111  18.113  4.719 0.0000000000
109018  -26.604  17.759  4.179 0.0000000000
109024  -27.146  17.717  3.567 0.0000000000
109025  -27.667  17.695  2.971 0.0000000000
109029  -28.084  17.813  2.360 0.0000000000
109033  -28.367  17.690  1.814 0.0000000000
109034  -28.554  17.608  1.223 0.0000000000
109038  -28.839  17.571  0.419 0.0000000000
109795  -27.843  17.600  16.131 0.0000000000
109796  -28.387  17.791  16.003 0.0000000000
109802  -26.105  17.495  15.332 0.0000000000
109803  -26.678  18.006  15.571 0.0000000000
109804  -27.759  18.446  15.559 0.0000000000
109805  -28.975  18.188  15.661 0.0000000000
109806  -29.904  18.145  15.377 0.0000000000
109807  -30.473  17.994  15.181 0.0000000000
109813  -24.987  18.280  14.249 0.0000000000
109814  -25.930  18.329  14.887 0.0000000000
109815  -26.840  18.766  15.012 0.0000000000
109816  -27.419  18.990  14.914 0.0000000000
109817  -30.305  18.432  14.992 0.0000000000
109818  -30.898  18.253  14.719 0.0000000000
109819  -31.603  17.965  14.322 0.0000000000
109820  -32.130  17.807  13.947 0.0000000000
109826  -23.656  18.499  13.098 0.0000000000
109827  -24.339  18.707  13.624 0.0000000000
109828  -31.271  18.563  14.169 0.0000000000
109829  -31.814  18.446  13.798 0.0000000000
109830  -32.626  18.100  13.484 0.0000000000
109831  -33.393  18.064  13.065 0.0000000000
109839  -22.836  19.374  12.066 0.0000000000
109840  -23.177  18.755  12.422 0.0000000000
109841  -34.077  18.210  12.655 0.0000000000
109842  -34.944  18.123  12.408 0.0000000000
109843  -35.773  18.206  12.148 0.0000000000
109844  -36.260  17.814  12.029 0.0000000000
109850  -22.736  19.361  11.352 0.0000000000
109851  -22.994  18.599  11.713 0.0000000000
109852  -36.063  18.689  11.855 0.0000000000
109853  -36.646  18.244  11.786 0.0000000000
109854  -37.725  18.310  11.328 0.0000000000
109855  -38.260  17.880  11.149 0.0000000000
109862  -22.721  19.481  10.886 0.0000000000
109863  -22.968  18.823  10.709 0.0000000000
109864  -38.086  18.823  10.958 0.0000000000
109865  -38.598  18.367  10.843 0.0000000000
109866  -39.403  18.446  10.345 0.0000000000
109872  -23.354  18.497  9.916 0.0000000000
109873  -40.147  18.553  9.788 0.0000000000
109881  -23.586  18.695  9.117 0.0000000000
109882  -23.950  18.724  8.320 0.0000000000
109889  -24.308  18.701  7.586 0.0000000000
109897  -24.620  18.777  6.674 0.0000000000
109898  -24.874  18.263  6.300 0.0000000000
109905  -24.705  19.310  6.203 0.0000000000
109906  -25.070  18.779  5.832 0.0000000000
109912  -25.694  18.822  5.024 0.0000000000
109913  -26.212  18.777  4.389 0.0000000000
109917  -26.754  18.656  3.762 0.0000000000
109918  -27.311  18.539  3.215 0.0000000000
109920  -27.728  18.507  2.646 0.0000000000
109922  -28.136  18.575  1.903 0.0000000000
109923  -28.359  18.112  1.479 0.0000000000
109927  -28.195  19.086  1.481 0.0000000000
109928  -28.407  18.588  0.979 0.0000000000
110752  -28.668  18.883  15.121 0.0000000000
110753  -29.488  18.753  15.066 0.0000000000
110754  -29.986  18.617  15.016 0.0000000000
110759  -25.539  19.031  14.264 0.0000000000
110760  -26.293  19.216  14.404 0.0000000000
110761  -27.107  19.397  14.469 0.0000000000
110762  -28.004  19.286  14.572 0.0000000000
110763  -29.109  19.291  14.362 0.0000000000
110764  -30.212  18.948  14.448 0.0000000000
110765  -30.869  18.760  14.246 0.0000000000
110770  -23.940  19.555  13.344 0.0000000000
110771  -24.848  19.504  13.784 0.0000000000
110772  -25.764  19.836  13.902 0.0000000000
110773  -26.639  19.960  13.879 0.0000000000
110774  -27.533  19.895  13.768 0.0000000000
110775  -28.516  19.787  13.576 0.0000000000
110776  -29.769  19.731  13.162 0.0000000000
110777  -31.082  19.128  13.545 0.0000000000
110778  -32.180  18.939  13.204 0.0000000000
110779  -33.055  18.751  13.039 0.0000000000
110780  -33.548  18.548  12.836 0.0000000000
110786  -22.794  20.031  12.248 0.0000000000
110787  -23.224  19.606  12.734 0.0000000000
110788  -30.178  20.072  12.320 0.0000000000
110789  -30.781  19.779  12.572 0.0000000000
110790  -31.742  19.583  12.562 0.0000000000
110791  -32.743  19.397  12.594 0.0000000000
110792  -33.709  19.082  12.554 0.0000000000
110793  -34.658  18.846  12.343 0.0000000000
110794  -35.222  18.617  12.220 0.0000000000
110801  -22.627  20.002  11.675 0.0000000000
110802  -31.763  19.949  11.969 0.0000000000
110803  -32.371  19.934  11.969 0.0000000000
110804  -33.378  19.824  11.985 0.0000000000
110805  -34.395  19.546  11.910 0.0000000000
110806  -35.484  19.176  11.839 0.0000000000
110807  -36.325  19.032  11.567 0.0000000000
110808  -36.998  18.890  11.354 0.0000000000
110815  -22.601  19.991  11.024 0.0000000000
110816  -22.815  19.811  10.473 0.0000000000
110817  -36.010  19.502  11.298 0.0000000000
110819  -37.553  19.238  10.862 0.0000000000
110820  -38.357  19.240  10.580 0.0000000000
110821  -38.974  19.034  10.499 0.0000000000
110827  -23.212  19.673  9.661 0.0000000000
110828  -38.799  19.530  10.246 0.0000000000
110829  -39.503  19.406  10.072 0.0000000000
110838  -23.699  19.734  8.471 0.0000000000
110839  -24.077  19.434  7.852 0.0000000000
110848  -24.035  20.086  7.777 0.0000000000
110849  -24.329  19.750  7.241 0.0000000000
110856  -24.510  19.831  6.519 0.0000000000
110858  -24.746  19.841  5.916 0.0000000000
110859  -25.262  19.752  5.323 0.0000000000
110861  -25.803  19.718  4.643 0.0000000000
110862  -26.437  19.669  4.035 0.0000000000
110864  -27.114  19.554  3.369 0.0000000000
110865  -27.499  19.119  2.943 0.0000000000
110867  -27.533  19.689  2.904 0.0000000000
110868  -27.767  19.321  2.474 0.0000000000
110870  -28.052  19.475  1.873 0.0000000000
110872  -28.430  20.423  1.058 0.0000000000
110873  -28.291  19.756  1.211 0.0000000000
110874  -28.545  19.454  0.484 0.0000000000
111754  -23.576  20.497  13.061 0.0000000000
111755  -24.322  20.514  13.442 0.0000000000
111756  -25.197  20.622  13.644 0.0000000000
111757  -26.114  20.757  13.610 0.0000000000
111758  -27.101  20.833  13.378 0.0000000000
111759  -28.011  20.475  13.072 0.0000000000
111760  -28.829  20.279  12.744 0.0000000000
111768  -22.704  20.645  11.964 0.0000000000
111769  -23.071  20.564  12.509 0.0000000000
111770  -27.797  21.317  12.869 0.0000000000
111771  -28.475  20.982  12.359 0.0000000000
111772  -29.567  20.633  11.793 0.0000000000
111773  -30.655  20.186  11.779 0.0000000000
111774  -31.310  19.949  12.029 0.0000000000
111783  -22.562  20.669  11.307 0.0000000000
111795  -22.658  20.698  10.489 0.0000000000
111796  -22.918  20.254  10.085 0.0000000000
111806  -38.441  19.697  10.205 0.0000000000
111813  -22.751  21.165  10.079 0.0000000000
111814  -22.946  20.828  9.695 0.0000000000
111834  -23.414  20.735  8.816 0.0000000000
111844  -23.843  20.707  8.015 0.0000000000
111845  -24.168  20.666  7.434 0.0000000000
111847  -24.369  20.532  6.921 0.0000000000
111849  -24.489  20.710  6.304 0.0000000000
111850  -24.874  20.722  5.592 0.0000000000
111852  -25.412  20.709  4.936 0.0000000000
111853  -26.040  20.705  4.317 0.0000000000
111855  -26.611  20.671  3.580 0.0000000000
111857  -27.286  20.537  2.759 0.0000000000
111858  -27.671  19.897  2.668 0.0000000000
111860  -27.789  20.797  2.068 0.0000000000
111861  -27.854  20.033  2.330 0.0000000000
111863  -28.226  20.674  1.473 0.0000000000
111864  -28.076  20.142  1.809 0.0000000000
112671  -23.907  21.393  13.220 0.0000000000
112672  -24.659  21.507  13.516 0.0000000000
112673  -25.554  21.618  13.576 0.0000000000
112674  -26.468  21.719  13.448 0.0000000000
112675  -27.256  21.835  13.183 0.0000000000
112682  -22.963  21.291  12.179 0.0000000000
112683  -23.393  21.336  12.693 0.0000000000
112684  -27.778  22.039  12.897 0.0000000000
112685  -28.293  21.891  12.519 0.0000000000
112686  -28.902  21.719  11.866 0.0000000000
112692  -22.698  21.290  11.654 0.0000000000
112693  -29.503  21.689  11.174 0.0000000000
112697  -22.563  21.399  11.004 0.0000000000
112706  -22.709  21.513  10.377 0.0000000000
112707  -22.899  21.622  9.840 0.0000000000
112723  -23.222  21.684  9.127 0.0000000000
112738  -23.665  21.752  8.059 0.0000000000
112739  -24.009  21.195  7.634 0.0000000000
112747  -23.958  22.361  7.544 0.0000000000
112748  -24.325  21.656  7.090 0.0000000000
112754  -24.791  21.701  6.096 0.0000000000
112755  -25.199  21.706  5.364 0.0000000000
112760  -25.722  21.772  4.688 0.0000000000
112761  -26.344  21.790  4.044 0.0000000000
112765  -26.917  21.856  3.250 0.0000000000
112767  -27.663  21.888  2.506 0.0000000000
113546  -23.660  22.099  12.890 0.0000000000
113547  -24.177  22.364  13.320 0.0000000000
113548  -25.004  22.508  13.626 0.0000000000
113549  -25.941  22.601  13.631 0.0000000000
113550  -26.886  22.695  13.389 0.0000000000
113551  -27.505  23.042  13.193 0.0000000000
113554  -22.910  21.695  11.892 0.0000000000
113555  -23.216  22.199  12.212 0.0000000000
113556  -27.505  22.466  13.112 0.0000000000
113557  -28.056  22.756  12.858 0.0000000000
113558  -28.783  22.673  12.350 0.0000000000
113562  -22.840  21.996  11.471 0.0000000000
113563  -23.004  22.674  11.608 0.0000000000
113564  -29.421  22.646  11.645 0.0000000000
113569  -22.758  22.127  10.741 0.0000000000
113570  -22.963  22.531  10.330 0.0000000000
113579  -22.859  22.059  10.183 0.0000000000
113580  -23.158  22.471  9.716 0.0000000000
113593  -23.508  22.687  8.799 0.0000000000
113606  -23.775  22.968  7.930 0.0000000000
113613  -24.239  23.050  7.233 0.0000000000
113614  -24.804  22.960  6.428 0.0000000000
113615  -25.426  23.278  5.935 0.0000000000
113622  -25.159  22.496  5.817 0.0000000000
113623  -25.698  22.847  5.324 0.0000000000
114378  -23.685  23.197  12.859 0.0000000000
114379  -24.482  23.432  13.463 0.0000000000
114380  -25.411  23.506  13.659 0.0000000000
114381  -26.337  23.566  13.620 0.0000000000
114382  -27.165  23.654  13.433 0.0000000000
114383  -27.885  23.662  13.166 0.0000000000
114386  -23.208  23.331  12.000 0.0000000000
114387  -28.561  23.588  12.739 0.0000000000
114388  -29.247  23.550  12.245 0.0000000000
114391  -22.848  22.571  11.146 0.0000000000
114392  -22.989  23.269  11.159 0.0000000000
114393  -29.839  23.591  11.692 0.0000000000
114398  -22.916  22.753  10.732 0.0000000000
114399  -23.141  23.247  10.317 0.0000000000
114407  -23.484  23.488  9.467 0.0000000000
114418  -23.816  23.773  8.608 0.0000000000
114434  -24.330  24.031  7.828 0.0000000000
114448  -25.005  24.116  7.104 0.0000000000
114449  -25.605  24.065  6.402 0.0000000000
115345  -24.034  24.520  13.204 0.0000000000
115346  -24.944  24.447  13.571 0.0000000000
115347  -25.860  24.457  13.659 0.0000000000
115348  -26.735  24.479  13.563 0.0000000000
115349  -27.531  24.495  13.347 0.0000000000
115350  -28.247  24.493  12.992 0.0000000000
115361  -23.461  24.362  12.421 0.0000000000
115362  -28.929  24.475  12.549 0.0000000000
115363  -29.590  24.458  12.088 0.0000000000
115371  -23.151  24.253  11.516 0.0000000000
115372  -30.230  24.432  11.656 0.0000000000
115381  -23.091  24.009  10.764 0.0000000000
115391  -23.269  24.260  10.058 0.0000000000
115398  -23.647  24.570  9.250 0.0000000000
115406  -24.155  24.908  8.448 0.0000000000
115420  -24.995  25.315  7.643 0.0000000000
115421  -25.766  25.125  6.769 0.0000000000
115438  -25.087  26.065  7.246 0.0000000000
115439  -25.497  25.836  7.015 0.0000000000
115456  -25.362  25.267  4.601 0.0000000000
115473  -23.567  25.132  3.700 0.0000000000
115474  -24.476  24.975  4.020 0.0000000000
115489  -23.068  25.126  3.142 0.0000000000
115490  -23.920  24.638  3.044 0.0000000000
115504  -22.720  25.415  2.377 0.0000000000
115505  -23.379  24.905  1.865 0.0000000000
116300  -24.088  25.434  13.132 0.0000000000
116301  -24.619  25.359  13.424 0.0000000000
116302  -25.452  25.350  13.620 0.0000000000
116303  -26.332  25.352  13.610 0.0000000000
116304  -27.145  25.319  13.444 0.0000000000
116305  -27.851  25.337  13.142 0.0000000000
116317  -23.723  25.317  12.738 0.0000000000
116318  -28.537  25.383  12.728 0.0000000000
116319  -29.251  25.371  12.321 0.0000000000
116330  -23.053  26.194  11.633 0.0000000000
116331  -23.241  25.511  11.895 0.0000000000
116332  -29.905  25.330  11.867 0.0000000000
116333  -30.569  25.245  11.501 0.0000000000
116345  -22.965  25.985  11.175 0.0000000000
116346  -23.086  25.029  10.799 0.0000000000
116359  -23.010  25.984  10.397 0.0000000000
116360  -23.267  25.275  9.842 0.0000000000
116371  -23.150  26.141  9.666 0.0000000000
116372  -23.627  25.757  8.998 0.0000000000
116383  -24.240  25.961  8.160 0.0000000000
116391  -24.576  26.258  7.361 0.0000000000
116400  -24.788  26.196  6.497 0.0000000000
116401  -25.885  25.798  6.213 0.0000000000
116410  -23.327  25.986  4.739 0.0000000000
116411  -24.215  25.702  5.126 0.0000000000
116412  -25.925  25.594  5.234 0.0000000000
116421  -22.380  26.152  3.975 0.0000000000
116422  -22.898  25.831  4.113 0.0000000000
116423  -23.758  25.371  4.237 0.0000000000
116430  -22.180  26.149  3.706 0.0000000000
116431  -22.285  25.784  3.154 0.0000000000
116438  -22.604  25.790  1.743 0.0000000000
116439  -23.036  25.602  1.296 0.0000000000
116445  -22.754  26.206  1.165 0.0000000000
117171  -23.925  25.789  12.955 0.0000000000
117172  -24.305  26.136  13.182 0.0000000000
117173  -25.088  26.201  13.545 0.0000000000
117174  -25.962  26.222  13.612 0.0000000000
117175  -26.855  26.221  13.445 0.0000000000
117176  -27.485  25.966  13.263 0.0000000000
117184  -23.719  26.236  12.638 0.0000000000
117185  -24.173  26.870  12.950 0.0000000000
117186  -27.427  26.562  13.179 0.0000000000
117187  -28.042  26.304  12.871 0.0000000000
117188  -28.863  26.263  12.447 0.0000000000
117195  -22.875  26.562  11.446 0.0000000000
117196  -23.167  26.704  11.997 0.0000000000
117197  -29.544  26.229  12.014 0.0000000000
117198  -30.233  26.185  11.561 0.0000000000
117207  -22.685  26.662  10.866 0.0000000000
117218  -22.666  26.761  10.021 0.0000000000
117228  -22.931  26.837  9.012 0.0000000000
117229  -23.529  26.475  8.338 0.0000000000
117242  -22.993  27.104  7.943 0.0000000000
117243  -23.778  26.637  7.572 0.0000000000
117254  -23.239  27.205  6.975 0.0000000000
117255  -23.942  26.657  6.679 0.0000000000
117265  -23.257  27.025  5.997 0.0000000000
117266  -23.809  26.386  5.759 0.0000000000
117274  -22.368  26.771  4.676 0.0000000000
117275  -22.930  26.498  4.988 0.0000000000
117276  -23.637  26.170  5.299 0.0000000000
117285  -22.186  26.542  4.206 0.0000000000
117286  -22.645  26.280  4.414 0.0000000000
117296  -21.567  26.743  3.288 0.0000000000
117297  -21.930  26.397  2.255 0.0000000000
117306  -21.502  27.357  2.171 0.0000000000
117307  -22.241  26.905  1.393 0.0000000000
118003  -24.791  26.974  13.291 0.0000000000
118004  -25.618  27.023  13.443 0.0000000000
118005  -26.475  27.053  13.375 0.0000000000
118006  -27.080  26.937  13.258 0.0000000000
118013  -23.752  27.296  12.547 0.0000000000
118014  -24.482  27.670  12.913 0.0000000000
118015  -26.980  27.447  13.165 0.0000000000
118016  -27.586  27.273  12.891 0.0000000000
118017  -28.495  27.245  12.382 0.0000000000
118018  -29.153  26.916  12.083 0.0000000000
118022  -22.779  27.295  11.448 0.0000000000
118023  -23.278  27.828  12.022 0.0000000000
118024  -29.062  27.547  11.869 0.0000000000
118025  -29.719  27.185  11.561 0.0000000000
118031  -22.462  27.559  10.656 0.0000000000
118039  -22.290  27.631  9.656 0.0000000000
118046  -21.832  28.262  8.188 0.0000000000
118047  -22.156  27.904  8.497 0.0000000000
118054  -21.830  28.241  7.732 0.0000000000
118055  -22.446  27.675  7.377 0.0000000000
118065  -21.933  28.139  6.784 0.0000000000
118066  -22.577  27.522  6.398 0.0000000000
118077  -22.022  27.844  5.826 0.0000000000
118078  -22.563  27.214  5.512 0.0000000000
118089  -22.061  27.305  4.872 0.0000000000
118090  -22.498  26.997  5.116 0.0000000000
118100  -21.137  28.108  3.707 0.0000000000
118101  -21.390  27.690  3.838 0.0000000000
118108  -21.040  28.131  3.446 0.0000000000
118109  -21.109  27.810  2.840 0.0000000000
118117  -21.327  27.991  2.054 0.0000000000
118118  -21.804  27.782  1.562 0.0000000000
118125  -22.405  27.701  1.051 0.0000000000
118779  -25.322  27.787  13.165 0.0000000000
118780  -26.177  27.738  13.216 0.0000000000
118781  -26.659  27.626  13.175 0.0000000000
118789  -24.018  28.449  12.524 0.0000000000
118790  -25.010  28.594  12.812 0.0000000000
118791  -25.992  28.536  12.859 0.0000000000
118792  -27.007  28.169  12.836 0.0000000000
118793  -27.979  28.082  12.377 0.0000000000
118794  -28.647  28.156  11.893 0.0000000000
118799  -22.795  28.483  11.397 0.0000000000
118800  -23.467  28.730  12.014 0.0000000000
118801  -29.323  28.176  11.444 0.0000000000
118807  -21.758  29.038  9.895 0.0000000000
118808  -22.151  28.607  10.412 0.0000000000
118817  -21.572  28.973  9.238 0.0000000000
118818  -21.883  28.399  9.441 0.0000000000
118827  -21.535  28.692  8.348 0.0000000000
118828  -21.764  28.467  8.881 0.0000000000
118836  -20.875  29.193  6.873 0.0000000000
118837  -21.156  28.890  7.219 0.0000000000
118844  -20.922  29.131  6.466 0.0000000000
118845  -21.425  28.540  6.203 0.0000000000
118853  -20.996  28.974  5.639 0.0000000000
118854  -21.500  28.276  5.283 0.0000000000
118864  -20.954  28.782  4.796 0.0000000000
118865  -21.371  28.116  4.438 0.0000000000
118876  -20.965  28.496  3.886 0.0000000000
118877  -21.266  28.112  4.035 0.0000000000
118887  -20.805  28.645  3.037 0.0000000000
118888  -21.114  28.628  2.316 0.0000000000
118899  -21.576  28.631  1.650 0.0000000000
118900  -22.069  28.331  1.230 0.0000000000
118911  -22.022  28.950  1.177 0.0000000000
119609  -23.910  29.253  12.236 0.0000000000
119610  -24.712  29.565  12.374 0.0000000000
119611  -25.703  29.345  12.504 0.0000000000
119612  -26.770  29.391  12.292 0.0000000000
119613  -27.766  28.891  12.123 0.0000000000
119614  -28.287  28.601  11.942 0.0000000000
119623  -22.581  29.711  11.022 0.0000000000
119624  -23.474  29.604  11.769 0.0000000000
119625  -24.110  29.764  12.110 0.0000000000
119626  -27.179  30.034  11.813 0.0000000000
119627  -27.723  29.702  11.703 0.0000000000
119628  -28.758  29.222  11.336 0.0000000000
119635  -21.512  29.794  9.825 0.0000000000
119636  -21.967  29.496  10.378 0.0000000000
119637  -29.215  29.801  10.657 0.0000000000
119646  -20.680  30.174  8.555 0.0000000000
119647  -21.141  29.544  8.942 0.0000000000
119655  -20.546  29.987  7.740 0.0000000000
119656  -20.937  29.426  8.070 0.0000000000
119663  -20.632  29.651  6.904 0.0000000000
119664  -20.798  29.467  7.496 0.0000000000
119672  -20.558  29.683  5.917 0.0000000000
119680  -20.597  29.472  5.158 0.0000000000
119687  -20.501  29.513  4.357 0.0000000000
119695  -20.548  29.506  3.397 0.0000000000
119702  -20.883  29.562  2.502 0.0000000000
119703  -21.279  29.258  1.951 0.0000000000
119708  -21.263  29.909  1.914 0.0000000000
119709  -21.690  29.609  1.437 0.0000000000
120389  -25.079  30.254  12.123 0.0000000000
120390  -25.622  30.047  12.209 0.0000000000
120391  -26.163  29.814  12.249 0.0000000000
120401  -22.697  30.784  10.871 0.0000000000
120402  -23.370  30.606  11.356 0.0000000000
120403  -24.448  30.502  11.807 0.0000000000
120404  -25.564  30.746  11.815 0.0000000000
120405  -26.549  30.378  11.819 0.0000000000
120406  -27.615  30.535  11.248 0.0000000000
120407  -28.224  30.027  11.255 0.0000000000
120413  -21.543  30.833  10.040 0.0000000000
120414  -22.066  30.329  10.486 0.0000000000
120415  -27.945  30.889  10.647 0.0000000000
120416  -28.667  30.461  10.480 0.0000000000
120421  -20.622  31.055  8.859 0.0000000000
120422  -21.030  30.448  9.358 0.0000000000
120423  -29.023  30.851  9.735 0.0000000000
120430  -20.330  30.797  8.064 0.0000000000
120437  -20.225  30.587  7.194 0.0000000000
120444  -19.772  31.172  5.682 0.0000000000
120445  -20.173  30.466  6.237 0.0000000000
120452  -19.821  31.173  5.153 0.0000000000
120453  -20.113  30.506  5.055 0.0000000000
120460  -20.222  30.487  3.843 0.0000000000
120468  -20.508  30.501  2.868 0.0000000000
120477  -20.974  30.571  2.117 0.0000000000
120487  -21.490  30.558  1.523 0.0000000000
121235  -22.744  31.273  10.781 0.0000000000
121236  -23.178  31.436  10.956 0.0000000000
121237  -24.042  31.434  11.256 0.0000000000
121238  -25.268  31.755  11.212 0.0000000000
121239  -26.384  31.285  11.334 0.0000000000
121240  -27.021  30.972  11.302 0.0000000000
121251  -21.680  31.684  9.984 0.0000000000
121252  -22.290  31.344  10.507 0.0000000000
121253  -22.787  31.532  10.748 0.0000000000
121254  -25.734  32.275  10.596 0.0000000000
121255  -26.321  31.912  10.711 0.0000000000
121256  -27.364  31.432  10.488 0.0000000000
121257  -28.115  31.070  10.306 0.0000000000
121261  -20.719  31.936  9.003 0.0000000000
121262  -21.129  31.375  9.528 0.0000000000
121263  -27.665  31.698  9.704 0.0000000000
121264  -28.418  31.385  9.510 0.0000000000
121270  -20.270  31.660  8.316 0.0000000000
121271  -28.737  31.850  8.181 0.0000000000
121277  -19.601  32.107  6.968 0.0000000000
121278  -19.965  31.430  7.520 0.0000000000
121287  -19.497  31.974  6.002 0.0000000000
121288  -19.791  31.258  6.617 0.0000000000
121296  -19.656  31.818  4.995 0.0000000000
121297  -19.840  31.242  4.861 0.0000000000
121306  -19.706  32.057  4.405 0.0000000000
121307  -19.905  31.531  4.246 0.0000000000
121319  -20.273  31.501  3.223 0.0000000000
121335  -20.678  31.479  2.325 0.0000000000
121351  -21.202  31.451  1.612 0.0000000000
122050  -23.243  31.814  10.860 0.0000000000
122051  -23.599  31.936  10.917 0.0000000000
122052  -24.372  32.163  10.900 0.0000000000
122072  -21.727  32.053  9.912 0.0000000000
122073  -22.044  32.190  10.112 0.0000000000
122074  -22.921  32.066  10.668 0.0000000000
122075  -23.825  32.564  10.562 0.0000000000
122076  -25.040  32.871  10.213 0.0000000000
122077  -26.205  32.419  10.093 0.0000000000
122078  -26.777  32.016  10.222 0.0000000000
122090  -20.823  32.721  8.943 0.0000000000
122091  -21.467  32.275  9.592 0.0000000000
122092  -21.876  32.464  9.810 0.0000000000
122093  -25.333  33.217  9.397 0.0000000000
122094  -26.045  32.993  9.111 0.0000000000
122095  -27.117  32.190  9.486 0.0000000000
122096  -27.774  31.833  9.342 0.0000000000
122101  -19.937  33.037  8.065 0.0000000000
122102  -20.330  32.508  8.461 0.0000000000
122103  -26.292  33.186  8.310 0.0000000000
122104  -27.034  32.867  8.109 0.0000000000
122105  -27.911  32.121  8.690 0.0000000000
122110  -19.604  32.945  7.331 0.0000000000
122111  -19.874  32.275  7.820 0.0000000000
122118  -19.462  32.873  6.371 0.0000000000
122129  -19.516  32.797  5.353 0.0000000000
122142  -19.610  32.718  4.284 0.0000000000
122143  -19.752  32.198  4.103 0.0000000000
122157  -19.675  33.025  3.671 0.0000000000
122158  -19.906  32.521  3.505 0.0000000000
122175  -20.402  32.482  2.526 0.0000000000
122186  -20.939  32.403  1.710 0.0000000000
122892  -22.533  32.516  10.203 0.0000000000
122893  -23.049  32.849  10.227 0.0000000000
122894  -23.910  33.233  10.069 0.0000000000
122895  -24.437  33.364  9.776 0.0000000000
122913  -20.829  33.079  8.863 0.0000000000
122914  -21.199  33.090  9.122 0.0000000000
122915  -22.125  32.908  9.707 0.0000000000
122916  -23.064  33.444  9.670 0.0000000000
122917  -23.918  33.704  9.409 0.0000000000
122918  -24.774  33.502  9.301 0.0000000000
122919  -25.367  33.423  8.900 0.0000000000
122932  -20.083  33.375  8.113 0.0000000000
122933  -20.503  33.404  8.480 0.0000000000
122934  -21.138  33.643  8.874 0.0000000000
122935  -24.270  33.919  8.864 0.0000000000
122936  -24.860  33.841  8.454 0.0000000000
122937  -25.703  33.515  8.223 0.0000000000
122938  -26.317  33.389  7.804 0.0000000000
122945  -19.910  33.647  7.738 0.0000000000
122946  -20.227  33.895  8.040 0.0000000000
122947  -25.181  33.977  7.802 0.0000000000
122948  -25.787  33.945  7.269 0.0000000000
122949  -26.713  33.505  7.147 0.0000000000
122956  -19.536  33.716  6.773 0.0000000000
122957  -26.391  34.018  6.657 0.0000000000
122971  -19.453  33.719  5.764 0.0000000000
122987  -19.499  33.710  4.716 0.0000000000
123000  -19.632  33.719  3.619 0.0000000000
123001  -19.769  33.200  3.354 0.0000000000
123016  -19.732  34.169  2.984 0.0000000000
123017  -19.996  33.574  2.704 0.0000000000
123025  -20.741  33.434  1.772 0.0000000000
123026  -21.470  33.278  1.227 0.0000000000
123721  -21.644  33.521  9.196 0.0000000000
123722  -22.285  33.771  9.294 0.0000000000
123723  -23.083  34.015  9.143 0.0000000000
123724  -23.704  34.138  8.886 0.0000000000
123740  -20.909  34.010  8.592 0.0000000000
123741  -21.542  34.117  8.848 0.0000000000
123742  -22.330  34.430  8.872 0.0000000000
123743  -23.140  34.569  8.691 0.0000000000
123744  -24.028  34.475  8.346 0.0000000000
123745  -24.676  34.296  7.921 0.0000000000
123750  -20.128  34.195  7.733 0.0000000000
123751  -20.528  34.261  8.124 0.0000000000
123752  -24.348  34.765  7.776 0.0000000000
123753  -24.964  34.595  7.363 0.0000000000
123754  -25.429  34.458  6.979 0.0000000000
123765  -19.837  34.475  7.138 0.0000000000
123766  -25.220  34.838  6.861 0.0000000000
123767  -25.777  34.602  6.547 0.0000000000
123782  -19.528  34.560  6.194 0.0000000000
123783  -26.180  34.844  6.046 0.0000000000
123795  -19.431  34.644  5.188 0.0000000000
123804  -19.431  34.679  4.139 0.0000000000
123814  -19.584  34.737  3.228 0.0000000000
123815  -19.938  34.692  2.537 0.0000000000
123821  -20.618  34.536  1.863 0.0000000000
123822  -21.666  34.388  1.222 0.0000000000
124587  -21.041  34.484  8.418 0.0000000000
124588  -21.592  34.819  8.473 0.0000000000
124589  -22.384  35.077  8.455 0.0000000000
124590  -23.205  35.135  8.237 0.0000000000
124591  -23.824  35.093  7.899 0.0000000000
124596  -20.287  34.636  7.611 0.0000000000
124597  -20.831  35.046  7.854 0.0000000000
124598  -21.618  35.473  8.021 0.0000000000
124599  -22.436  35.687  7.974 0.0000000000
124600  -23.285  35.678  7.748 0.0000000000
124601  -24.181  35.434  7.396 0.0000000000
124602  -24.807  35.189  6.997 0.0000000000
124615  -20.232  35.132  7.209 0.0000000000
124616  -20.594  35.583  7.260 0.0000000000
124617  -24.518  35.690  6.904 0.0000000000
124618  -25.151  35.490  6.557 0.0000000000
124619  -25.755  35.220  6.174 0.0000000000
124629  -19.816  35.263  6.562 0.0000000000
124630  -25.554  35.775  6.110 0.0000000000
124631  -26.142  35.514  5.768 0.0000000000
124638  -19.521  35.471  5.719 0.0000000000
124645  -19.471  35.693  4.637 0.0000000000
124651  -19.495  35.602  3.596 0.0000000000
124652  -19.743  35.602  2.745 0.0000000000
124658  -20.380  35.587  2.041 0.0000000000
124659  -21.367  35.572  1.391 0.0000000000
124660  -22.105  35.219  1.028 0.0000000000
124666  -22.130  35.930  0.800 0.0000000000
124673  -22.430  35.864  0.022 0.0000000000
125418  -21.035  35.746  7.545 0.0000000000
125419  -21.617  36.199  7.528 0.0000000000
125420  -22.544  36.306  7.544 0.0000000000
125421  -23.410  36.301  7.288 0.0000000000
125422  -24.062  36.066  7.024 0.0000000000
125434  -20.231  35.686  6.831 0.0000000000
125435  -20.701  36.263  6.932 0.0000000000
125436  -21.337  36.735  6.991 0.0000000000
125437  -23.768  36.562  6.892 0.0000000000
125438  -24.416  36.359  6.655 0.0000000000
125439  -25.088  36.350  6.268 0.0000000000
125446  -19.897  36.158  6.281 0.0000000000
125447  -20.346  36.797  6.324 0.0000000000
125448  -25.614  36.371  5.871 0.0000000000
125449  -26.285  36.417  5.523 0.0000000000
125456  -19.628  36.372  5.385 0.0000000000
125463  -19.581  36.613  4.646 0.0000000000
125469  -19.549  36.446  3.936 0.0000000000
125470  -19.655  36.457  3.141 0.0000000000
125477  -20.089  36.541  2.376 0.0000000000
125478  -20.762  36.589  1.623 0.0000000000
125485  -21.588  36.688  1.098 0.0000000000
125496  -21.902  36.764  0.392 0.0000000000
125510  -21.215  36.545  -1.275 0.0000000000
125511  -21.579  36.748  -0.512 0.0000000000
126188  -21.930  36.757  7.222 0.0000000000
126189  -22.591  36.883  7.093 0.0000000000
126190  -23.245  36.881  6.909 0.0000000000
126199  -20.875  36.979  6.587 0.0000000000
126200  -21.674  37.367  6.650 0.0000000000
126201  -22.757  37.427  6.682 0.0000000000
126202  -23.692  37.181  6.577 0.0000000000
126203  -24.529  37.132  6.271 0.0000000000
126204  -25.131  36.937  6.029 0.0000000000
126208  -19.930  36.896  5.865 0.0000000000
126209  -20.544  37.572  5.943 0.0000000000
126210  -21.392  38.093  6.021 0.0000000000
126211  -24.843  37.474  5.968 0.0000000000
126212  -25.507  37.308  5.685 0.0000000000
126213  -26.444  37.374  5.257 0.0000000000
126221  -19.805  37.260  5.145 0.0000000000
126222  -20.190  37.965  5.143 0.0000000000
126223  -26.907  37.684  4.838 0.0000000000
126233  -19.663  37.254  4.227 0.0000000000
126234  -19.746  37.634  3.670 0.0000000000
126243  -19.685  37.049  3.555 0.0000000000
126244  -19.905  37.460  2.956 0.0000000000
126255  -20.492  37.522  2.118 0.0000000000
126256  -21.201  37.574  1.474 0.0000000000
126272  -21.786  37.646  0.883 0.0000000000
126287  -21.694  37.694  -0.016 0.0000000000
126301  -21.285  37.043  -1.115 0.0000000000
126302  -21.309  37.699  -1.019 0.0000000000
126311  -21.078  37.167  -1.599 0.0000000000
126312  -21.194  37.828  -1.964 0.0000000000
126974  -22.214  38.043  6.277 0.0000000000
126975  -23.110  37.965  6.329 0.0000000000
126976  -23.960  37.811  6.170 0.0000000000
126977  -24.462  37.673  6.032 0.0000000000
126982  -20.882  38.611  5.299 0.0000000000
126983  -21.821  38.688  5.808 0.0000000000
126984  -22.602  38.502  5.998 0.0000000000
126985  -23.391  38.518  5.916 0.0000000000
126986  -24.533  38.241  5.743 0.0000000000
126987  -25.630  38.296  5.309 0.0000000000
126988  -26.406  38.236  4.882 0.0000000000
126992  -19.864  37.782  4.642 0.0000000000
126993  -20.193  38.359  4.548 0.0000000000
126994  -26.938  38.284  4.464 0.0000000000
126995  -27.578  38.303  3.999 0.0000000000
126996  -28.199  38.041  3.679 0.0000000000
127001  -19.779  37.930  4.134 0.0000000000
127002  -20.015  38.410  3.633 0.0000000000
127003  -27.942  38.625  3.552 0.0000000000
127004  -28.533  38.324  3.169 0.0000000000
127015  -20.379  38.453  2.675 0.0000000000
127016  -28.827  38.588  2.705 0.0000000000
127017  -29.348  38.368  2.291 0.0000000000
127028  -20.965  38.419  1.961 0.0000000000
127029  -21.502  38.477  1.378 0.0000000000
127043  -21.698  38.622  0.560 0.0000000000
127052  -21.501  38.649  -0.481 0.0000000000
127062  -21.464  38.666  -1.494 0.0000000000
127069  -21.585  38.573  -2.487 0.0000000000
127070  -22.007  38.852  -3.016 0.0000000000
127716  -21.068  39.200  4.971 0.0000000000
127717  -21.520  39.380  5.265 0.0000000000
127718  -22.514  39.207  5.673 0.0000000000
127719  -23.619  39.246  5.539 0.0000000000
127720  -24.767  39.444  5.142 0.0000000000
127721  -25.973  39.029  4.828 0.0000000000
127722  -26.516  38.737  4.565 0.0000000000
127729  -20.762  39.241  4.418 0.0000000000
127730  -21.185  39.454  4.848 0.0000000000
127731  -24.872  40.135  4.735 0.0000000000
127732  -25.581  39.886  4.633 0.0000000000
127733  -26.738  39.391  4.084 0.0000000000
127734  -27.511  38.941  3.688 0.0000000000
127739  -20.468  39.322  3.331 0.0000000000
127740  -27.022  39.997  3.480 0.0000000000
127741  -27.778  39.433  3.118 0.0000000000
127742  -28.464  38.917  2.878 0.0000000000
127749  -20.862  39.459  2.328 0.0000000000
127750  -21.139  40.098  1.993 0.0000000000
127751  -28.101  39.814  2.462 0.0000000000
127752  -28.686  39.280  2.492 0.0000000000
127753  -29.415  39.221  2.061 0.0000000000
127757  -21.232  38.991  1.766 0.0000000000
127758  -21.420  39.594  1.345 0.0000000000
127769  -21.515  39.618  0.102 0.0000000000
127779  -21.684  39.540  -0.938 0.0000000000
127787  -21.978  39.583  -1.970 0.0000000000
127788  -22.466  40.032  -2.205 0.0000000000
127795  -22.015  39.172  -2.619 0.0000000000
127796  -22.697  39.564  -2.882 0.0000000000
127797  -23.406  39.956  -2.959 0.0000000000
127806  -23.757  39.645  -3.590 0.0000000000
127807  -24.873  39.910  -3.657 0.0000000000
128476  -21.615  39.750  5.123 0.0000000000
128477  -21.959  39.850  5.313 0.0000000000
128478  -22.825  39.957  5.403 0.0000000000
128479  -23.675  39.978  5.192 0.0000000000
128487  -21.039  39.702  4.359 0.0000000000
128488  -21.404  39.917  4.723 0.0000000000
128489  -22.173  40.442  5.056 0.0000000000
128490  -23.067  40.643  5.069 0.0000000000
128491  -24.114  40.503  4.757 0.0000000000
128492  -25.017  40.667  4.381 0.0000000000
128493  -25.901  40.390  4.211 0.0000000000
128502  -20.917  39.928  3.973 0.0000000000
128503  -21.317  40.448  4.148 0.0000000000
128504  -25.506  40.956  3.910 0.0000000000
128505  -26.360  40.710  3.563 0.0000000000
128506  -27.130  40.386  3.077 0.0000000000
128513  -20.727  40.133  3.150 0.0000000000
128514  -20.978  40.472  2.523 0.0000000000
128515  -26.772  41.107  2.843 0.0000000000
128516  -27.605  40.592  2.306 0.0000000000
128517  -28.465  40.040  2.103 0.0000000000
128518  -28.964  39.701  2.114 0.0000000000
128523  -21.269  40.823  1.768 0.0000000000
128524  -27.844  41.069  1.829 0.0000000000
128525  -28.320  40.761  1.757 0.0000000000
128526  -29.299  40.231  1.790 0.0000000000
128536  -21.544  40.621  0.693 0.0000000000
128543  -21.894  40.609  -0.472 0.0000000000
128544  -22.328  41.158  -0.788 0.0000000000
128551  -22.019  40.099  -1.244 0.0000000000
128552  -22.538  40.687  -1.593 0.0000000000
128553  -23.089  41.099  -1.893 0.0000000000
128562  -22.742  40.252  -2.319 0.0000000000
128563  -23.393  40.634  -2.482 0.0000000000
128564  -24.367  41.091  -2.733 0.0000000000
128565  -24.834  41.325  -2.851 0.0000000000
128576  -23.711  40.114  -2.998 0.0000000000
128577  -24.221  40.347  -3.085 0.0000000000
128578  -25.187  40.778  -3.131 0.0000000000
129253  -21.725  40.645  4.509 0.0000000000
129254  -22.347  41.035  4.571 0.0000000000
129255  -23.257  41.245  4.506 0.0000000000
129256  -24.165  41.283  4.227 0.0000000000
129257  -24.871  41.306  3.934 0.0000000000
129263  -21.075  40.498  3.652 0.0000000000
129264  -21.551  41.110  3.829 0.0000000000
129265  -22.476  41.619  3.973 0.0000000000
129266  -23.387  41.849  3.879 0.0000000000
129267  -24.310  41.881  3.674 0.0000000000
129268  -25.346  41.654  3.408 0.0000000000
129269  -26.132  41.480  3.100 0.0000000000
129276  -20.998  40.775  3.183 0.0000000000
129277  -21.276  41.361  2.775 0.0000000000
129278  -25.766  41.980  2.913 0.0000000000
129279  -26.359  41.870  2.668 0.0000000000
129280  -27.037  41.613  2.363 0.0000000000
129290  -21.429  41.773  2.029 0.0000000000
129291  -27.562  41.541  1.959 0.0000000000
129292  -28.116  41.542  1.669 0.0000000000
129293  -28.876  41.326  1.450 0.0000000000
129304  -21.583  41.675  1.151 0.0000000000
129305  -21.900  42.010  0.528 0.0000000000
129317  -21.777  41.344  0.324 0.0000000000
129318  -22.196  41.722  -0.207 0.0000000000
129329  -22.618  41.655  -0.929 0.0000000000
129330  -23.074  41.639  -1.482 0.0000000000
129331  -23.554  41.932  -1.723 0.0000000000
129342  -23.413  41.394  -1.951 0.0000000000
129343  -23.966  41.668  -2.184 0.0000000000
129344  -24.629  41.763  -2.577 0.0000000000
129355  -25.148  41.686  -2.938 0.0000000000
129356  -25.787  41.532  -3.270 0.0000000000
130088  -21.889  41.768  3.348 0.0000000000
130089  -22.606  42.197  3.310 0.0000000000
130090  -23.547  42.455  3.226 0.0000000000
130091  -24.518  42.425  3.086 0.0000000000
130092  -25.248  42.321  2.895 0.0000000000
130098  -21.868  42.153  2.652 0.0000000000
130099  -22.713  42.822  2.459 0.0000000000
130100  -23.855  43.112  2.613 0.0000000000
130101  -24.860  42.936  2.545 0.0000000000
130102  -25.795  42.596  2.497 0.0000000000
130103  -26.639  42.416  2.201 0.0000000000
130104  -27.194  42.122  2.033 0.0000000000
130112  -21.871  42.414  1.802 0.0000000000
130113  -22.385  43.070  1.408 0.0000000000
130114  -27.040  42.637  1.828 0.0000000000
130115  -27.649  42.373  1.671 0.0000000000
130116  -28.525  42.240  1.465 0.0000000000
130124  -21.923  42.436  1.045 0.0000000000
130125  -22.324  42.720  0.400 0.0000000000
130135  -22.691  42.488  -0.469 0.0000000000
130136  -23.083  42.714  -0.823 0.0000000000
130147  -22.958  42.204  -1.002 0.0000000000
130148  -23.366  42.503  -1.314 0.0000000000
130149  -23.852  42.505  -1.840 0.0000000000
130161  -24.380  42.455  -2.293 0.0000000000
130162  -24.935  42.423  -2.708 0.0000000000
130171  -25.474  42.357  -3.158 0.0000000000
130937  -23.326  43.495  1.763 0.0000000000
130938  -24.390  43.564  1.929 0.0000000000
130939  -25.394  43.352  2.000 0.0000000000
130940  -26.266  43.099  1.946 0.0000000000
130941  -26.732  42.889  1.845 0.0000000000
130947  -22.950  43.585  0.782 0.0000000000
130948  -23.992  44.067  1.023 0.0000000000
130949  -25.084  43.956  1.349 0.0000000000
130950  -26.010  43.726  1.478 0.0000000000
130951  -27.020  43.397  1.365 0.0000000000
130952  -28.121  43.084  1.294 0.0000000000
130959  -22.876  43.264  -0.130 0.0000000000
130960  -23.507  43.877  0.079 0.0000000000
130961  -27.242  43.836  0.885 0.0000000000
130962  -27.701  43.698  0.786 0.0000000000
130971  -22.985  42.989  -0.563 0.0000000000
130972  -23.441  43.368  -0.814 0.0000000000
130973  -23.953  43.560  -1.335 0.0000000000
130985  -23.712  43.088  -1.494 0.0000000000
130986  -24.278  43.300  -1.939 0.0000000000
130987  -24.880  43.515  -2.292 0.0000000000
130999  -24.690  43.026  -2.484 0.0000000000
131000  -25.307  43.249  -2.826 0.0000000000
131744  -24.215  44.271  0.168 0.0000000000
131745  -24.945  44.377  0.547 0.0000000000
131746  -25.884  44.270  0.872 0.0000000000
131747  -26.475  43.996  1.093 0.0000000000
131751  -24.012  44.083  -0.565 0.0000000000
131752  -24.820  44.447  -0.391 0.0000000000
131753  -25.818  44.575  -0.060 0.0000000000
131754  -27.015  44.293  0.455 0.0000000000
131760  -23.939  43.832  -1.031 0.0000000000
131761  -24.547  44.058  -1.353 0.0000000000
131762  -25.598  44.586  -1.181 0.0000000000
131763  -26.728  44.723  -0.904 0.0000000000
131776  -24.769  43.771  -1.951 0.0000000000
131777  -25.422  44.081  -2.232 0.0000000000
