#!ascii label  , from subject ab_data vox2ras=TkReg
534
112897  -19.564  21.896  -17.186 0.0000000000
112898  -20.033  21.617  -17.000 0.0000000000
112910  -19.676  21.601  -17.774 0.0000000000
113732  -20.808  23.207  -13.890 0.0000000000
113733  -21.210  22.900  -13.658 0.0000000000
113734  -22.239  22.531  -13.511 0.0000000000
113748  -20.734  22.796  -14.343 0.0000000000
113761  -19.874  22.896  -15.715 0.0000000000
113777  -18.819  22.993  -17.080 0.0000000000
113778  -19.504  22.394  -16.635 0.0000000000
113779  -20.342  22.105  -16.172 0.0000000000
113780  -20.856  21.962  -15.761 0.0000000000
113790  -19.183  22.239  -17.495 0.0000000000
114555  -24.246  23.807  -8.477 0.0000000000
114562  -23.623  23.844  -9.387 0.0000000000
114563  -24.191  23.584  -9.134 0.0000000000
114567  -23.322  23.814  -10.028 0.0000000000
114572  -23.021  23.646  -10.885 0.0000000000
114573  -23.826  23.243  -10.632 0.0000000000
114575  -22.857  23.584  -11.780 0.0000000000
114576  -23.573  23.128  -11.466 0.0000000000
114580  -22.064  23.619  -12.888 0.0000000000
114581  -22.622  23.421  -12.658 0.0000000000
114582  -23.313  23.152  -12.278 0.0000000000
114591  -20.934  23.594  -13.588 0.0000000000
114592  -21.645  23.439  -13.269 0.0000000000
114593  -22.273  23.240  -13.130 0.0000000000
114603  -20.124  23.937  -14.639 0.0000000000
114604  -20.526  23.659  -14.161 0.0000000000
114615  -19.688  23.829  -15.315 0.0000000000
114616  -20.271  23.282  -14.919 0.0000000000
114629  -18.695  23.755  -16.841 0.0000000000
114630  -19.147  23.509  -16.242 0.0000000000
114640  -18.535  23.678  -17.627 0.0000000000
115550  -24.698  25.172  -6.363 0.0000000000
115551  -25.305  25.116  -6.225 0.0000000000
115556  -22.430  25.036  -7.465 0.0000000000
115557  -22.899  24.813  -7.417 0.0000000000
115558  -24.453  24.648  -6.946 0.0000000000
115564  -21.885  24.976  -8.096 0.0000000000
115565  -22.275  24.841  -7.866 0.0000000000
115566  -23.462  24.285  -8.003 0.0000000000
115567  -24.437  24.032  -7.833 0.0000000000
115570  -21.848  24.832  -8.591 0.0000000000
115571  -22.714  24.268  -9.053 0.0000000000
115572  -23.642  23.994  -8.811 0.0000000000
115575  -21.124  25.098  -9.994 0.0000000000
115576  -21.533  24.808  -9.720 0.0000000000
115577  -22.420  24.222  -10.278 0.0000000000
115579  -21.115  25.162  -10.419 0.0000000000
115580  -21.681  24.664  -10.787 0.0000000000
115581  -22.324  24.125  -11.273 0.0000000000
115583  -21.118  25.188  -11.332 0.0000000000
115584  -21.669  24.548  -11.786 0.0000000000
115585  -22.215  23.956  -12.149 0.0000000000
115588  -20.859  24.898  -12.305 0.0000000000
115589  -21.556  24.130  -12.746 0.0000000000
115590  -22.118  23.773  -12.601 0.0000000000
115598  -19.920  24.881  -13.915 0.0000000000
115599  -20.433  24.555  -13.510 0.0000000000
115600  -21.160  23.948  -13.286 0.0000000000
115609  -19.782  24.655  -14.541 0.0000000000
115610  -20.228  24.205  -14.215 0.0000000000
115619  -18.612  24.938  -16.455 0.0000000000
115620  -18.866  24.670  -15.855 0.0000000000
115628  -18.574  24.547  -16.986 0.0000000000
115629  -18.779  24.120  -16.454 0.0000000000
115638  -18.505  24.485  -18.248 0.0000000000
116479  -23.739  26.289  -5.888 0.0000000000
116480  -24.594  25.737  -5.967 0.0000000000
116481  -25.847  25.909  -5.734 0.0000000000
116485  -21.654  25.917  -7.168 0.0000000000
116486  -22.179  25.437  -7.252 0.0000000000
116487  -23.241  25.628  -6.510 0.0000000000
116488  -23.962  25.482  -6.644 0.0000000000
116491  -20.708  25.967  -8.293 0.0000000000
116492  -21.642  25.255  -7.959 0.0000000000
116493  -21.999  25.177  -7.637 0.0000000000
116497  -20.744  25.726  -8.762 0.0000000000
116498  -21.385  25.074  -9.118 0.0000000000
116501  -20.821  25.419  -9.896 0.0000000000
116502  -21.241  25.105  -9.564 0.0000000000
116504  -20.158  26.353  -11.212 0.0000000000
116505  -20.484  25.852  -10.884 0.0000000000
116507  -20.391  26.215  -11.491 0.0000000000
116508  -20.654  25.798  -11.852 0.0000000000
116510  -19.985  26.133  -13.315 0.0000000000
116511  -20.282  25.623  -12.902 0.0000000000
116516  -19.837  25.549  -13.869 0.0000000000
116517  -20.089  25.202  -13.379 0.0000000000
116526  -19.292  25.650  -15.109 0.0000000000
116534  -18.685  25.188  -16.296 0.0000000000
116535  -18.979  25.763  -16.240 0.0000000000
116540  -18.754  25.284  -16.823 0.0000000000
116541  -19.238  25.868  -17.301 0.0000000000
116546  -18.793  25.274  -17.784 0.0000000000
116547  -19.440  25.799  -18.304 0.0000000000
116555  -18.942  25.224  -19.048 0.0000000000
116556  -20.025  25.774  -19.242 0.0000000000
116557  -20.677  25.993  -19.478 0.0000000000
117351  -21.868  27.216  -6.065 0.0000000000
117352  -22.520  26.940  -5.874 0.0000000000
117353  -23.719  26.722  -5.616 0.0000000000
117354  -25.017  26.616  -5.389 0.0000000000
117360  -20.827  27.277  -6.948 0.0000000000
117361  -21.797  26.729  -6.431 0.0000000000
117362  -22.390  26.349  -6.377 0.0000000000
117363  -23.074  26.523  -5.968 0.0000000000
117366  -20.477  26.788  -7.776 0.0000000000
117367  -21.267  26.320  -7.232 0.0000000000
117371  -19.722  27.102  -8.933 0.0000000000
117372  -20.039  26.848  -8.563 0.0000000000
117374  -19.623  26.902  -9.807 0.0000000000
117375  -20.053  26.478  -9.461 0.0000000000
117377  -19.793  26.692  -10.769 0.0000000000
117378  -20.117  26.236  -10.155 0.0000000000
117380  -20.086  26.733  -11.724 0.0000000000
117381  -20.446  26.286  -11.822 0.0000000000
117383  -20.064  26.671  -12.791 0.0000000000
117384  -20.407  26.271  -12.233 0.0000000000
117386  -19.744  26.681  -13.671 0.0000000000
117394  -19.411  26.648  -14.634 0.0000000000
117403  -19.354  26.627  -15.722 0.0000000000
117408  -19.753  26.677  -16.847 0.0000000000
117409  -20.332  27.165  -17.192 0.0000000000
117414  -19.916  26.322  -17.932 0.0000000000
117415  -20.431  26.849  -17.758 0.0000000000
117421  -20.035  26.093  -18.563 0.0000000000
117422  -20.839  26.405  -18.828 0.0000000000
117423  -22.027  26.832  -19.253 0.0000000000
117435  -21.021  26.058  -19.629 0.0000000000
118154  -23.293  28.307  -4.930 0.0000000000
118155  -23.865  28.109  -4.768 0.0000000000
118156  -24.924  28.097  -4.796 0.0000000000
118162  -22.065  27.766  -5.829 0.0000000000
118163  -23.073  27.782  -5.283 0.0000000000
118164  -24.341  27.431  -5.107 0.0000000000
118165  -25.556  27.398  -5.101 0.0000000000
118172  -20.648  27.903  -6.864 0.0000000000
118173  -21.330  27.669  -6.360 0.0000000000
118176  -19.844  28.102  -7.951 0.0000000000
118177  -20.184  27.731  -7.593 0.0000000000
118181  -19.701  27.816  -8.418 0.0000000000
118182  -19.989  27.210  -8.219 0.0000000000
118184  -19.415  27.712  -9.332 0.0000000000
118187  -19.347  27.617  -10.285 0.0000000000
118190  -19.488  27.573  -11.271 0.0000000000
118192  -19.708  27.543  -12.260 0.0000000000
118196  -19.774  27.511  -13.220 0.0000000000
118204  -19.617  27.552  -14.177 0.0000000000
118214  -19.667  27.719  -15.406 0.0000000000
118215  -20.263  28.219  -15.944 0.0000000000
118222  -19.708  27.170  -16.138 0.0000000000
118223  -20.253  27.641  -16.585 0.0000000000
118229  -20.894  27.555  -17.625 0.0000000000
118230  -21.908  27.840  -18.069 0.0000000000
118231  -22.488  27.906  -18.220 0.0000000000
118240  -20.898  27.013  -18.185 0.0000000000
118241  -21.521  27.197  -18.478 0.0000000000
118242  -22.692  27.439  -18.783 0.0000000000
118958  -23.522  28.631  -4.748 0.0000000000
118959  -24.266  28.745  -4.582 0.0000000000
118964  -22.280  28.455  -5.523 0.0000000000
118965  -22.860  28.779  -5.055 0.0000000000
118970  -20.871  28.413  -6.530 0.0000000000
118971  -21.511  28.661  -6.011 0.0000000000
118975  -19.936  28.405  -7.685 0.0000000000
118976  -20.286  28.632  -7.087 0.0000000000
118981  -19.689  28.529  -8.169 0.0000000000
118984  -19.435  28.526  -8.885 0.0000000000
118987  -19.241  28.510  -9.770 0.0000000000
118990  -19.240  28.501  -10.739 0.0000000000
118992  -19.495  28.500  -11.760 0.0000000000
118993  -19.787  28.948  -12.331 0.0000000000
118999  -19.729  28.293  -12.715 0.0000000000
119000  -20.113  29.004  -13.017 0.0000000000
119009  -19.891  28.297  -13.618 0.0000000000
119010  -20.408  29.093  -14.009 0.0000000000
119026  -19.972  28.316  -14.506 0.0000000000
119027  -20.518  28.880  -15.273 0.0000000000
119028  -21.391  29.156  -15.879 0.0000000000
119046  -20.915  28.485  -16.402 0.0000000000
119047  -22.097  28.895  -16.577 0.0000000000
119048  -23.302  28.991  -16.867 0.0000000000
119049  -24.387  28.867  -16.845 0.0000000000
119065  -20.814  28.047  -17.028 0.0000000000
119066  -21.502  28.233  -17.269 0.0000000000
119067  -22.633  28.345  -17.696 0.0000000000
119068  -23.814  28.506  -17.644 0.0000000000
119087  -22.780  27.945  -18.273 0.0000000000
119088  -23.359  28.008  -18.310 0.0000000000
119749  -23.496  29.299  -4.667 0.0000000000
119750  -24.492  29.600  -4.561 0.0000000000
119755  -22.004  29.306  -5.429 0.0000000000
119756  -22.620  29.751  -4.932 0.0000000000
119760  -20.823  29.285  -6.476 0.0000000000
119761  -21.337  29.757  -5.885 0.0000000000
119764  -19.850  29.090  -7.697 0.0000000000
119765  -20.267  29.714  -7.116 0.0000000000
119769  -19.603  29.275  -8.434 0.0000000000
119773  -19.403  29.330  -9.248 0.0000000000
119775  -19.317  29.346  -10.130 0.0000000000
119777  -19.481  29.397  -11.076 0.0000000000
119778  -19.958  29.726  -11.516 0.0000000000
119779  -26.177  30.019  -12.071 0.0000000000
119780  -26.545  29.971  -12.056 0.0000000000
119781  -27.253  29.890  -12.019 0.0000000000
119785  -19.739  29.247  -11.799 0.0000000000
119786  -20.235  29.618  -12.233 0.0000000000
119787  -25.582  30.047  -12.804 0.0000000000
119788  -25.977  29.900  -12.512 0.0000000000
119789  -26.847  29.596  -12.622 0.0000000000
119790  -27.873  29.522  -12.500 0.0000000000
119791  -28.871  29.572  -12.851 0.0000000000
119792  -29.830  29.564  -12.874 0.0000000000
119805  -20.661  29.816  -13.163 0.0000000000
119806  -21.218  30.158  -13.501 0.0000000000
119807  -24.899  30.180  -13.634 0.0000000000
119808  -25.375  30.044  -13.340 0.0000000000
119809  -26.267  29.519  -13.449 0.0000000000
119810  -27.235  29.274  -13.446 0.0000000000
119811  -28.215  29.187  -13.490 0.0000000000
119823  -20.945  29.742  -13.870 0.0000000000
119824  -21.611  30.066  -14.092 0.0000000000
119825  -22.464  30.128  -14.446 0.0000000000
119826  -23.435  30.109  -14.472 0.0000000000
119827  -24.566  30.051  -14.158 0.0000000000
119828  -25.619  29.640  -14.388 0.0000000000
119829  -26.688  29.185  -14.559 0.0000000000
119830  -27.609  29.054  -14.229 0.0000000000
119840  -20.950  29.553  -14.504 0.0000000000
119841  -21.628  29.657  -15.075 0.0000000000
119842  -22.710  29.779  -15.186 0.0000000000
119843  -23.747  29.750  -15.212 0.0000000000
119844  -24.829  29.627  -15.283 0.0000000000
119845  -25.924  29.277  -15.517 0.0000000000
119858  -22.122  29.458  -15.792 0.0000000000
119859  -22.979  29.470  -16.011 0.0000000000
119860  -24.034  29.375  -16.093 0.0000000000
119861  -25.034  29.208  -16.146 0.0000000000
120546  -22.524  30.826  -4.733 0.0000000000
120547  -23.424  30.376  -4.562 0.0000000000
120553  -21.214  31.098  -5.766 0.0000000000
120554  -21.718  30.496  -5.331 0.0000000000
120555  -22.516  30.346  -4.828 0.0000000000
120559  -20.898  30.530  -6.291 0.0000000000
120560  -21.281  30.263  -5.829 0.0000000000
120565  -19.881  29.966  -7.907 0.0000000000
120566  -20.253  30.728  -7.343 0.0000000000
120569  -19.679  30.129  -8.720 0.0000000000
120570  -19.911  30.586  -9.082 0.0000000000
120574  -19.574  30.065  -9.531 0.0000000000
120575  -20.137  30.651  -9.660 0.0000000000
120580  -19.703  30.073  -10.335 0.0000000000
120581  -20.473  30.530  -10.466 0.0000000000
120582  -21.139  30.629  -10.808 0.0000000000
120583  -21.938  30.638  -10.849 0.0000000000
120584  -22.811  30.734  -10.871 0.0000000000
120585  -23.743  30.828  -10.854 0.0000000000
120586  -24.664  30.798  -10.890 0.0000000000
120587  -25.423  30.759  -11.050 0.0000000000
120592  -19.955  30.047  -10.991 0.0000000000
120593  -20.520  30.265  -11.442 0.0000000000
120594  -21.371  30.558  -11.579 0.0000000000
120595  -22.243  30.572  -11.615 0.0000000000
120596  -23.144  30.592  -11.628 0.0000000000
120597  -24.067  30.576  -11.634 0.0000000000
120598  -24.984  30.420  -11.671 0.0000000000
120599  -26.012  30.324  -11.717 0.0000000000
120600  -27.011  30.430  -11.616 0.0000000000
120601  -27.980  30.346  -11.689 0.0000000000
120602  -28.926  30.623  -11.798 0.0000000000
120603  -29.686  30.703  -11.873 0.0000000000
120610  -20.856  30.322  -12.335 0.0000000000
120611  -21.654  30.567  -12.376 0.0000000000
120612  -22.534  30.602  -12.419 0.0000000000
120613  -23.457  30.549  -12.423 0.0000000000
120614  -24.385  30.432  -12.474 0.0000000000
120615  -25.331  30.182  -12.573 0.0000000000
120616  -25.767  30.082  -12.239 0.0000000000
120617  -28.621  30.001  -12.178 0.0000000000
120618  -29.386  30.122  -12.296 0.0000000000
120619  -30.367  30.269  -12.295 0.0000000000
120633  -21.169  30.424  -12.977 0.0000000000
120634  -21.878  30.547  -13.239 0.0000000000
120635  -22.852  30.600  -13.179 0.0000000000
120636  -23.757  30.479  -13.194 0.0000000000
120637  -24.677  30.291  -13.355 0.0000000000
120638  -25.158  30.221  -13.098 0.0000000000
120645  -22.378  30.409  -13.792 0.0000000000
120646  -23.144  30.417  -13.852 0.0000000000
120647  -23.998  30.274  -13.811 0.0000000000
120648  -24.419  30.221  -13.783 0.0000000000
121389  -22.168  31.555  -4.838 0.0000000000
121390  -23.070  31.413  -4.427 0.0000000000
121391  -24.112  31.302  -4.275 0.0000000000
121395  -20.924  31.691  -6.019 0.0000000000
121396  -21.464  31.650  -5.435 0.0000000000
121399  -20.553  31.673  -6.825 0.0000000000
121404  -20.035  30.757  -8.200 0.0000000000
121405  -20.330  31.624  -7.775 0.0000000000
121408  -19.985  30.699  -8.699 0.0000000000
121409  -20.392  31.313  -8.800 0.0000000000
121416  -21.047  31.187  -9.685 0.0000000000
121417  -21.930  31.454  -9.793 0.0000000000
121418  -22.761  31.827  -9.887 0.0000000000
121419  -23.694  32.051  -9.881 0.0000000000
121420  -24.346  32.173  -9.910 0.0000000000
121426  -21.045  30.786  -10.286 0.0000000000
121427  -21.592  30.879  -10.226 0.0000000000
121428  -22.410  31.054  -10.252 0.0000000000
121429  -23.305  31.351  -10.340 0.0000000000
121430  -24.415  31.545  -10.246 0.0000000000
121431  -25.261  31.293  -10.504 0.0000000000
121432  -26.105  31.220  -10.799 0.0000000000
121433  -26.842  31.562  -10.949 0.0000000000
121440  -26.721  30.910  -11.177 0.0000000000
121441  -27.514  31.268  -11.254 0.0000000000
121442  -28.467  31.307  -11.490 0.0000000000
121443  -29.336  31.374  -11.654 0.0000000000
121444  -30.334  31.304  -11.830 0.0000000000
121445  -31.331  31.598  -12.062 0.0000000000
121446  -32.321  31.702  -12.082 0.0000000000
121454  -31.093  30.820  -12.207 0.0000000000
122206  -23.221  32.839  -3.800 0.0000000000
122210  -21.862  32.630  -5.055 0.0000000000
122211  -22.728  32.318  -4.402 0.0000000000
122212  -23.652  32.101  -4.042 0.0000000000
122214  -20.839  32.754  -6.374 0.0000000000
122215  -21.182  32.410  -5.672 0.0000000000
122219  -20.653  32.636  -7.332 0.0000000000
122223  -20.758  32.459  -8.218 0.0000000000
122231  -21.393  32.335  -8.949 0.0000000000
122232  -22.305  33.016  -9.126 0.0000000000
122233  -22.769  33.348  -9.302 0.0000000000
122243  -21.611  31.786  -9.443 0.0000000000
122244  -22.165  32.211  -9.456 0.0000000000
122245  -23.105  32.829  -9.562 0.0000000000
122246  -24.171  32.771  -9.784 0.0000000000
122247  -25.055  32.448  -10.024 0.0000000000
122248  -25.698  32.628  -10.267 0.0000000000
122256  -25.131  31.781  -10.204 0.0000000000
122257  -25.715  32.007  -10.360 0.0000000000
122258  -26.514  32.156  -10.654 0.0000000000
122259  -27.345  32.257  -10.956 0.0000000000
122267  -28.134  32.136  -11.296 0.0000000000
122268  -28.855  32.132  -11.559 0.0000000000
122269  -29.718  32.211  -11.658 0.0000000000
122270  -30.704  32.295  -11.773 0.0000000000
122271  -31.699  32.396  -11.788 0.0000000000
122272  -32.695  32.414  -11.647 0.0000000000
123034  -22.212  33.886  -1.790 0.0000000000
123038  -21.846  33.828  -2.870 0.0000000000
123039  -22.854  33.406  -2.424 0.0000000000
123042  -21.884  33.977  -3.978 0.0000000000
123043  -22.613  33.361  -3.399 0.0000000000
123046  -21.784  33.785  -4.949 0.0000000000
123047  -22.424  33.223  -4.311 0.0000000000
123049  -20.865  33.912  -6.263 0.0000000000
123050  -21.216  33.314  -5.625 0.0000000000
123054  -20.706  33.664  -7.004 0.0000000000
123061  -21.109  33.588  -7.874 0.0000000000
123062  -21.537  34.127  -8.170 0.0000000000
123074  -21.258  33.012  -8.392 0.0000000000
123075  -21.826  33.660  -8.603 0.0000000000
123076  -22.595  33.790  -9.112 0.0000000000
123084  -23.152  33.740  -9.359 0.0000000000
123085  -23.928  33.656  -9.581 0.0000000000
123086  -24.908  33.512  -9.825 0.0000000000
123087  -25.918  33.366  -10.193 0.0000000000
123088  -26.556  33.774  -10.334 0.0000000000
123096  -26.148  32.679  -10.414 0.0000000000
123097  -26.936  33.214  -10.539 0.0000000000
123098  -28.126  33.181  -11.190 0.0000000000
123099  -28.743  33.550  -11.356 0.0000000000
123108  -28.525  32.641  -11.425 0.0000000000
123109  -29.053  33.055  -11.544 0.0000000000
123110  -30.106  33.055  -11.524 0.0000000000
123111  -31.113  33.143  -11.577 0.0000000000
123112  -32.090  33.181  -11.538 0.0000000000
123113  -32.991  33.122  -11.266 0.0000000000
123838  -21.806  34.645  -1.204 0.0000000000
123844  -20.906  35.347  -2.677 0.0000000000
123845  -21.339  34.532  -2.258 0.0000000000
123850  -20.888  35.551  -3.241 0.0000000000
123851  -21.134  34.890  -3.510 0.0000000000
123853  -21.298  34.712  -4.705 0.0000000000
123855  -20.851  34.830  -6.243 0.0000000000
123856  -21.128  34.359  -5.568 0.0000000000
123861  -20.746  34.530  -6.819 0.0000000000
123869  -20.998  34.490  -7.377 0.0000000000
123870  -21.460  34.571  -7.839 0.0000000000
123881  -21.948  34.617  -8.260 0.0000000000
123882  -22.782  34.642  -8.806 0.0000000000
123883  -23.444  34.996  -8.949 0.0000000000
123892  -23.007  34.202  -9.180 0.0000000000
123893  -23.632  34.555  -9.243 0.0000000000
123894  -24.697  34.473  -9.519 0.0000000000
123895  -25.702  34.352  -9.827 0.0000000000
123896  -26.426  34.280  -10.186 0.0000000000
123905  -26.983  34.208  -10.410 0.0000000000
123906  -27.781  34.156  -10.691 0.0000000000
123907  -28.842  34.200  -11.165 0.0000000000
123908  -29.970  34.545  -11.121 0.0000000000
123909  -31.003  34.649  -11.014 0.0000000000
123910  -31.988  34.618  -10.772 0.0000000000
123911  -32.891  34.451  -10.382 0.0000000000
123920  -29.033  33.669  -11.399 0.0000000000
123921  -29.573  33.761  -11.396 0.0000000000
123922  -30.545  33.882  -11.383 0.0000000000
123923  -31.538  33.938  -11.335 0.0000000000
123924  -32.464  33.847  -11.050 0.0000000000
124685  -21.031  36.011  -1.595 0.0000000000
124686  -21.595  35.685  -0.861 0.0000000000
124699  -20.794  35.990  -2.267 0.0000000000
124700  -21.106  35.304  -1.759 0.0000000000
124709  -20.793  36.054  -3.011 0.0000000000
124710  -20.899  35.954  -3.688 0.0000000000
124715  -21.036  35.745  -4.529 0.0000000000
124719  -20.916  35.364  -6.346 0.0000000000
124720  -21.008  35.548  -5.687 0.0000000000
124727  -20.868  35.210  -6.804 0.0000000000
124728  -21.140  35.811  -6.628 0.0000000000
124736  -20.908  34.968  -7.159 0.0000000000
124737  -21.488  35.510  -7.440 0.0000000000
124738  -22.118  36.079  -7.776 0.0000000000
124749  -21.813  35.073  -7.924 0.0000000000
124750  -22.376  35.604  -8.201 0.0000000000
124751  -23.584  35.653  -8.778 0.0000000000
124752  -24.305  35.938  -8.879 0.0000000000
124762  -23.781  35.154  -9.013 0.0000000000
124763  -24.451  35.437  -9.124 0.0000000000
124764  -25.560  35.329  -9.498 0.0000000000
124765  -26.629  35.220  -10.014 0.0000000000
124766  -27.265  35.542  -10.170 0.0000000000
124773  -26.843  34.710  -10.284 0.0000000000
124774  -27.428  35.056  -10.375 0.0000000000
124775  -28.432  35.043  -10.585 0.0000000000
124776  -29.465  35.164  -10.682 0.0000000000
124777  -30.500  35.292  -10.596 0.0000000000
124778  -31.511  35.347  -10.408 0.0000000000
124779  -32.472  35.250  -10.068 0.0000000000
125524  -20.844  36.616  -1.922 0.0000000000
125533  -20.777  36.725  -2.639 0.0000000000
125534  -20.901  36.773  -3.414 0.0000000000
125539  -21.108  36.685  -4.258 0.0000000000
125543  -21.240  36.598  -5.205 0.0000000000
125549  -21.552  36.701  -6.301 0.0000000000
125550  -22.108  37.276  -6.642 0.0000000000
125558  -21.536  36.257  -6.989 0.0000000000
125559  -22.304  36.796  -7.356 0.0000000000
125560  -23.015  37.237  -7.778 0.0000000000
125568  -22.459  36.326  -7.941 0.0000000000
125569  -23.191  36.726  -8.223 0.0000000000
125570  -24.481  36.634  -8.733 0.0000000000
125571  -25.209  36.969  -8.896 0.0000000000
125583  -24.662  36.079  -8.948 0.0000000000
125584  -25.357  36.368  -9.147 0.0000000000
125585  -26.440  36.202  -9.577 0.0000000000
125586  -27.520  36.164  -9.923 0.0000000000
125587  -28.679  36.568  -9.984 0.0000000000
125588  -29.680  36.552  -9.834 0.0000000000
125589  -30.557  36.413  -9.532 0.0000000000
125600  -27.566  35.645  -10.211 0.0000000000
125601  -28.100  35.753  -10.277 0.0000000000
125602  -29.057  35.897  -10.365 0.0000000000
125603  -30.046  35.914  -10.202 0.0000000000
125604  -31.027  35.943  -9.964 0.0000000000
125605  -31.986  35.911  -9.646 0.0000000000
126319  -20.896  37.210  -2.212 0.0000000000
126320  -21.104  37.576  -2.868 0.0000000000
126325  -21.310  37.483  -3.824 0.0000000000
126331  -21.519  37.446  -4.763 0.0000000000
126332  -21.883  37.765  -5.334 0.0000000000
126341  -21.612  37.263  -5.552 0.0000000000
126342  -22.064  37.678  -6.050 0.0000000000
126351  -22.517  37.913  -6.807 0.0000000000
126352  -23.125  37.876  -7.482 0.0000000000
126353  -23.849  38.039  -7.767 0.0000000000
126360  -23.487  37.512  -7.914 0.0000000000
126361  -24.247  37.675  -8.224 0.0000000000
126362  -25.312  37.654  -8.610 0.0000000000
126363  -26.330  37.769  -8.718 0.0000000000
126364  -27.196  37.675  -8.890 0.0000000000
126365  -27.866  37.598  -9.074 0.0000000000
126366  -29.522  37.795  -8.297 0.0000000000
126377  -25.699  37.205  -9.002 0.0000000000
126378  -26.370  37.072  -9.207 0.0000000000
126379  -27.286  36.983  -9.365 0.0000000000
126380  -28.327  37.208  -9.417 0.0000000000
126381  -29.465  37.328  -9.343 0.0000000000
126382  -30.224  36.902  -9.216 0.0000000000
127076  -21.623  38.236  -3.358 0.0000000000
127077  -22.287  38.656  -3.635 0.0000000000
127084  -21.812  38.096  -4.176 0.0000000000
127085  -22.472  38.495  -4.500 0.0000000000
127086  -22.856  38.718  -4.974 0.0000000000
127095  -21.971  38.053  -4.848 0.0000000000
127096  -22.400  38.276  -5.365 0.0000000000
127097  -23.094  38.707  -5.573 0.0000000000
127098  -23.592  38.822  -5.872 0.0000000000
127108  -22.635  38.311  -6.140 0.0000000000
127109  -23.190  38.582  -6.249 0.0000000000
127110  -23.812  38.738  -6.376 0.0000000000
127111  -26.367  39.177  -6.298 0.0000000000
127119  -22.855  38.349  -6.550 0.0000000000
127120  -23.212  38.417  -6.837 0.0000000000
127121  -24.062  38.559  -7.147 0.0000000000
127122  -24.942  38.800  -7.249 0.0000000000
127123  -26.015  39.100  -6.937 0.0000000000
127124  -27.179  38.786  -7.210 0.0000000000
127125  -28.113  38.492  -7.539 0.0000000000
127126  -28.866  38.211  -7.851 0.0000000000
127131  -24.443  38.347  -7.719 0.0000000000
127132  -25.169  38.466  -7.925 0.0000000000
127133  -26.202  38.492  -8.065 0.0000000000
127134  -27.204  38.349  -8.241 0.0000000000
127135  -28.091  38.162  -8.516 0.0000000000
127136  -28.830  38.115  -8.616 0.0000000000
127149  -28.432  37.862  -9.006 0.0000000000
127150  -28.991  37.878  -9.109 0.0000000000
127805  -23.017  38.920  -3.946 0.0000000000
127820  -22.959  38.806  -4.555 0.0000000000
127821  -23.504  39.052  -4.791 0.0000000000
127822  -24.532  39.459  -4.539 0.0000000000
127834  -23.614  38.919  -5.472 0.0000000000
127835  -24.233  39.110  -5.615 0.0000000000
127836  -25.250  39.360  -5.249 0.0000000000
127843  -24.532  38.949  -6.457 0.0000000000
127844  -25.043  39.281  -6.024 0.0000000000
127845  -25.957  39.263  -6.012 0.0000000000
127850  -24.710  38.869  -6.885 0.0000000000
127851  -25.281  39.126  -6.618 0.0000000000
127852  -25.759  39.179  -6.534 0.0000000000
