#!ascii label  , from subject ab_data vox2ras=TkReg
1229
128948  -23.698  41.968  29.682 0.0000000000
128949  -24.169  42.168  30.135 0.0000000000
128964  -23.570  41.823  28.878 0.0000000000
128965  -24.504  41.881  29.375 0.0000000000
128966  -25.146  41.975  29.213 0.0000000000
128978  -23.461  41.871  27.970 0.0000000000
128979  -24.236  41.634  28.349 0.0000000000
128980  -25.018  41.755  28.634 0.0000000000
128991  -23.586  42.055  27.190 0.0000000000
128992  -24.127  41.668  27.527 0.0000000000
128993  -24.822  41.663  27.731 0.0000000000
129001  -23.792  42.140  26.734 0.0000000000
129002  -24.229  41.807  26.896 0.0000000000
129003  -24.613  41.695  27.195 0.0000000000
129713  -21.724  43.118  32.372 0.0000000000
129714  -22.009  43.028  32.375 0.0000000000
129715  -22.633  43.067  32.298 0.0000000000
129728  -21.660  43.006  32.073 0.0000000000
129729  -22.210  42.785  31.815 0.0000000000
129730  -23.121  42.795  31.726 0.0000000000
129731  -23.917  42.928  31.392 0.0000000000
129747  -21.598  42.899  31.321 0.0000000000
129748  -22.331  42.530  30.987 0.0000000000
129749  -23.363  42.305  30.558 0.0000000000
129750  -24.476  42.773  30.820 0.0000000000
129751  -25.216  42.911  30.512 0.0000000000
129752  -25.807  43.079  30.308 0.0000000000
129764  -21.635  42.913  30.426 0.0000000000
129765  -22.284  42.474  29.987 0.0000000000
129766  -22.920  42.116  29.424 0.0000000000
129767  -24.764  42.353  30.146 0.0000000000
129768  -25.348  42.394  29.773 0.0000000000
129769  -26.175  42.840  29.681 0.0000000000
129782  -21.749  43.013  29.654 0.0000000000
129783  -22.196  42.774  29.007 0.0000000000
129784  -22.840  42.266  28.481 0.0000000000
129785  -25.622  42.157  29.024 0.0000000000
129797  -22.438  42.894  28.235 0.0000000000
129798  -22.941  42.631  27.614 0.0000000000
129799  -25.608  41.909  28.071 0.0000000000
129811  -23.426  42.762  26.691 0.0000000000
129812  -24.129  42.192  26.340 0.0000000000
130515  -20.957  44.196  35.128 0.0000000000
130516  -21.217  44.256  35.098 0.0000000000
130526  -20.889  44.096  34.867 0.0000000000
130527  -21.490  44.124  34.627 0.0000000000
130528  -22.052  44.110  34.263 0.0000000000
130537  -20.726  43.960  34.172 0.0000000000
130538  -21.439  43.762  33.804 0.0000000000
130539  -22.325  43.850  33.631 0.0000000000
130540  -22.940  43.949  33.291 0.0000000000
130550  -20.615  43.846  33.252 0.0000000000
130551  -21.496  43.348  32.734 0.0000000000
130552  -22.466  43.400  32.861 0.0000000000
130553  -23.369  43.651  32.654 0.0000000000
130554  -24.112  44.027  32.368 0.0000000000
130569  -20.577  43.822  32.277 0.0000000000
130570  -21.085  43.315  31.782 0.0000000000
130571  -23.816  43.432  31.946 0.0000000000
130572  -24.592  43.839  31.680 0.0000000000
130591  -20.670  43.908  31.504 0.0000000000
130592  -21.078  43.602  30.851 0.0000000000
130593  -25.075  43.500  31.031 0.0000000000
130594  -25.694  43.656  30.863 0.0000000000
130606  -21.407  43.657  29.928 0.0000000000
130620  -21.721  43.618  29.145 0.0000000000
130621  -22.121  43.564  28.473 0.0000000000
130632  -22.534  43.511  27.858 0.0000000000
130633  -22.956  43.507  27.254 0.0000000000
130644  -23.231  43.667  26.719 0.0000000000
131358  -20.022  44.904  36.279 0.0000000000
131359  -21.211  45.034  36.270 0.0000000000
131360  -21.854  45.305  36.130 0.0000000000
131368  -19.680  44.668  35.272 0.0000000000
131369  -20.767  44.399  35.415 0.0000000000
131370  -21.969  44.771  35.409 0.0000000000
131371  -22.718  45.158  35.162 0.0000000000
131382  -19.620  44.691  34.480 0.0000000000
131383  -20.223  44.250  34.667 0.0000000000
131384  -22.093  44.394  34.696 0.0000000000
131385  -22.815  44.749  34.441 0.0000000000
131386  -23.535  45.165  34.191 0.0000000000
131395  -19.438  45.061  34.036 0.0000000000
131396  -19.951  44.402  33.794 0.0000000000
131397  -22.905  44.322  33.712 0.0000000000
131398  -23.604  44.718  33.557 0.0000000000
131408  -19.615  45.121  33.431 0.0000000000
131409  -20.058  44.673  32.741 0.0000000000
131410  -24.008  44.455  32.874 0.0000000000
131426  -20.400  44.618  31.781 0.0000000000
131447  -20.684  44.533  30.994 0.0000000000
131448  -21.093  44.505  30.239 0.0000000000
131461  -21.508  44.512  29.412 0.0000000000
131471  -21.909  44.395  28.693 0.0000000000
131472  -22.379  44.327  28.178 0.0000000000
131481  -22.771  44.295  27.648 0.0000000000
131482  -23.107  44.293  27.134 0.0000000000
132197  -18.975  45.361  35.957 0.0000000000
132198  -22.208  45.447  36.036 0.0000000000
132209  -18.686  46.313  34.632 0.0000000000
132210  -19.043  45.398  34.781 0.0000000000
132211  -23.086  45.343  35.030 0.0000000000
132221  -19.165  45.945  33.890 0.0000000000
132233  -19.699  45.752  32.918 0.0000000000
132234  -20.178  45.577  32.057 0.0000000000
132249  -20.547  45.410  31.275 0.0000000000
132265  -20.895  45.381  30.607 0.0000000000
132266  -21.384  45.468  29.860 0.0000000000
132276  -22.004  45.449  28.896 0.0000000000
132277  -22.534  45.921  28.601 0.0000000000
132288  -22.260  44.875  28.445 0.0000000000
132289  -22.833  45.331  28.070 0.0000000000
132299  -23.035  44.771  27.514 0.0000000000
133057  -19.518  46.745  33.331 0.0000000000
133058  -20.056  46.624  32.441 0.0000000000
133063  -20.635  46.510  31.463 0.0000000000
133064  -21.056  47.025  31.091 0.0000000000
133075  -20.791  45.937  30.950 0.0000000000
133076  -21.227  46.470  30.574 0.0000000000
133082  -21.842  46.466  29.625 0.0000000000
133083  -22.395  46.484  28.961 0.0000000000
133089  -22.917  46.443  28.472 0.0000000000
133122  -20.397  46.782  23.876 0.0000000000
133123  -21.246  46.809  24.000 0.0000000000
133124  -21.712  47.031  24.023 0.0000000000
133134  -20.237  46.743  22.983 0.0000000000
133135  -21.063  46.604  23.184 0.0000000000
133136  -21.932  46.975  23.390 0.0000000000
133137  -22.415  47.339  23.047 0.0000000000
133147  -20.059  46.776  22.085 0.0000000000
133148  -20.863  46.591  22.256 0.0000000000
133149  -21.640  46.728  22.479 0.0000000000
133150  -22.212  47.103  22.531 0.0000000000
133158  -19.904  46.796  21.171 0.0000000000
133159  -20.652  46.648  21.341 0.0000000000
133160  -21.594  46.803  21.477 0.0000000000
133161  -22.019  46.891  22.018 0.0000000000
133179  -19.796  46.845  20.268 0.0000000000
133180  -20.461  46.731  20.504 0.0000000000
133181  -21.151  46.791  20.588 0.0000000000
133199  -19.776  46.947  19.470 0.0000000000
133200  -20.453  46.882  19.633 0.0000000000
133201  -20.889  46.817  20.075 0.0000000000
133213  -19.882  47.000  19.061 0.0000000000
133214  -20.103  46.942  19.230 0.0000000000
133809  -20.528  47.521  32.115 0.0000000000
133810  -20.979  47.552  31.488 0.0000000000
133821  -21.432  47.608  30.908 0.0000000000
133833  -21.800  47.461  30.128 0.0000000000
133834  -22.352  47.473  29.411 0.0000000000
133843  -22.795  47.159  28.814 0.0000000000
133864  -19.170  47.934  26.044 0.0000000000
133865  -19.633  47.820  26.073 0.0000000000
133866  -20.520  47.785  26.038 0.0000000000
133875  -18.387  48.104  25.311 0.0000000000
133876  -18.893  47.847  25.613 0.0000000000
133877  -20.069  47.413  25.478 0.0000000000
133878  -21.139  47.544  25.466 0.0000000000
133879  -21.774  47.719  25.137 0.0000000000
133887  -18.519  47.851  24.870 0.0000000000
133888  -19.549  47.240  24.594 0.0000000000
133889  -20.671  47.039  24.718 0.0000000000
133890  -21.563  47.252  24.591 0.0000000000
133891  -22.221  47.695  24.598 0.0000000000
133900  -18.906  47.587  23.776 0.0000000000
133901  -19.678  47.005  23.622 0.0000000000
133902  -22.071  47.279  24.070 0.0000000000
133903  -22.728  47.767  23.645 0.0000000000
133904  -23.136  48.243  23.225 0.0000000000
133916  -19.098  47.790  22.703 0.0000000000
133917  -19.554  47.154  22.847 0.0000000000
133918  -22.709  47.658  22.608 0.0000000000
133919  -23.044  48.032  22.928 0.0000000000
133928  -19.039  47.824  21.693 0.0000000000
133929  -19.495  47.234  21.899 0.0000000000
133930  -22.029  47.131  21.059 0.0000000000
133931  -22.374  47.371  21.629 0.0000000000
133945  -18.716  47.772  20.651 0.0000000000
133946  -19.321  47.218  20.933 0.0000000000
133947  -21.722  47.133  20.589 0.0000000000
133948  -22.182  47.545  20.650 0.0000000000
133963  -17.875  48.261  18.865 0.0000000000
133964  -18.441  47.741  19.482 0.0000000000
133965  -19.187  47.198  19.927 0.0000000000
133966  -20.833  47.144  19.200 0.0000000000
133967  -21.391  47.262  19.687 0.0000000000
133968  -21.876  47.481  20.149 0.0000000000
133979  -17.736  48.262  17.932 0.0000000000
133980  -18.413  47.720  18.306 0.0000000000
133981  -19.373  47.209  18.775 0.0000000000
133982  -20.330  47.167  18.820 0.0000000000
133983  -21.046  47.480  18.781 0.0000000000
133987  -17.791  48.362  17.387 0.0000000000
133988  -18.345  48.058  17.253 0.0000000000
133989  -19.183  47.581  17.642 0.0000000000
133990  -20.188  47.622  17.803 0.0000000000
133991  -20.694  47.602  18.308 0.0000000000
133998  -18.709  48.258  16.699 0.0000000000
133999  -19.217  47.959  16.880 0.0000000000
134000  -19.715  47.814  17.242 0.0000000000
134557  -19.478  48.821  27.137 0.0000000000
134558  -20.715  48.885  27.053 0.0000000000
134559  -21.366  49.049  26.870 0.0000000000
134570  -17.809  48.855  26.271 0.0000000000
134571  -18.944  48.289  26.385 0.0000000000
134572  -20.156  48.240  26.574 0.0000000000
134573  -21.447  48.449  26.260 0.0000000000
134574  -22.177  48.755  25.959 0.0000000000
134583  -17.775  48.520  25.420 0.0000000000
134584  -18.338  48.376  25.937 0.0000000000
134585  -21.655  47.975  25.571 0.0000000000
134586  -22.199  48.276  25.382 0.0000000000
134587  -22.805  48.703  25.138 0.0000000000
134596  -17.097  48.775  24.702 0.0000000000
134597  -18.055  48.360  24.372 0.0000000000
134598  -22.723  48.220  24.590 0.0000000000
134599  -23.153  48.775  24.552 0.0000000000
134609  -17.609  48.705  23.899 0.0000000000
134610  -18.449  48.425  23.397 0.0000000000
134611  -23.026  48.311  24.131 0.0000000000
134612  -23.297  48.650  23.674 0.0000000000
134623  -18.900  48.602  22.453 0.0000000000
134624  -23.044  48.086  22.525 0.0000000000
134625  -23.320  48.643  22.636 0.0000000000
134633  -18.761  48.640  21.427 0.0000000000
134634  -22.994  48.113  21.950 0.0000000000
134635  -23.292  48.924  21.547 0.0000000000
134639  -18.035  49.035  19.945 0.0000000000
134640  -18.280  48.668  20.240 0.0000000000
134641  -22.736  48.300  20.877 0.0000000000
134642  -23.141  49.167  20.748 0.0000000000
134650  -17.772  48.899  19.499 0.0000000000
134651  -18.078  48.362  19.519 0.0000000000
134652  -21.744  47.698  19.453 0.0000000000
134653  -22.161  48.047  19.710 0.0000000000
134663  -16.862  49.245  18.112 0.0000000000
134664  -17.158  48.983  18.428 0.0000000000
134665  -21.630  47.841  19.001 0.0000000000
134666  -22.052  48.541  18.641 0.0000000000
134671  -16.894  49.200  17.812 0.0000000000
134672  -17.320  48.803  17.385 0.0000000000
134673  -17.794  48.463  17.010 0.0000000000
134674  -20.545  48.065  17.495 0.0000000000
134675  -21.168  48.242  17.892 0.0000000000
134676  -22.068  48.939  17.925 0.0000000000
134681  -17.551  48.867  16.741 0.0000000000
134682  -18.185  48.652  16.515 0.0000000000
134683  -19.104  48.662  16.419 0.0000000000
134684  -20.224  48.425  16.904 0.0000000000
134685  -21.185  48.984  17.000 0.0000000000
135253  -20.506  50.056  28.280 0.0000000000
135266  -20.066  49.405  27.739 0.0000000000
135267  -21.529  49.728  27.448 0.0000000000
135268  -22.262  49.968  27.144 0.0000000000
135280  -18.246  49.197  26.889 0.0000000000
135281  -21.704  49.161  26.757 0.0000000000
135282  -22.399  49.460  26.474 0.0000000000
135283  -23.111  49.937  26.157 0.0000000000
135294  -22.581  48.914  25.682 0.0000000000
135295  -23.211  49.461  25.416 0.0000000000
135304  -23.616  49.483  24.282 0.0000000000
135313  -16.901  49.197  23.293 0.0000000000
135314  -17.574  49.094  23.430 0.0000000000
135315  -18.069  48.865  23.415 0.0000000000
135316  -23.722  49.580  23.200 0.0000000000
135324  -17.653  49.744  23.029 0.0000000000
135325  -18.547  49.440  23.030 0.0000000000
135326  -23.631  49.712  22.104 0.0000000000
135333  -19.007  49.548  22.160 0.0000000000
135334  -23.415  49.815  21.134 0.0000000000
135337  -17.947  49.534  20.159 0.0000000000
135338  -18.608  49.549  21.146 0.0000000000
135339  -22.764  49.053  20.043 0.0000000000
135340  -23.219  49.808  20.299 0.0000000000
135347  -16.664  50.042  18.904 0.0000000000
135348  -17.190  49.649  19.332 0.0000000000
135349  -22.590  49.057  19.123 0.0000000000
135350  -23.118  49.690  19.458 0.0000000000
135361  -16.617  49.641  18.106 0.0000000000
135362  -16.859  49.539  18.702 0.0000000000
135363  -22.581  49.213  18.290 0.0000000000
135364  -23.096  49.625  18.566 0.0000000000
135375  -16.746  49.548  17.054 0.0000000000
135376  -17.223  49.155  16.825 0.0000000000
135377  -21.819  49.200  17.373 0.0000000000
135378  -22.600  49.627  17.551 0.0000000000
135379  -23.014  49.585  17.985 0.0000000000
135386  -16.784  49.910  16.450 0.0000000000
135387  -17.466  49.601  16.227 0.0000000000
135388  -18.600  49.430  16.103 0.0000000000
135389  -19.599  49.784  16.193 0.0000000000
135390  -20.741  49.682  16.570 0.0000000000
135391  -21.666  49.728  16.833 0.0000000000
135392  -22.182  49.704  17.117 0.0000000000
135400  -17.791  50.295  15.817 0.0000000000
135401  -18.324  50.142  15.845 0.0000000000
135402  -18.906  50.023  15.926 0.0000000000
135912  -21.556  50.741  28.423 0.0000000000
135913  -22.243  51.193  28.298 0.0000000000
135923  -21.867  50.360  27.828 0.0000000000
135924  -22.439  50.679  27.631 0.0000000000
135925  -23.135  51.111  27.252 0.0000000000
135935  -22.550  50.124  26.992 0.0000000000
135936  -23.028  50.452  26.749 0.0000000000
135946  -23.617  50.535  25.910 0.0000000000
135947  -24.050  50.994  25.342 0.0000000000
135954  -23.856  50.289  24.907 0.0000000000
135955  -24.266  51.095  24.575 0.0000000000
135964  -24.072  50.377  23.873 0.0000000000
135965  -24.350  51.303  23.622 0.0000000000
135973  -17.468  50.646  22.829 0.0000000000
135974  -18.537  50.607  23.101 0.0000000000
135975  -19.105  50.541  22.712 0.0000000000
135976  -24.032  50.785  22.672 0.0000000000
135977  -24.320  51.541  22.993 0.0000000000
135985  -18.992  50.460  21.820 0.0000000000
135986  -23.689  50.605  21.551 0.0000000000
135990  -16.857  51.059  19.843 0.0000000000
135991  -17.330  50.548  20.046 0.0000000000
135992  -18.344  50.447  20.895 0.0000000000
135993  -23.598  50.573  20.639 0.0000000000
135994  -23.943  50.855  20.163 0.0000000000
136001  -16.609  50.737  19.350 0.0000000000
136002  -16.920  50.226  19.425 0.0000000000
136003  -23.540  50.356  19.821 0.0000000000
136004  -24.148  50.764  19.481 0.0000000000
136015  -15.771  51.068  18.184 0.0000000000
136016  -16.109  50.674  18.404 0.0000000000
136017  -23.641  50.174  18.922 0.0000000000
136018  -24.232  50.720  18.519 0.0000000000
136033  -15.725  50.980  17.767 0.0000000000
136034  -16.146  50.317  17.446 0.0000000000
136035  -22.879  50.065  17.363 0.0000000000
136036  -23.450  50.239  17.719 0.0000000000
136037  -24.240  51.015  17.793 0.0000000000
136050  -15.764  50.894  17.012 0.0000000000
136051  -16.333  50.488  16.540 0.0000000000
136052  -16.841  50.230  16.154 0.0000000000
136053  -19.641  50.780  16.162 0.0000000000
136054  -20.281  50.731  16.357 0.0000000000
136055  -21.301  50.648  16.562 0.0000000000
136056  -22.499  50.416  16.908 0.0000000000
136057  -23.292  50.999  17.008 0.0000000000
136068  -16.617  50.755  16.037 0.0000000000
136069  -17.272  50.678  15.812 0.0000000000
136070  -18.118  50.879  15.744 0.0000000000
136071  -19.005  50.836  15.920 0.0000000000
136562  -21.193  51.898  29.307 0.0000000000
136563  -22.140  51.981  28.744 0.0000000000
136564  -22.744  52.471  28.450 0.0000000000
136575  -22.590  51.615  28.202 0.0000000000
136576  -23.157  51.947  27.761 0.0000000000
136585  -23.695  51.553  26.757 0.0000000000
136586  -24.145  51.980  26.204 0.0000000000
136595  -23.991  51.354  25.918 0.0000000000
136596  -24.349  51.850  25.382 0.0000000000
136603  -24.516  51.980  24.330 0.0000000000
136609  -18.732  52.179  23.497 0.0000000000
136610  -18.912  52.357  23.556 0.0000000000
136611  -24.466  52.213  23.361 0.0000000000
136618  -17.032  51.559  22.772 0.0000000000
136619  -18.255  51.635  23.227 0.0000000000
136620  -19.037  51.735  23.214 0.0000000000
136621  -23.964  51.310  21.796 0.0000000000
136622  -24.302  51.909  22.384 0.0000000000
136630  -18.524  51.801  21.583 0.0000000000
136631  -19.061  51.497  22.330 0.0000000000
136632  -23.899  51.216  21.028 0.0000000000
136633  -24.350  51.809  21.426 0.0000000000
136640  -17.058  51.469  20.257 0.0000000000
136641  -17.896  51.406  20.866 0.0000000000
136642  -18.701  51.135  21.483 0.0000000000
136643  -23.974  51.046  20.542 0.0000000000
136644  -24.612  51.500  20.331 0.0000000000
136645  -25.370  51.911  20.129 0.0000000000
136653  -15.945  51.712  19.273 0.0000000000
136654  -16.460  51.506  19.689 0.0000000000
136655  -24.811  51.201  19.099 0.0000000000
136656  -25.375  51.711  19.502 0.0000000000
136668  -15.582  51.626  18.401 0.0000000000
136669  -16.108  51.227  19.037 0.0000000000
136670  -24.763  51.329  18.199 0.0000000000
136671  -25.331  51.714  18.558 0.0000000000
136687  -15.462  51.618  17.257 0.0000000000
136688  -23.882  51.248  17.323 0.0000000000
136689  -24.599  51.790  17.490 0.0000000000
136690  -25.129  51.772  17.948 0.0000000000
136708  -15.824  51.517  16.327 0.0000000000
136709  -16.292  51.044  16.140 0.0000000000
136710  -19.579  51.775  16.385 0.0000000000
136711  -20.677  51.791  16.645 0.0000000000
136712  -21.751  51.649  16.651 0.0000000000
136713  -22.761  51.622  16.721 0.0000000000
136714  -23.565  51.725  16.907 0.0000000000
136715  -24.069  51.769  17.096 0.0000000000
136734  -15.949  51.970  15.788 0.0000000000
136735  -16.567  51.561  15.761 0.0000000000
136736  -17.679  51.704  15.697 0.0000000000
136737  -18.522  51.673  15.923 0.0000000000
136738  -19.018  51.615  16.098 0.0000000000
137244  -23.201  53.376  28.390 0.0000000000
137256  -23.855  53.070  27.363 0.0000000000
137257  -24.158  53.647  26.956 0.0000000000
137265  -24.062  52.362  26.655 0.0000000000
137266  -24.435  52.954  26.276 0.0000000000
137274  -24.668  52.846  25.003 0.0000000000
137279  -24.612  52.763  24.088 0.0000000000
137284  -17.921  52.992  24.051 0.0000000000
137285  -18.532  52.740  23.878 0.0000000000
137286  -19.021  52.719  23.613 0.0000000000
137287  -24.565  53.104  23.518 0.0000000000
137293  -17.591  52.511  23.454 0.0000000000
137294  -18.356  52.267  23.543 0.0000000000
137295  -19.125  52.476  22.950 0.0000000000
137296  -24.480  52.943  22.743 0.0000000000
137305  -17.035  52.873  21.013 0.0000000000
137306  -17.724  52.455  21.243 0.0000000000
137307  -18.675  52.428  22.130 0.0000000000
137308  -24.630  52.694  21.856 0.0000000000
137309  -25.158  52.783  21.438 0.0000000000
137320  -15.856  52.925  19.919 0.0000000000
137321  -16.563  52.412  20.345 0.0000000000
137322  -17.330  51.943  20.659 0.0000000000
137323  -24.836  52.230  21.167 0.0000000000
137324  -25.503  52.447  20.718 0.0000000000
137325  -26.176  52.741  20.300 0.0000000000
137334  -15.701  52.387  19.403 0.0000000000
137335  -16.143  51.987  19.691 0.0000000000
137336  -25.855  52.224  19.879 0.0000000000
137337  -26.404  52.780  19.558 0.0000000000
137347  -14.685  53.225  18.237 0.0000000000
137348  -14.965  52.885  18.538 0.0000000000
137349  -25.937  52.199  18.951 0.0000000000
137350  -26.320  52.970  18.612 0.0000000000
137364  -14.661  53.135  17.856 0.0000000000
137365  -15.025  52.424  17.618 0.0000000000
137366  -20.292  53.696  17.541 0.0000000000
137367  -20.649  53.585  17.536 0.0000000000
137368  -21.395  53.371  17.397 0.0000000000
137369  -24.758  52.510  17.262 0.0000000000
137370  -25.528  52.520  17.821 0.0000000000
137371  -26.155  53.346  18.005 0.0000000000
137385  -14.704  53.023  17.122 0.0000000000
137386  -15.185  52.493  16.627 0.0000000000
137387  -18.733  53.071  16.384 0.0000000000
137388  -19.088  52.905  16.542 0.0000000000
137389  -20.094  53.187  17.124 0.0000000000
137390  -21.051  52.711  17.127 0.0000000000
137391  -22.145  52.645  16.903 0.0000000000
137392  -23.113  52.405  16.790 0.0000000000
137393  -24.039  52.455  16.965 0.0000000000
137410  -15.544  52.451  15.916 0.0000000000
137411  -16.186  52.583  15.593 0.0000000000
137412  -17.172  52.637  15.593 0.0000000000
137413  -18.342  52.822  16.023 0.0000000000
137414  -18.910  52.177  16.220 0.0000000000
137940  -23.871  54.386  27.433 0.0000000000
137949  -24.364  54.256  26.678 0.0000000000
137956  -24.777  53.994  25.625 0.0000000000
137961  -17.817  53.980  24.570 0.0000000000
137962  -18.249  53.969  24.599 0.0000000000
137963  -18.503  54.228  24.571 0.0000000000
137964  -24.754  53.763  24.315 0.0000000000
137970  -17.309  53.557  23.973 0.0000000000
137971  -18.164  53.443  24.328 0.0000000000
137972  -18.789  53.676  24.246 0.0000000000
137973  -24.681  53.819  23.262 0.0000000000
137983  -18.491  53.787  22.757 0.0000000000
137984  -18.897  53.469  23.396 0.0000000000
137985  -24.943  53.710  22.337 0.0000000000
137986  -25.439  54.072  22.160 0.0000000000
137997  -17.244  53.455  21.535 0.0000000000
137998  -18.180  53.210  22.069 0.0000000000
137999  -18.782  53.075  22.670 0.0000000000
138000  -25.061  53.185  21.778 0.0000000000
138001  -25.788  53.508  21.525 0.0000000000
138002  -26.500  53.924  21.242 0.0000000000
138012  -15.955  53.554  20.444 0.0000000000
138013  -16.634  53.216  20.923 0.0000000000
138014  -26.105  53.000  20.789 0.0000000000
138015  -26.728  53.580  20.409 0.0000000000
138016  -27.333  54.155  20.048 0.0000000000
138026  -14.744  54.067  19.134 0.0000000000
138027  -15.295  53.401  19.463 0.0000000000
138028  -26.807  53.447  19.191 0.0000000000
138029  -27.206  53.996  19.448 0.0000000000
138039  -14.538  53.703  18.327 0.0000000000
138040  -14.823  53.488  18.876 0.0000000000
138041  -26.649  53.865  18.375 0.0000000000
138042  -27.049  53.910  18.865 0.0000000000
138051  -14.426  53.735  17.349 0.0000000000
138052  -20.436  54.116  17.737 0.0000000000
138053  -21.063  54.040  18.005 0.0000000000
138054  -22.264  53.707  17.405 0.0000000000
138055  -23.450  53.788  17.283 0.0000000000
138056  -24.630  53.415  17.163 0.0000000000
138057  -25.741  53.704  17.600 0.0000000000
138058  -26.279  53.858  17.890 0.0000000000
138066  -14.792  53.580  16.393 0.0000000000
138067  -15.170  52.966  16.080 0.0000000000
138068  -18.896  53.368  16.212 0.0000000000
138069  -19.606  53.470  16.506 0.0000000000
138070  -20.297  54.122  17.009 0.0000000000
138071  -21.015  54.308  16.811 0.0000000000
138072  -22.708  52.971  16.918 0.0000000000
138073  -23.263  53.092  16.942 0.0000000000
138074  -23.877  53.177  17.005 0.0000000000
138088  -15.046  54.044  15.915 0.0000000000
138089  -15.537  53.506  15.703 0.0000000000
138090  -16.650  53.575  15.510 0.0000000000
138091  -17.647  53.658  15.555 0.0000000000
138092  -18.634  53.796  15.189 0.0000000000
138093  -19.568  53.528  15.435 0.0000000000
138094  -20.467  53.581  15.751 0.0000000000
138095  -21.393  54.032  15.975 0.0000000000
138096  -21.989  54.304  15.507 0.0000000000
138114  -18.860  54.102  14.393 0.0000000000
138115  -19.481  53.765  14.154 0.0000000000
138116  -20.429  53.455  14.568 0.0000000000
138117  -21.302  53.619  14.825 0.0000000000
138118  -22.031  54.000  14.929 0.0000000000
138140  -19.789  53.801  13.000 0.0000000000
138141  -20.442  53.481  13.464 0.0000000000
138142  -21.244  53.473  13.827 0.0000000000
138143  -22.006  53.722  13.995 0.0000000000
138160  -19.873  53.957  12.168 0.0000000000
138161  -20.477  53.694  12.546 0.0000000000
138162  -21.317  53.635  12.864 0.0000000000
138163  -21.766  53.697  13.374 0.0000000000
138175  -19.952  54.112  11.684 0.0000000000
138176  -20.450  54.021  11.840 0.0000000000
138177  -21.018  53.888  12.124 0.0000000000
138656  -24.525  55.264  26.251 0.0000000000
138661  -17.907  54.461  24.936 0.0000000000
138662  -18.263  54.656  24.920 0.0000000000
138663  -18.585  54.594  24.581 0.0000000000
138664  -24.770  55.073  25.034 0.0000000000
138672  -18.458  54.882  23.633 0.0000000000
138673  -18.701  54.556  23.921 0.0000000000
138674  -24.904  54.850  23.868 0.0000000000
138675  -25.217  55.111  23.353 0.0000000000
138685  -17.405  54.927  22.571 0.0000000000
138686  -18.083  54.730  23.005 0.0000000000
138687  -18.653  54.149  23.271 0.0000000000
138688  -24.962  54.446  23.070 0.0000000000
138689  -25.477  54.728  22.710 0.0000000000
138690  -26.086  54.920  22.416 0.0000000000
138699  -16.289  54.904  21.597 0.0000000000
138700  -16.915  54.665  21.982 0.0000000000
138701  -17.799  53.970  22.261 0.0000000000
138702  -25.818  54.336  22.120 0.0000000000
138703  -26.515  54.551  21.805 0.0000000000
138704  -27.200  54.800  21.424 0.0000000000
138708  -15.972  54.612  21.118 0.0000000000
138709  -16.457  53.850  21.271 0.0000000000
138710  -26.884  54.272  21.109 0.0000000000
138711  -27.477  54.646  20.646 0.0000000000
138712  -28.020  55.078  20.232 0.0000000000
138717  -14.692  54.701  19.315 0.0000000000
138718  -15.179  54.576  19.958 0.0000000000
138719  -27.734  54.643  19.660 0.0000000000
138720  -28.264  55.301  19.720 0.0000000000
138725  -14.437  54.684  18.728 0.0000000000
138726  -26.796  54.340  18.220 0.0000000000
138727  -27.283  54.574  18.567 0.0000000000
138732  -14.220  54.617  17.801 0.0000000000
138733  -20.482  54.425  18.001 0.0000000000
138734  -20.739  54.617  18.024 0.0000000000
138735  -21.596  54.750  18.084 0.0000000000
138736  -22.696  54.748  17.707 0.0000000000
138737  -23.913  54.646  17.483 0.0000000000
138738  -25.161  54.613  17.431 0.0000000000
138739  -26.440  54.637  17.792 0.0000000000
138740  -27.244  55.367  17.921 0.0000000000
138749  -14.349  54.573  16.821 0.0000000000
138750  -20.495  54.424  17.787 0.0000000000
138751  -20.987  54.696  17.419 0.0000000000
138752  -21.556  54.993  16.931 0.0000000000
138765  -14.776  54.598  16.114 0.0000000000
138766  -15.369  54.577  15.695 0.0000000000
138767  -16.229  54.521  15.447 0.0000000000
138768  -17.241  54.593  15.220 0.0000000000
138769  -17.922  54.318  14.994 0.0000000000
138770  -21.407  54.540  16.648 0.0000000000
138771  -22.026  54.745  16.126 0.0000000000
138772  -22.609  55.004  15.597 0.0000000000
138787  -17.816  54.970  14.667 0.0000000000
138788  -18.423  54.704  14.352 0.0000000000
138789  -18.959  54.337  13.945 0.0000000000
138790  -22.450  54.505  15.190 0.0000000000
138791  -23.038  54.934  14.930 0.0000000000
138810  -18.631  54.830  13.615 0.0000000000
138811  -19.210  54.336  13.305 0.0000000000
138812  -22.690  54.372  14.211 0.0000000000
138813  -23.231  55.005  14.158 0.0000000000
138832  -16.947  55.048  11.722 0.0000000000
138833  -17.381  54.838  11.972 0.0000000000
138834  -18.455  54.759  12.620 0.0000000000
138835  -19.355  54.232  12.517 0.0000000000
138836  -21.557  54.170  12.243 0.0000000000
138837  -22.334  54.314  12.929 0.0000000000
138849  -16.791  55.190  11.550 0.0000000000
138850  -17.218  55.037  11.262 0.0000000000
138851  -18.096  54.638  11.439 0.0000000000
138852  -19.281  54.352  11.575 0.0000000000
138853  -20.185  54.347  11.265 0.0000000000
138854  -21.124  54.496  11.438 0.0000000000
138855  -21.919  54.689  11.946 0.0000000000
138861  -17.348  55.274  10.814 0.0000000000
138862  -17.808  55.093  10.759 0.0000000000
138863  -18.712  54.880  10.710 0.0000000000
138864  -19.694  54.796  10.696 0.0000000000
138865  -20.486  54.839  10.814 0.0000000000
139363  -17.588  55.372  25.238 0.0000000000
139364  -18.339  55.606  24.970 0.0000000000
139365  -18.597  54.975  24.599 0.0000000000
139366  -24.918  56.245  24.472 0.0000000000
139367  -25.305  56.913  24.158 0.0000000000
139376  -18.351  55.347  23.888 0.0000000000
139377  -18.560  55.083  24.396 0.0000000000
139378  -25.119  55.570  23.742 0.0000000000
139379  -25.628  56.122  23.389 0.0000000000
139380  -26.314  56.590  23.101 0.0000000000
139389  -17.244  55.409  22.720 0.0000000000
139390  -17.875  55.341  23.263 0.0000000000
139391  -25.936  55.382  22.757 0.0000000000
139392  -26.719  55.849  22.514 0.0000000000
139393  -27.448  56.383  22.170 0.0000000000
139400  -16.117  55.486  21.636 0.0000000000
139401  -16.655  55.339  22.189 0.0000000000
139402  -27.118  55.148  21.882 0.0000000000
139403  -27.775  55.758  21.462 0.0000000000
139404  -28.453  56.301  20.998 0.0000000000
139409  -14.883  55.998  20.284 0.0000000000
139410  -15.390  55.430  20.682 0.0000000000
139411  -27.950  55.280  20.692 0.0000000000
139412  -28.467  55.839  20.376 0.0000000000
139416  -14.586  55.498  19.444 0.0000000000
139417  -14.986  55.373  20.086 0.0000000000
139418  -28.140  55.295  18.978 0.0000000000
139419  -28.662  56.030  19.341 0.0000000000
139424  -14.211  55.571  18.333 0.0000000000
139425  -27.854  55.615  18.278 0.0000000000
139426  -28.490  56.179  18.493 0.0000000000
139431  -14.155  55.555  17.284 0.0000000000
139432  -21.308  55.289  17.842 0.0000000000
139433  -22.140  55.684  17.840 0.0000000000
139434  -23.150  55.660  17.913 0.0000000000
139435  -24.389  55.675  17.659 0.0000000000
139436  -25.670  55.760  17.509 0.0000000000
139437  -26.827  55.974  17.548 0.0000000000
139438  -27.740  56.188  17.748 0.0000000000
139439  -28.210  56.231  18.027 0.0000000000
139444  -14.498  55.472  16.403 0.0000000000
139445  -21.465  55.164  17.370 0.0000000000
139446  -22.086  55.621  17.065 0.0000000000
139447  -22.712  56.152  16.623 0.0000000000
139456  -15.068  55.427  15.824 0.0000000000
139457  -15.910  55.435  15.537 0.0000000000
139458  -16.850  55.490  15.270 0.0000000000
139459  -17.612  55.611  14.838 0.0000000000
139460  -22.423  55.261  16.131 0.0000000000
139461  -22.926  55.705  15.777 0.0000000000
139473  -18.181  55.717  14.381 0.0000000000
139474  -18.574  55.715  14.011 0.0000000000
139475  -23.445  55.639  14.578 0.0000000000
139489  -16.882  55.795  13.012 0.0000000000
139490  -17.797  55.794  13.333 0.0000000000
139491  -18.317  55.446  13.521 0.0000000000
139492  -23.022  54.898  13.523 0.0000000000
139493  -23.397  55.562  13.671 0.0000000000
139509  -15.781  55.726  11.874 0.0000000000
139510  -16.477  55.360  12.059 0.0000000000
139511  -17.497  55.248  12.677 0.0000000000
139512  -18.058  55.297  13.055 0.0000000000
139513  -23.091  55.533  12.850 0.0000000000
139514  -23.451  56.055  13.251 0.0000000000
139529  -15.853  55.689  11.373 0.0000000000
139530  -16.540  55.412  11.185 0.0000000000
139531  -17.009  55.410  10.846 0.0000000000
139532  -21.805  55.409  11.334 0.0000000000
139533  -22.487  55.368  12.048 0.0000000000
139543  -16.002  55.822  10.794 0.0000000000
139544  -16.620  55.840  10.649 0.0000000000
139545  -17.373  55.746  10.571 0.0000000000
139546  -18.253  55.709  10.430 0.0000000000
139547  -19.212  55.620  10.401 0.0000000000
139548  -20.154  55.536  10.503 0.0000000000
139549  -21.025  55.431  10.767 0.0000000000
139616  -19.526  56.091  5.097 0.0000000000
139617  -19.778  56.014  5.058 0.0000000000
139622  -19.011  56.046  4.620 0.0000000000
139623  -19.343  56.039  4.788 0.0000000000
139624  -20.011  55.975  4.586 0.0000000000
139628  -19.058  55.990  4.355 0.0000000000
139629  -19.526  55.966  4.113 0.0000000000
139630  -20.129  56.082  3.984 0.0000000000
140034  -17.253  57.102  23.603 0.0000000000
140035  -17.779  56.572  24.173 0.0000000000
140036  -25.689  57.522  24.009 0.0000000000
140037  -26.230  57.317  23.492 0.0000000000
140047  -16.420  56.856  22.518 0.0000000000
140048  -16.888  56.575  22.976 0.0000000000
140049  -17.667  55.855  23.414 0.0000000000
140050  -26.766  57.172  23.005 0.0000000000
140059  -16.164  56.605  22.076 0.0000000000
140060  -16.553  55.866  22.342 0.0000000000
140069  -14.830  56.625  20.460 0.0000000000
140070  -15.295  56.531  21.088 0.0000000000
140078  -14.580  56.590  19.866 0.0000000000
140086  -14.309  56.541  18.905 0.0000000000
140092  -14.163  56.564  17.840 0.0000000000
140093  -22.047  56.225  18.136 0.0000000000
140094  -22.682  56.196  17.528 0.0000000000
140095  -23.651  56.622  18.112 0.0000000000
140096  -24.862  56.832  17.760 0.0000000000
140097  -26.166  57.020  17.486 0.0000000000
140104  -14.459  56.552  16.739 0.0000000000
140105  -15.132  56.816  16.170 0.0000000000
140106  -22.045  56.261  17.790 0.0000000000
140107  -22.677  56.589  17.303 0.0000000000
140114  -14.847  56.138  16.087 0.0000000000
140115  -15.631  56.343  15.765 0.0000000000
140116  -16.548  56.280  15.480 0.0000000000
140117  -17.594  56.500  15.127 0.0000000000
140118  -18.387  56.917  14.896 0.0000000000
140119  -23.242  56.642  16.261 0.0000000000
140130  -18.068  56.369  14.666 0.0000000000
140131  -18.448  56.624  14.474 0.0000000000
140132  -23.651  56.511  15.112 0.0000000000
140145  -14.928  56.968  12.972 0.0000000000
140146  -15.268  56.814  13.059 0.0000000000
140147  -16.192  56.482  13.255 0.0000000000
140148  -17.362  56.537  13.598 0.0000000000
140149  -18.425  56.577  13.907 0.0000000000
140150  -23.718  56.479  13.860 0.0000000000
140163  -14.895  56.795  12.635 0.0000000000
140164  -15.571  56.129  12.395 0.0000000000
140165  -16.239  55.887  12.694 0.0000000000
140166  -22.909  56.168  12.171 0.0000000000
140167  -23.407  56.749  12.726 0.0000000000
140177  -14.812  56.552  11.763 0.0000000000
140178  -15.407  56.033  11.644 0.0000000000
140179  -21.452  56.359  10.868 0.0000000000
140180  -22.341  56.448  11.453 0.0000000000
140181  -22.934  56.877  11.951 0.0000000000
140189  -14.637  56.818  11.087 0.0000000000
140190  -15.247  56.353  10.886 0.0000000000
140191  -16.047  56.425  10.429 0.0000000000
140192  -16.846  56.551  10.421 0.0000000000
140193  -17.713  56.612  10.391 0.0000000000
140194  -18.678  56.603  10.366 0.0000000000
140195  -19.676  56.484  10.452 0.0000000000
140196  -20.601  56.345  10.590 0.0000000000
140241  -20.556  56.730  6.935 0.0000000000
140242  -21.282  56.757  7.035 0.0000000000
140243  -21.995  57.012  7.045 0.0000000000
140244  -22.375  57.309  6.971 0.0000000000
140260  -20.066  56.541  6.266 0.0000000000
140261  -20.936  56.500  6.272 0.0000000000
140262  -21.717  56.770  6.360 0.0000000000
140263  -22.328  57.195  6.454 0.0000000000
140272  -18.923  56.570  5.306 0.0000000000
140273  -19.490  56.327  5.432 0.0000000000
140274  -20.540  56.197  5.283 0.0000000000
140275  -21.511  56.592  5.562 0.0000000000
140276  -22.170  57.009  5.686 0.0000000000
140281  -18.028  56.650  4.062 0.0000000000
140282  -18.710  56.347  4.696 0.0000000000
140283  -19.076  56.240  5.088 0.0000000000
140284  -20.695  56.283  4.277 0.0000000000
140285  -21.580  56.708  4.604 0.0000000000
140286  -21.951  56.844  5.147 0.0000000000
140291  -17.079  56.937  2.751 0.0000000000
140292  -17.893  56.470  3.059 0.0000000000
140293  -18.845  56.092  3.573 0.0000000000
140294  -19.831  56.195  3.417 0.0000000000
140295  -20.528  56.454  3.566 0.0000000000
140296  -21.174  56.762  3.748 0.0000000000
140303  -18.614  56.436  2.382 0.0000000000
140304  -19.494  56.406  2.672 0.0000000000
140305  -20.402  56.780  2.758 0.0000000000
140306  -20.858  56.797  3.267 0.0000000000
140317  -19.343  56.781  1.846 0.0000000000
140318  -19.867  56.789  2.258 0.0000000000
140674  -16.318  57.416  22.514 0.0000000000
140675  -16.861  57.600  23.284 0.0000000000
140687  -15.092  57.804  21.222 0.0000000000
140688  -15.589  57.493  21.686 0.0000000000
140699  -14.755  57.406  20.582 0.0000000000
140700  -15.131  57.300  21.152 0.0000000000
140708  -14.440  57.494  19.501 0.0000000000
140714  -14.310  57.522  18.462 0.0000000000
140721  -14.513  57.562  17.418 0.0000000000
140722  -23.431  57.428  17.860 0.0000000000
140723  -24.170  57.796  18.371 0.0000000000
140732  -15.098  57.512  16.590 0.0000000000
140733  -16.007  57.433  15.936 0.0000000000
140734  -17.252  57.936  15.729 0.0000000000
140735  -17.783  58.102  15.531 0.0000000000
140736  -23.389  57.484  16.888 0.0000000000
140743  -16.282  56.805  15.659 0.0000000000
140744  -17.024  57.109  15.522 0.0000000000
140745  -18.182  57.602  15.176 0.0000000000
140746  -18.585  57.114  14.860 0.0000000000
140747  -23.819  57.599  15.682 0.0000000000
140748  -24.109  58.259  15.382 0.0000000000
140757  -16.265  57.836  14.284 0.0000000000
140758  -17.241  57.844  14.440 0.0000000000
140759  -18.114  57.716  14.669 0.0000000000
140760  -18.474  57.152  14.602 0.0000000000
140761  -23.949  57.376  14.469 0.0000000000
140762  -24.143  58.102  14.732 0.0000000000
140775  -14.765  57.407  13.143 0.0000000000
140776  -15.610  57.427  13.683 0.0000000000
140777  -16.764  57.256  13.874 0.0000000000
140778  -17.855  57.271  14.070 0.0000000000
140779  -18.376  57.230  14.288 0.0000000000
140780  -23.888  57.761  13.427 0.0000000000
140781  -24.100  57.968  14.087 0.0000000000
140790  -13.923  57.913  12.039 0.0000000000
140791  -14.416  57.258  12.316 0.0000000000
140792  -23.520  57.835  12.535 0.0000000000
140799  -13.923  57.958  11.152 0.0000000000
140800  -14.323  57.279  11.444 0.0000000000
140801  -21.545  57.571  10.982 0.0000000000
140802  -22.555  57.604  11.516 0.0000000000
140803  -23.144  57.505  12.084 0.0000000000
140809  -14.005  58.053  10.627 0.0000000000
140810  -14.544  57.467  10.432 0.0000000000
140811  -15.488  57.041  10.196 0.0000000000
140812  -16.237  57.309  10.103 0.0000000000
140813  -17.120  57.435  10.312 0.0000000000
140814  -18.059  57.656  10.426 0.0000000000
140815  -19.154  57.583  10.489 0.0000000000
140816  -20.146  57.285  10.606 0.0000000000
140817  -20.911  57.077  10.733 0.0000000000
140828  -14.754  57.771  9.723 0.0000000000
140829  -15.216  57.536  9.780 0.0000000000
140830  -15.716  57.455  9.918 0.0000000000
140831  -19.548  58.106  8.979 0.0000000000
140832  -20.084  58.137  9.036 0.0000000000
140850  -18.655  58.016  8.073 0.0000000000
140851  -19.332  57.764  8.173 0.0000000000
140852  -20.303  57.698  8.463 0.0000000000
140853  -21.341  57.584  8.257 0.0000000000
140854  -21.921  57.587  8.036 0.0000000000
140873  -19.029  57.957  7.422 0.0000000000
140874  -19.795  57.227  7.245 0.0000000000
140875  -20.799  57.051  7.676 0.0000000000
140876  -21.624  57.201  7.633 0.0000000000
140877  -22.374  57.585  7.530 0.0000000000
140878  -22.956  57.978  7.220 0.0000000000
140887  -19.052  57.824  6.573 0.0000000000
140888  -19.316  56.975  6.129 0.0000000000
140889  -22.715  57.606  6.781 0.0000000000
140890  -23.169  58.127  6.592 0.0000000000
140896  -18.055  58.078  5.172 0.0000000000
140897  -18.596  57.434  5.454 0.0000000000
140898  -19.049  56.788  5.610 0.0000000000
140899  -22.845  57.730  5.832 0.0000000000
140900  -23.266  58.298  6.023 0.0000000000
140903  -16.944  58.122  4.125 0.0000000000
140904  -17.627  57.674  4.491 0.0000000000
140905  -18.213  56.999  4.691 0.0000000000
140906  -21.949  57.134  4.407 0.0000000000
140907  -22.329  57.403  4.767 0.0000000000
140912  -16.808  57.696  3.523 0.0000000000
140913  -17.422  57.010  3.606 0.0000000000
140914  -21.843  57.422  3.891 0.0000000000
140915  -22.288  57.946  4.108 0.0000000000
140920  -15.873  58.269  2.252 0.0000000000
140921  -16.315  57.700  2.431 0.0000000000
140922  -20.800  57.589  2.408 0.0000000000
140923  -21.220  57.328  3.077 0.0000000000
140934  -20.130  57.395  1.864 0.0000000000
141266  -14.934  58.529  21.047 0.0000000000
141267  -15.352  58.334  21.591 0.0000000000
141275  -14.566  58.446  20.128 0.0000000000
141283  -14.436  58.456  19.083 0.0000000000
141289  -14.593  58.454  18.069 0.0000000000
141296  -15.316  58.535  17.085 0.0000000000
141297  -15.992  59.050  16.873 0.0000000000
141303  -15.699  57.997  16.513 0.0000000000
141304  -16.483  58.539  16.397 0.0000000000
141305  -17.717  58.607  16.007 0.0000000000
141306  -18.041  58.605  15.554 0.0000000000
141307  -23.663  58.639  17.346 0.0000000000
141308  -24.025  59.210  16.724 0.0000000000
141312  -18.125  58.533  15.101 0.0000000000
141313  -23.741  58.049  16.522 0.0000000000
141314  -24.034  58.590  16.100 0.0000000000
141323  -14.775  58.954  14.157 0.0000000000
141324  -15.372  58.425  14.300 0.0000000000
141325  -16.579  58.490  14.695 0.0000000000
141326  -17.607  58.507  14.793 0.0000000000
141327  -24.340  58.825  15.087 0.0000000000
141340  -13.893  59.048  13.313 0.0000000000
141341  -14.404  58.570  13.586 0.0000000000
141342  -14.961  57.899  13.749 0.0000000000
141343  -24.023  58.388  13.320 0.0000000000
141344  -24.267  58.714  13.805 0.0000000000
141353  -13.766  58.722  12.747 0.0000000000
141354  -14.209  57.948  12.780 0.0000000000
141355  -23.869  58.722  12.755 0.0000000000
141356  -24.196  59.295  13.094 0.0000000000
141369  -13.584  58.706  11.743 0.0000000000
141370  -19.163  59.634  11.099 0.0000000000
141371  -19.335  59.419  11.035 0.0000000000
141372  -20.587  58.894  10.933 0.0000000000
141373  -21.889  58.759  11.228 0.0000000000
141374  -23.038  58.535  11.836 0.0000000000
141387  -13.646  58.681  10.764 0.0000000000
141388  -14.015  58.231  10.245 0.0000000000
141389  -16.237  57.701  9.864 0.0000000000
141390  -16.605  57.900  9.955 0.0000000000
141391  -17.417  58.282  10.178 0.0000000000
141392  -18.812  58.878  10.469 0.0000000000
141393  -19.774  58.367  10.669 0.0000000000
141394  -20.623  57.844  10.771 0.0000000000
141409  -13.685  58.840  9.913 0.0000000000
141410  -14.327  58.259  9.607 0.0000000000
141411  -14.976  57.973  9.226 0.0000000000
141412  -15.927  57.836  9.467 0.0000000000
141413  -16.795  58.308  9.464 0.0000000000
141414  -17.727  58.636  9.565 0.0000000000
141415  -18.907  58.716  9.687 0.0000000000
141416  -19.985  58.669  9.512 0.0000000000
141417  -20.807  58.748  9.400 0.0000000000
141418  -21.532  58.797  9.163 0.0000000000
141434  -13.866  58.947  9.205 0.0000000000
141435  -14.511  58.728  8.692 0.0000000000
141436  -15.381  58.355  8.635 0.0000000000
141437  -16.203  58.313  8.612 0.0000000000
141438  -17.051  58.359  8.585 0.0000000000
141439  -18.011  58.252  8.523 0.0000000000
141440  -18.816  58.097  8.701 0.0000000000
141441  -20.473  58.252  9.080 0.0000000000
141442  -21.125  58.166  8.865 0.0000000000
141443  -22.194  58.308  8.454 0.0000000000
141444  -23.065  58.766  8.053 0.0000000000
141456  -15.082  58.866  8.062 0.0000000000
141457  -15.703  58.648  8.019 0.0000000000
141458  -16.447  58.696  7.745 0.0000000000
141459  -17.430  58.611  7.607 0.0000000000
141460  -18.343  58.477  7.540 0.0000000000
141461  -22.846  58.206  7.751 0.0000000000
141462  -23.389  58.659  7.292 0.0000000000
141469  -18.751  58.590  6.904 0.0000000000
141470  -23.510  58.793  6.332 0.0000000000
141475  -18.309  58.487  5.562 0.0000000000
141476  -18.688  58.719  6.173 0.0000000000
141477  -22.887  58.026  5.061 0.0000000000
141478  -23.288  58.728  5.348 0.0000000000
141484  -17.107  58.520  4.514 0.0000000000
141485  -17.704  58.736  5.154 0.0000000000
141486  -22.722  58.495  4.410 0.0000000000
141487  -23.088  59.340  4.541 0.0000000000
141495  -16.063  58.941  3.461 0.0000000000
141496  -16.441  58.720  3.851 0.0000000000
141497  -21.657  57.920  3.230 0.0000000000
141498  -22.135  58.579  3.415 0.0000000000
141505  -15.913  58.668  2.954 0.0000000000
141506  -16.342  58.172  3.193 0.0000000000
141507  -20.670  58.200  1.956 0.0000000000
141508  -21.346  58.436  2.570 0.0000000000
141509  -21.773  59.269  2.732 0.0000000000
141861  -15.046  59.063  21.176 0.0000000000
141866  -14.903  59.299  20.762 0.0000000000
141867  -15.192  59.710  21.046 0.0000000000
141874  -14.692  59.457  19.704 0.0000000000
141875  -15.006  59.987  19.068 0.0000000000
141879  -14.729  59.268  18.658 0.0000000000
141880  -15.325  59.843  18.333 0.0000000000
141887  -15.054  59.199  17.859 0.0000000000
141888  -15.908  59.643  17.445 0.0000000000
141889  -17.064  59.952  17.130 0.0000000000
141896  -16.549  59.314  16.831 0.0000000000
141897  -17.395  59.319  16.480 0.0000000000
141898  -18.245  59.469  16.108 0.0000000000
141903  -16.203  59.897  15.393 0.0000000000
141904  -16.891  59.709  15.473 0.0000000000
141905  -17.939  59.319  15.530 0.0000000000
141906  -24.479  59.688  16.011 0.0000000000
141913  -15.040  59.306  14.526 0.0000000000
141914  -15.940  59.382  15.023 0.0000000000
141915  -17.172  59.080  15.081 0.0000000000
141916  -17.747  59.028  15.076 0.0000000000
141917  -24.573  59.778  14.593 0.0000000000
141929  -14.035  59.410  13.636 0.0000000000
141930  -14.428  59.558  14.199 0.0000000000
141931  -24.381  59.887  13.452 0.0000000000
141942  -13.697  59.577  13.187 0.0000000000
141943  -23.350  59.537  11.953 0.0000000000
141944  -23.953  59.967  12.521 0.0000000000
141958  -13.465  59.592  12.362 0.0000000000
141959  -19.371  59.871  11.074 0.0000000000
141960  -19.019  60.206  11.197 0.0000000000
141961  -19.786  60.123  11.148 0.0000000000
141962  -20.927  59.963  11.333 0.0000000000
141963  -22.230  59.919  11.544 0.0000000000
141973  -13.376  59.609  11.389 0.0000000000
141974  -19.187  59.787  10.557 0.0000000000
141986  -13.395  59.642  10.425 0.0000000000
141987  -19.620  59.519  10.160 0.0000000000
141988  -20.372  59.395  9.830 0.0000000000
141989  -21.182  59.445  9.640 0.0000000000
141990  -22.205  59.476  9.245 0.0000000000
141991  -23.117  59.893  8.900 0.0000000000
142007  -13.523  59.678  9.518 0.0000000000
142008  -13.851  59.619  8.671 0.0000000000
142009  -22.891  59.205  8.546 0.0000000000
142010  -23.822  59.661  8.029 0.0000000000
142011  -24.388  60.472  7.676 0.0000000000
142020  -14.530  59.560  7.959 0.0000000000
142021  -15.588  59.443  7.528 0.0000000000
142022  -16.979  59.628  7.129 0.0000000000
142023  -18.012  59.197  7.215 0.0000000000
142024  -18.451  58.928  7.073 0.0000000000
142025  -23.887  59.464  6.849 0.0000000000
142026  -24.334  60.166  7.080 0.0000000000
142031  -17.519  60.273  7.035 0.0000000000
142032  -17.960  59.981  7.026 0.0000000000
142033  -18.409  59.399  6.681 0.0000000000
142034  -23.743  59.707  5.865 0.0000000000
142035  -24.086  60.103  6.427 0.0000000000
142041  -18.290  59.393  5.804 0.0000000000
142042  -18.495  59.484  6.244 0.0000000000
142043  -23.403  59.863  4.958 0.0000000000
142050  -17.028  59.444  4.785 0.0000000000
142051  -17.713  59.665  5.412 0.0000000000
142052  -22.688  59.648  3.780 0.0000000000
142053  -23.058  60.061  4.330 0.0000000000
142059  -15.920  59.485  3.550 0.0000000000
142060  -16.396  59.692  4.224 0.0000000000
142061  -22.165  59.766  2.984 0.0000000000
142071  -15.429  59.636  2.665 0.0000000000
142072  -20.738  59.161  1.875 0.0000000000
142073  -21.267  59.713  2.263 0.0000000000
142074  -21.722  59.937  2.571 0.0000000000
142459  -15.094  59.822  20.784 0.0000000000
142467  -14.972  59.929  20.418 0.0000000000
142468  -15.245  60.549  19.846 0.0000000000
142471  -15.684  60.570  18.896 0.0000000000
142472  -16.367  60.829  18.518 0.0000000000
142480  -15.924  60.315  18.160 0.0000000000
142481  -16.672  60.485  17.832 0.0000000000
142496  -15.582  60.703  15.552 0.0000000000
142497  -16.400  60.442  15.683 0.0000000000
142498  -17.615  60.367  15.869 0.0000000000
142499  -18.363  60.093  15.971 0.0000000000
142500  -24.871  60.878  15.313 0.0000000000
142505  -14.282  60.711  14.588 0.0000000000
142506  -14.916  60.275  14.973 0.0000000000
142507  -15.753  60.125  15.339 0.0000000000
142508  -24.623  60.836  13.970 0.0000000000
142516  -13.931  60.336  13.920 0.0000000000
142517  -14.340  60.204  14.429 0.0000000000
142518  -24.302  60.863  12.925 0.0000000000
142526  -13.546  60.500  12.985 0.0000000000
142527  -23.037  60.674  11.808 0.0000000000
142528  -23.733  60.981  12.303 0.0000000000
142542  -13.327  60.559  12.031 0.0000000000
142543  -18.901  60.684  10.991 0.0000000000
142544  -19.181  60.950  11.217 0.0000000000
142545  -20.035  61.017  11.278 0.0000000000
142546  -21.084  60.989  11.473 0.0000000000
142547  -21.982  61.018  11.600 0.0000000000
142556  -13.294  60.592  11.036 0.0000000000
142557  -19.568  60.472  10.662 0.0000000000
142558  -20.552  60.902  10.503 0.0000000000
142559  -21.639  61.181  10.231 0.0000000000
142560  -22.326  61.383  9.999 0.0000000000
142569  -13.324  60.612  10.047 0.0000000000
142570  -20.038  59.849  10.257 0.0000000000
142571  -20.539  60.067  10.130 0.0000000000
142572  -21.475  60.309  9.863 0.0000000000
142573  -22.703  60.746  9.569 0.0000000000
142574  -23.744  60.577  8.850 0.0000000000
142585  -13.516  60.603  9.079 0.0000000000
142586  -14.001  60.567  8.187 0.0000000000
142587  -24.316  60.705  8.283 0.0000000000
142588  -24.614  61.063  7.773 0.0000000000
142595  -14.811  60.526  7.485 0.0000000000
142596  -15.981  60.581  7.245 0.0000000000
142597  -17.070  60.752  7.038 0.0000000000
142598  -24.578  60.948  7.126 0.0000000000
142603  -17.777  60.728  6.924 0.0000000000
142604  -18.084  60.366  6.533 0.0000000000
142605  -18.345  59.780  6.373 0.0000000000
142606  -23.941  60.476  5.960 0.0000000000
142607  -24.271  60.846  6.396 0.0000000000
142613  -17.465  60.973  5.484 0.0000000000
142614  -18.028  60.502  5.917 0.0000000000
142615  -18.333  59.906  6.176 0.0000000000
142616  -23.596  60.715  5.315 0.0000000000
142617  -23.926  61.069  5.793 0.0000000000
142623  -15.954  60.973  4.240 0.0000000000
142624  -16.719  60.630  4.755 0.0000000000
142625  -17.411  60.244  5.276 0.0000000000
142626  -22.689  60.738  3.956 0.0000000000
142627  -23.129  60.738  4.581 0.0000000000
142633  -15.540  60.645  3.421 0.0000000000
142634  -16.041  60.259  4.083 0.0000000000
142635  -22.336  60.653  3.224 0.0000000000
142648  -21.464  60.354  2.314 0.0000000000
142649  -21.836  60.604  2.548 0.0000000000
143014  -16.181  61.062  18.947 0.0000000000
143036  -15.125  61.360  15.642 0.0000000000
143037  -16.031  61.373  16.066 0.0000000000
143038  -16.935  61.027  16.104 0.0000000000
143043  -14.021  61.420  14.457 0.0000000000
143044  -14.498  61.384  15.086 0.0000000000
143049  -13.660  61.475  13.663 0.0000000000
143050  -24.596  61.840  13.275 0.0000000000
143057  -13.451  61.544  12.689 0.0000000000
143058  -23.113  61.693  12.017 0.0000000000
143059  -23.969  61.812  12.451 0.0000000000
143068  -13.332  61.583  11.687 0.0000000000
143069  -19.074  61.278  11.029 0.0000000000
143070  -19.603  61.548  11.125 0.0000000000
143071  -20.448  61.941  11.284 0.0000000000
143072  -21.252  61.856  11.609 0.0000000000
143073  -22.211  61.674  11.766 0.0000000000
143078  -13.320  61.608  10.677 0.0000000000
143079  -19.068  61.103  10.883 0.0000000000
143080  -19.538  61.369  10.874 0.0000000000
143081  -20.679  61.936  10.812 0.0000000000
143082  -22.071  61.866  10.380 0.0000000000
143087  -13.391  61.625  9.667 0.0000000000
143088  -22.875  61.756  9.887 0.0000000000
143089  -23.948  61.623  9.280 0.0000000000
143090  -24.603  62.154  8.920 0.0000000000
143101  -13.710  61.622  8.712 0.0000000000
143102  -14.331  61.598  7.905 0.0000000000
143103  -24.238  61.092  8.752 0.0000000000
143104  -24.661  61.664  8.361 0.0000000000
143111  -15.251  61.608  7.373 0.0000000000
143112  -16.423  61.664  7.237 0.0000000000
143113  -17.649  61.745  7.091 0.0000000000
143116  -24.736  61.720  7.329 0.0000000000
143121  -17.913  61.145  6.699 0.0000000000
143122  -18.196  61.599  6.604 0.0000000000
143124  -24.501  61.644  6.568 0.0000000000
143131  -17.100  61.755  5.367 0.0000000000
143132  -17.956  61.764  5.978 0.0000000000
143134  -23.692  61.660  5.332 0.0000000000
143135  -24.140  61.670  5.920 0.0000000000
143142  -15.580  61.734  3.968 0.0000000000
143143  -16.286  61.731  4.666 0.0000000000
143145  -23.257  61.522  4.737 0.0000000000
143154  -14.981  61.796  3.054 0.0000000000
143503  -14.155  62.903  15.256 0.0000000000
143504  -14.751  62.497  15.761 0.0000000000
143505  -15.457  62.100  16.122 0.0000000000
143513  -13.788  62.548  14.450 0.0000000000
143514  -14.212  62.139  14.999 0.0000000000
143523  -13.498  62.585  13.404 0.0000000000
143532  -13.329  62.614  12.367 0.0000000000
143533  -20.998  63.252  12.027 0.0000000000
143534  -21.817  63.088  12.105 0.0000000000
143535  -23.101  62.775  12.164 0.0000000000
143542  -13.287  62.631  11.334 0.0000000000
143543  -20.723  62.894  11.622 0.0000000000
143544  -21.447  62.503  11.886 0.0000000000
143545  -22.328  62.321  12.008 0.0000000000
143552  -13.357  62.655  10.311 0.0000000000
143553  -20.685  62.919  11.149 0.0000000000
143554  -22.119  62.825  10.675 0.0000000000
143555  -23.102  63.185  10.412 0.0000000000
143563  -13.523  62.695  9.301 0.0000000000
143564  -22.649  62.267  10.242 0.0000000000
143565  -23.460  62.701  10.000 0.0000000000
143566  -24.540  62.765  9.314 0.0000000000
143577  -13.997  62.681  8.436 0.0000000000
143578  -14.753  62.635  7.787 0.0000000000
143579  -24.923  62.786  8.478 0.0000000000
143584  -15.767  62.646  7.431 0.0000000000
143585  -16.934  62.697  7.421 0.0000000000
143589  -24.889  62.677  7.527 0.0000000000
143596  -24.615  62.488  6.668 0.0000000000
143604  -16.604  62.821  5.169 0.0000000000
143605  -17.697  62.700  5.856 0.0000000000
143607  -23.889  62.567  5.481 0.0000000000
143608  -24.323  62.291  6.094 0.0000000000
143616  -15.287  62.861  3.697 0.0000000000
143617  -15.873  62.539  4.432 0.0000000000
143630  -14.776  62.797  2.989 0.0000000000
144030  -13.589  63.698  14.145 0.0000000000
144037  -13.443  63.715  13.067 0.0000000000
144045  -13.271  63.698  11.996 0.0000000000
144056  -13.310  63.694  10.955 0.0000000000
144066  -13.402  63.735  9.936 0.0000000000
144067  -20.615  63.427  11.483 0.0000000000
144068  -21.381  63.887  11.343 0.0000000000
144069  -23.111  63.948  10.605 0.0000000000
144070  -24.004  64.501  10.411 0.0000000000
144078  -13.661  63.897  8.918 0.0000000000
144079  -23.601  63.419  10.262 0.0000000000
144080  -24.553  64.005  9.949 0.0000000000
144081  -25.124  64.882  9.457 0.0000000000
144091  -14.421  63.674  8.260 0.0000000000
144092  -15.277  63.607  7.775 0.0000000000
144093  -25.128  63.698  8.855 0.0000000000
144094  -25.295  64.628  9.007 0.0000000000
144099  -16.313  63.628  7.543 0.0000000000
144104  -25.234  64.018  7.713 0.0000000000
144105  -25.376  64.361  8.423 0.0000000000
144111  -24.654  63.542  6.695 0.0000000000
144119  -16.510  64.006  5.289 0.0000000000
144120  -17.250  63.524  5.704 0.0000000000
144122  -24.268  63.119  5.982 0.0000000000
144132  -15.165  63.877  3.827 0.0000000000
144133  -15.755  63.618  4.529 0.0000000000
144144  -14.776  63.721  3.147 0.0000000000
144556  -13.468  64.841  12.642 0.0000000000
144566  -13.381  64.777  11.574 0.0000000000
144578  -13.383  64.747  10.567 0.0000000000
144588  -13.463  64.796  9.632 0.0000000000
144599  -13.682  64.986  8.966 0.0000000000
144611  -14.150  64.754  8.480 0.0000000000
144612  -14.918  64.567  8.033 0.0000000000
144618  -15.821  64.516  7.790 0.0000000000
144653  -15.335  64.633  4.140 0.0000000000
144654  -15.932  64.718  4.776 0.0000000000
144663  -14.881  64.625  3.486 0.0000000000
145088  -13.447  65.844  11.116 0.0000000000
145099  -13.445  65.754  10.175 0.0000000000
145107  -13.587  65.759  9.360 0.0000000000
