#!ascii label  , from subject ab_data vox2ras=TkReg
215
28935  -37.968  -49.818  38.908 0.0000000000
28950  -37.936  -50.101  38.489 0.0000000000
28951  -38.180  -50.769  37.834 0.0000000000
28960  -39.036  -50.959  37.067 0.0000000000
28980  -40.560  -50.331  36.475 0.0000000000
28981  -41.043  -50.666  36.450 0.0000000000
30088  -38.104  -49.246  39.215 0.0000000000
30112  -37.819  -49.331  38.321 0.0000000000
30113  -37.934  -49.896  37.825 0.0000000000
30130  -37.921  -49.323  37.549 0.0000000000
30131  -38.452  -49.847  37.043 0.0000000000
30132  -39.371  -50.252  36.692 0.0000000000
30149  -39.209  -49.530  36.528 0.0000000000
30150  -40.034  -49.853  36.436 0.0000000000
30151  -40.846  -49.822  36.304 0.0000000000
30152  -41.496  -50.205  36.218 0.0000000000
30171  -41.284  -49.650  36.116 0.0000000000
30172  -41.744  -49.651  35.918 0.0000000000
31160  -38.210  -48.609  39.216 0.0000000000
31180  -37.962  -48.330  38.632 0.0000000000
31181  -38.273  -48.286  39.188 0.0000000000
31195  -37.827  -48.521  37.605 0.0000000000
31196  -38.104  -48.974  37.096 0.0000000000
31214  -38.040  -48.359  36.887 0.0000000000
31215  -38.651  -48.799  36.539 0.0000000000
31216  -39.630  -48.881  36.190 0.0000000000
31217  -40.340  -49.234  36.178 0.0000000000
31235  -40.207  -48.745  35.968 0.0000000000
31236  -40.937  -48.971  35.935 0.0000000000
31237  -41.892  -48.894  35.509 0.0000000000
31258  -42.279  -48.569  34.959 0.0000000000
31280  -43.413  -48.671  33.716 0.0000000000
31331  -44.465  -48.363  30.329 0.0000000000
31348  -44.401  -48.026  29.740 0.0000000000
32277  -39.193  -47.531  39.860 0.0000000000
32291  -38.064  -47.453  38.417 0.0000000000
32292  -38.413  -47.652  39.108 0.0000000000
32304  -37.812  -47.621  37.813 0.0000000000
32311  -37.846  -47.687  37.068 0.0000000000
32312  -38.298  -47.757  36.357 0.0000000000
32313  -39.049  -48.192  36.042 0.0000000000
32326  -38.859  -47.533  35.755 0.0000000000
32327  -39.925  -47.934  35.623 0.0000000000
32328  -41.010  -48.161  35.367 0.0000000000
32329  -41.665  -48.184  35.030 0.0000000000
32343  -40.520  -47.565  35.161 0.0000000000
32344  -41.072  -47.519  34.816 0.0000000000
32345  -42.045  -47.808  34.386 0.0000000000
32346  -42.777  -48.181  33.888 0.0000000000
32367  -42.373  -47.559  33.662 0.0000000000
32368  -43.064  -47.941  33.029 0.0000000000
32369  -43.804  -48.539  32.328 0.0000000000
32389  -43.278  -47.736  31.854 0.0000000000
32390  -44.053  -48.509  31.668 0.0000000000
32403  -43.187  -47.312  30.971 0.0000000000
32404  -43.885  -48.102  31.021 0.0000000000
32417  -43.135  -47.038  30.470 0.0000000000
32418  -43.696  -47.564  30.161 0.0000000000
32429  -44.128  -47.653  29.248 0.0000000000
32430  -44.549  -48.083  29.355 0.0000000000
32443  -44.547  -47.480  28.306 0.0000000000
32464  -45.603  -47.122  27.087 0.0000000000
33310  -39.313  -46.847  39.615 0.0000000000
33327  -38.314  -46.948  38.583 0.0000000000
33328  -38.850  -46.623  39.091 0.0000000000
33329  -39.423  -46.453  39.458 0.0000000000
33342  -37.983  -46.778  37.935 0.0000000000
33343  -38.379  -46.354  38.330 0.0000000000
33350  -37.799  -46.966  37.296 0.0000000000
33351  -37.894  -46.897  36.636 0.0000000000
33363  -38.259  -46.808  35.887 0.0000000000
33364  -39.033  -46.831  35.314 0.0000000000
33377  -40.055  -46.742  34.768 0.0000000000
33378  -41.151  -46.713  34.129 0.0000000000
33379  -41.853  -47.063  33.767 0.0000000000
33392  -41.626  -46.397  33.537 0.0000000000
33393  -42.214  -46.760  33.148 0.0000000000
33394  -42.554  -46.820  32.314 0.0000000000
33406  -42.741  -46.675  31.496 0.0000000000
33419  -42.865  -46.536  30.730 0.0000000000
33430  -43.099  -46.642  29.976 0.0000000000
33431  -43.514  -47.089  29.485 0.0000000000
33440  -43.257  -46.498  29.239 0.0000000000
33441  -43.693  -46.960  28.788 0.0000000000
33449  -43.383  -46.310  28.702 0.0000000000
33450  -43.874  -46.431  27.910 0.0000000000
34251  -39.724  -46.224  39.545 0.0000000000
34252  -40.269  -45.891  39.603 0.0000000000
34269  -38.770  -45.771  38.436 0.0000000000
34270  -39.429  -45.798  39.061 0.0000000000
34271  -39.935  -45.372  39.067 0.0000000000
34286  -37.910  -46.468  37.453 0.0000000000
34287  -38.200  -45.844  37.558 0.0000000000
34301  -37.838  -46.372  37.048 0.0000000000
34302  -38.064  -45.868  36.409 0.0000000000
34312  -38.471  -45.930  35.498 0.0000000000
34313  -39.040  -45.911  34.913 0.0000000000
34323  -39.586  -45.622  34.489 0.0000000000
34324  -40.357  -45.746  34.087 0.0000000000
34331  -41.166  -45.710  33.613 0.0000000000
34332  -41.890  -45.689  33.141 0.0000000000
34333  -42.381  -45.772  32.581 0.0000000000
34335  -42.812  -45.692  31.923 0.0000000000
34336  -43.283  -45.204  31.403 0.0000000000
34346  -42.840  -45.798  31.109 0.0000000000
34347  -43.255  -45.185  30.682 0.0000000000
34360  -42.894  -45.749  30.254 0.0000000000
34361  -43.188  -45.167  30.158 0.0000000000
34377  -42.951  -45.957  29.433 0.0000000000
34378  -43.137  -45.224  29.586 0.0000000000
34387  -43.112  -46.086  28.990 0.0000000000
34388  -43.261  -45.585  28.648 0.0000000000
34396  -43.635  -45.422  27.754 0.0000000000
34408  -45.414  -45.714  26.085 0.0000000000
34422  -47.707  -44.960  25.244 0.0000000000
34435  -48.401  -44.803  25.199 0.0000000000
35225  -40.903  -45.553  39.545 0.0000000000
35243  -39.181  -45.378  38.494 0.0000000000
35244  -39.631  -45.099  38.577 0.0000000000
35245  -40.573  -44.972  38.878 0.0000000000
35262  -38.991  -44.989  37.912 0.0000000000
35263  -39.867  -44.394  37.984 0.0000000000
35264  -40.510  -44.316  38.168 0.0000000000
35279  -38.641  -44.761  36.802 0.0000000000
35280  -39.279  -44.288  37.311 0.0000000000
35295  -38.531  -44.905  35.727 0.0000000000
35296  -38.696  -45.380  35.218 0.0000000000
35307  -38.785  -44.486  35.344 0.0000000000
35308  -38.962  -44.877  34.858 0.0000000000
35309  -39.784  -44.798  34.202 0.0000000000
35312  -40.661  -44.826  33.759 0.0000000000
35313  -41.567  -44.832  33.404 0.0000000000
35314  -42.697  -44.819  33.005 0.0000000000
35315  -43.985  -44.454  33.016 0.0000000000
35323  -42.914  -45.253  32.427 0.0000000000
35324  -43.666  -44.857  32.077 0.0000000000
35334  -43.831  -44.728  30.978 0.0000000000
35335  -44.716  -44.502  31.287 0.0000000000
35345  -43.641  -44.690  30.014 0.0000000000
35346  -44.584  -44.370  30.301 0.0000000000
35363  -43.561  -44.639  28.961 0.0000000000
35364  -44.419  -44.271  29.288 0.0000000000
35365  -45.452  -44.187  29.596 0.0000000000
35381  -43.534  -44.824  28.135 0.0000000000
35382  -44.283  -44.170  28.100 0.0000000000
35383  -45.219  -43.954  28.711 0.0000000000
35384  -46.079  -43.998  29.000 0.0000000000
35399  -43.863  -44.805  27.502 0.0000000000
35400  -44.389  -44.410  27.045 0.0000000000
35410  -44.314  -45.535  26.905 0.0000000000
35411  -44.960  -44.629  26.197 0.0000000000
35412  -45.657  -44.251  25.807 0.0000000000
35424  -45.752  -45.090  25.719 0.0000000000
35425  -46.479  -44.394  25.502 0.0000000000
35426  -47.391  -43.907  25.387 0.0000000000
35427  -48.350  -44.142  25.272 0.0000000000
36309  -41.021  -44.336  38.359 0.0000000000
36332  -39.739  -43.910  37.351 0.0000000000
36333  -40.621  -43.604  37.540 0.0000000000
36352  -38.777  -44.296  36.178 0.0000000000
36353  -39.404  -43.643  36.483 0.0000000000
36354  -40.165  -43.121  36.724 0.0000000000
36371  -38.854  -44.117  35.698 0.0000000000
36372  -39.239  -43.606  35.346 0.0000000000
36386  -38.939  -44.162  35.127 0.0000000000
36387  -39.359  -44.017  34.620 0.0000000000
36388  -40.274  -43.822  34.161 0.0000000000
36389  -41.311  -43.343  34.169 0.0000000000
36390  -42.436  -43.175  34.108 0.0000000000
36391  -43.582  -43.220  34.091 0.0000000000
36402  -41.149  -44.141  33.769 0.0000000000
36403  -42.041  -44.014  33.638 0.0000000000
36404  -43.172  -43.923  33.577 0.0000000000
36451  -45.201  -43.770  27.959 0.0000000000
36452  -45.998  -43.739  28.271 0.0000000000
36453  -46.889  -43.719  28.742 0.0000000000
36463  -44.891  -43.750  27.258 0.0000000000
36464  -45.776  -43.516  27.448 0.0000000000
36465  -46.724  -43.323  27.795 0.0000000000
36466  -47.363  -43.123  28.295 0.0000000000
36476  -44.829  -44.002  26.668 0.0000000000
36477  -45.537  -43.623  26.425 0.0000000000
36478  -46.384  -43.099  26.966 0.0000000000
36491  -46.003  -43.762  25.781 0.0000000000
36492  -46.739  -43.154  25.967 0.0000000000
36493  -47.917  -43.228  25.662 0.0000000000
37407  -41.408  -42.817  37.290 0.0000000000
37426  -40.052  -42.843  36.197 0.0000000000
37427  -40.779  -42.604  36.643 0.0000000000
37428  -41.744  -42.148  36.829 0.0000000000
37444  -39.773  -42.954  35.474 0.0000000000
37445  -40.576  -42.421  35.609 0.0000000000
37446  -41.347  -41.919  35.998 0.0000000000
37461  -39.710  -43.322  34.769 0.0000000000
37462  -40.436  -42.840  34.702 0.0000000000
37463  -41.651  -42.275  34.851 0.0000000000
37464  -42.935  -42.420  34.550 0.0000000000
37570  -47.979  -42.156  27.823 0.0000000000
37577  -46.898  -42.961  27.303 0.0000000000
37578  -47.439  -42.667  27.593 0.0000000000
37579  -47.951  -42.223  27.324 0.0000000000
37581  -47.021  -42.785  26.850 0.0000000000
37582  -47.580  -42.478  26.855 0.0000000000
37583  -48.184  -42.137  26.712 0.0000000000
37589  -47.247  -42.745  26.455 0.0000000000
37590  -47.682  -42.644  26.199 0.0000000000
37591  -48.590  -42.426  25.922 0.0000000000
38467  -41.904  -41.788  36.299 0.0000000000
38468  -42.566  -41.742  36.635 0.0000000000
38487  -42.131  -41.716  35.738 0.0000000000
38488  -43.019  -41.545  35.776 0.0000000000
38509  -42.603  -41.839  35.108 0.0000000000
38510  -43.474  -41.822  35.009 0.0000000000
148293  -45.901  -45.589  25.825 0.0000000000
148297  -46.628  -45.976  25.768 0.0000000000
