#!ascii label  , from subject ab_data vox2ras=TkReg
1881
90708  -46.022  1.630  32.481 0.0000000000
90716  -46.016  1.525  31.521 0.0000000000
90717  -46.842  1.408  31.961 0.0000000000
90728  -45.189  1.722  30.253 0.0000000000
90729  -45.992  1.526  30.618 0.0000000000
90730  -46.775  1.330  31.020 0.0000000000
90742  -45.115  1.806  29.329 0.0000000000
90743  -45.926  1.657  29.704 0.0000000000
90744  -46.753  1.458  30.058 0.0000000000
90745  -47.549  1.174  30.452 0.0000000000
90757  -45.097  1.997  28.534 0.0000000000
90758  -45.810  1.772  28.785 0.0000000000
90759  -46.686  1.566  29.042 0.0000000000
90760  -47.588  1.273  29.399 0.0000000000
90774  -45.128  2.165  28.094 0.0000000000
90775  -45.605  2.053  28.114 0.0000000000
90776  -46.547  1.877  27.934 0.0000000000
90777  -47.581  1.483  28.292 0.0000000000
90788  -46.983  2.178  27.351 0.0000000000
90789  -47.564  2.014  27.442 0.0000000000
90790  -48.549  1.840  27.637 0.0000000000
91846  -41.606  3.085  34.018 0.0000000000
91847  -42.647  2.783  34.016 0.0000000000
91848  -43.666  2.620  33.950 0.0000000000
91849  -44.629  2.493  33.914 0.0000000000
91850  -45.527  2.287  34.105 0.0000000000
91858  -40.291  3.219  33.355 0.0000000000
91859  -40.919  2.874  33.272 0.0000000000
91860  -41.886  2.637  33.209 0.0000000000
91861  -42.918  2.495  33.119 0.0000000000
91862  -43.958  2.359  33.035 0.0000000000
91863  -45.078  2.007  33.018 0.0000000000
91864  -46.148  1.781  33.499 0.0000000000
91869  -38.274  3.429  31.998 0.0000000000
91870  -38.803  3.201  32.207 0.0000000000
91871  -39.928  2.876  32.608 0.0000000000
91872  -41.081  2.599  32.398 0.0000000000
91873  -42.136  2.509  32.266 0.0000000000
91874  -43.161  2.330  32.157 0.0000000000
91875  -44.200  2.101  32.035 0.0000000000
91876  -45.186  1.816  31.855 0.0000000000
91882  -37.635  3.364  31.025 0.0000000000
91883  -38.169  3.174  31.446 0.0000000000
91884  -39.171  2.695  31.565 0.0000000000
91885  -40.254  2.481  31.556 0.0000000000
91886  -41.327  2.461  31.426 0.0000000000
91887  -42.352  2.414  31.294 0.0000000000
91888  -43.360  2.202  31.147 0.0000000000
91889  -44.438  1.911  30.911 0.0000000000
91890  -45.355  1.672  31.055 0.0000000000
91896  -37.869  3.091  30.608 0.0000000000
91897  -38.582  2.721  30.695 0.0000000000
91898  -39.521  2.454  30.654 0.0000000000
91899  -40.543  2.380  30.575 0.0000000000
91900  -41.544  2.420  30.448 0.0000000000
91901  -42.524  2.355  30.300 0.0000000000
91902  -43.485  2.167  30.106 0.0000000000
91903  -44.358  1.962  29.777 0.0000000000
91909  -38.168  2.891  30.058 0.0000000000
91910  -38.844  2.691  29.754 0.0000000000
91911  -39.837  2.479  29.735 0.0000000000
91912  -40.773  2.465  29.621 0.0000000000
91913  -41.715  2.460  29.456 0.0000000000
91914  -42.674  2.388  29.295 0.0000000000
91915  -43.594  2.273  29.120 0.0000000000
91916  -44.411  2.115  28.846 0.0000000000
91927  -39.333  2.821  29.074 0.0000000000
91928  -40.085  2.714  28.903 0.0000000000
91929  -40.943  2.677  28.728 0.0000000000
91930  -41.856  2.672  28.392 0.0000000000
91931  -42.895  2.568  28.383 0.0000000000
91932  -43.773  2.469  28.245 0.0000000000
91933  -44.613  2.317  28.015 0.0000000000
91934  -45.259  2.381  27.708 0.0000000000
91935  -45.888  2.284  27.595 0.0000000000
91944  -42.376  2.952  27.781 0.0000000000
91945  -43.166  2.911  27.645 0.0000000000
91946  -44.031  2.862  27.547 0.0000000000
91947  -44.800  2.781  27.380 0.0000000000
91948  -45.595  2.742  27.084 0.0000000000
91949  -46.500  2.465  27.144 0.0000000000
91950  -47.363  2.568  27.018 0.0000000000
91951  -48.404  2.853  27.062 0.0000000000
91957  -46.253  3.048  26.740 0.0000000000
91958  -46.981  3.065  26.745 0.0000000000
91959  -47.741  3.226  26.835 0.0000000000
91960  -48.218  3.459  26.978 0.0000000000
92930  -41.731  4.753  35.322 0.0000000000
92931  -42.355  4.217  35.347 0.0000000000
92932  -43.328  3.843  35.288 0.0000000000
92933  -44.156  3.606  35.110 0.0000000000
92934  -45.206  3.560  35.345 0.0000000000
92946  -40.350  4.257  34.243 0.0000000000
92947  -41.121  4.023  34.632 0.0000000000
92948  -42.402  3.437  34.736 0.0000000000
92949  -43.437  3.159  34.673 0.0000000000
92950  -44.382  3.019  34.637 0.0000000000
92951  -45.132  2.833  34.608 0.0000000000
92955  -38.607  4.464  32.882 0.0000000000
92956  -39.068  4.218  33.192 0.0000000000
92957  -40.002  3.851  33.757 0.0000000000
92958  -40.778  3.365  33.839 0.0000000000
92961  -37.580  4.300  32.004 0.0000000000
92962  -38.242  3.962  32.404 0.0000000000
92963  -39.291  3.531  32.927 0.0000000000
92964  -39.855  3.322  33.196 0.0000000000
92967  -36.651  4.303  30.878 0.0000000000
92968  -37.331  3.887  31.413 0.0000000000
92969  -37.984  3.574  31.833 0.0000000000
92974  -36.658  4.004  30.498 0.0000000000
92975  -37.278  3.512  30.553 0.0000000000
92981  -36.809  3.728  29.836 0.0000000000
92982  -37.561  3.305  29.813 0.0000000000
92983  -38.169  3.119  29.481 0.0000000000
92991  -37.098  3.698  29.260 0.0000000000
92992  -37.719  3.550  29.031 0.0000000000
92993  -38.584  3.319  28.878 0.0000000000
92994  -39.463  3.431  28.469 0.0000000000
92995  -40.331  3.195  28.286 0.0000000000
92996  -41.030  3.062  28.064 0.0000000000
93005  -39.963  3.845  28.050 0.0000000000
93006  -40.650  3.729  27.837 0.0000000000
93007  -41.588  3.503  27.658 0.0000000000
93008  -42.554  3.600  27.394 0.0000000000
93009  -43.542  3.604  27.180 0.0000000000
93010  -44.384  3.329  27.099 0.0000000000
93011  -45.029  3.196  26.957 0.0000000000
93012  -48.642  3.907  27.255 0.0000000000
93018  -44.181  3.882  26.913 0.0000000000
93019  -44.831  3.779  26.827 0.0000000000
93020  -45.685  3.614  26.731 0.0000000000
93021  -46.639  3.737  26.710 0.0000000000
93022  -47.395  3.731  26.780 0.0000000000
93023  -48.011  3.872  26.952 0.0000000000
93987  -43.959  5.233  36.200 0.0000000000
94006  -41.828  5.582  35.489 0.0000000000
94007  -42.457  5.080  35.752 0.0000000000
94008  -43.265  4.640  35.777 0.0000000000
94009  -44.331  4.350  35.704 0.0000000000
94021  -39.856  5.263  34.116 0.0000000000
94022  -40.297  4.883  34.402 0.0000000000
94023  -41.087  5.172  35.019 0.0000000000
94026  -38.825  4.920  33.200 0.0000000000
94027  -39.570  4.831  33.791 0.0000000000
94028  -40.033  4.418  34.079 0.0000000000
94031  -37.730  4.813  32.272 0.0000000000
94032  -38.295  4.878  32.717 0.0000000000
94035  -36.623  4.716  31.181 0.0000000000
94036  -37.168  4.749  31.772 0.0000000000
94041  -35.550  5.144  29.993 0.0000000000
94042  -36.057  4.732  30.411 0.0000000000
94048  -35.641  4.941  29.614 0.0000000000
94049  -36.209  4.315  29.772 0.0000000000
94059  -35.909  4.657  29.143 0.0000000000
94060  -36.501  4.147  29.164 0.0000000000
94061  -37.099  4.138  28.694 0.0000000000
94062  -37.978  4.160  28.467 0.0000000000
94063  -38.764  3.963  28.380 0.0000000000
94074  -38.531  4.569  28.185 0.0000000000
94075  -39.305  4.441  28.089 0.0000000000
94076  -40.171  4.526  27.853 0.0000000000
94077  -41.018  4.471  27.631 0.0000000000
94078  -41.928  4.445  27.403 0.0000000000
94079  -42.887  4.465  27.180 0.0000000000
94080  -46.641  5.001  27.276 0.0000000000
94081  -47.149  4.968  27.387 0.0000000000
94082  -48.163  4.624  27.529 0.0000000000
94089  -43.753  4.452  26.969 0.0000000000
94090  -44.514  4.420  26.856 0.0000000000
94091  -45.326  4.419  26.833 0.0000000000
94092  -46.336  4.638  26.995 0.0000000000
94093  -47.239  4.345  26.969 0.0000000000
94094  -47.713  4.164  26.986 0.0000000000
95167  -43.101  6.415  36.220 0.0000000000
95168  -43.516  6.148  36.319 0.0000000000
95193  -41.920  6.235  35.524 0.0000000000
95194  -42.604  6.199  35.968 0.0000000000
95195  -43.141  5.409  36.099 0.0000000000
95205  -40.072  5.610  34.266 0.0000000000
95206  -40.588  5.840  34.608 0.0000000000
95207  -41.342  6.252  35.092 0.0000000000
95210  -39.086  5.547  33.448 0.0000000000
95211  -39.602  5.826  33.867 0.0000000000
95214  -37.956  5.498  32.476 0.0000000000
95215  -38.497  5.756  32.948 0.0000000000
95217  -36.734  5.375  31.485 0.0000000000
95218  -37.328  5.667  31.987 0.0000000000
95223  -35.633  5.428  30.295 0.0000000000
95224  -36.139  5.543  30.900 0.0000000000
95231  -34.909  6.027  29.342 0.0000000000
95232  -35.203  5.726  29.637 0.0000000000
95242  -34.893  5.971  29.060 0.0000000000
95243  -35.397  5.472  28.795 0.0000000000
95244  -36.301  4.853  28.516 0.0000000000
95245  -37.233  4.835  28.195 0.0000000000
95246  -37.983  4.890  28.082 0.0000000000
95257  -35.799  5.585  28.147 0.0000000000
95258  -36.562  5.560  27.888 0.0000000000
95259  -37.560  5.544  27.783 0.0000000000
95260  -38.604  5.352  27.870 0.0000000000
95261  -39.637  5.367  27.856 0.0000000000
95262  -40.535  5.340  27.812 0.0000000000
95263  -41.412  5.317  27.700 0.0000000000
95264  -42.344  5.341  27.508 0.0000000000
95265  -43.408  5.388  27.252 0.0000000000
95266  -44.389  5.648  27.293 0.0000000000
95267  -45.361  5.618  27.428 0.0000000000
95268  -46.486  5.402  27.507 0.0000000000
95269  -48.022  5.642  28.353 0.0000000000
95277  -44.170  5.020  26.945 0.0000000000
95278  -44.909  5.043  27.000 0.0000000000
95279  -45.749  5.016  27.132 0.0000000000
95280  -46.172  5.006  27.203 0.0000000000
96389  -43.229  6.970  36.202 0.0000000000
96416  -42.020  7.006  35.414 0.0000000000
96417  -42.667  7.178  35.849 0.0000000000
96420  -40.137  6.335  34.172 0.0000000000
96421  -40.767  6.896  34.476 0.0000000000
96422  -41.418  7.173  34.873 0.0000000000
96424  -39.037  6.458  33.304 0.0000000000
96425  -39.709  6.792  33.668 0.0000000000
96426  -40.240  7.085  33.967 0.0000000000
96428  -37.930  6.410  32.433 0.0000000000
96429  -38.509  6.616  32.868 0.0000000000
96431  -35.161  6.775  30.869 0.0000000000
96432  -35.788  6.622  31.138 0.0000000000
96433  -36.552  6.276  31.465 0.0000000000
96434  -37.253  6.575  31.974 0.0000000000
96440  -33.942  7.004  29.804 0.0000000000
96441  -34.643  6.660  30.299 0.0000000000
96442  -35.444  6.140  30.497 0.0000000000
96443  -35.988  6.153  30.991 0.0000000000
96453  -33.925  6.981  28.987 0.0000000000
96454  -34.608  6.355  29.400 0.0000000000
96455  -34.949  6.195  29.958 0.0000000000
96466  -34.044  7.162  28.537 0.0000000000
96467  -34.663  6.536  28.339 0.0000000000
96468  -35.322  5.941  28.186 0.0000000000
96469  -41.381  6.876  28.439 0.0000000000
96470  -42.294  6.775  28.557 0.0000000000
96471  -43.246  6.781  28.545 0.0000000000
96472  -44.260  6.856  28.495 0.0000000000
96473  -45.334  6.819  28.585 0.0000000000
96474  -46.439  6.685  28.823 0.0000000000
96475  -47.516  6.511  29.154 0.0000000000
96481  -35.019  6.885  27.669 0.0000000000
96482  -35.692  6.386  27.679 0.0000000000
96483  -36.946  6.383  27.480 0.0000000000
96484  -38.067  6.358  27.546 0.0000000000
96485  -39.124  6.304  27.702 0.0000000000
96486  -40.077  6.223  27.878 0.0000000000
96487  -40.948  6.124  28.069 0.0000000000
96488  -41.846  6.082  28.070 0.0000000000
96489  -42.789  6.141  27.908 0.0000000000
96490  -43.786  6.264  27.796 0.0000000000
96491  -44.821  6.295  27.863 0.0000000000
96492  -45.905  6.209  28.033 0.0000000000
96493  -47.033  6.135  28.403 0.0000000000
96494  -47.813  6.151  28.801 0.0000000000
97574  -40.613  7.910  33.981 0.0000000000
97575  -41.207  7.745  34.495 0.0000000000
97578  -38.756  7.102  33.001 0.0000000000
97579  -39.219  7.555  33.191 0.0000000000
97580  -39.959  7.562  33.608 0.0000000000
97583  -33.890  7.678  31.675 0.0000000000
97584  -34.860  7.710  31.831 0.0000000000
97585  -35.804  7.792  31.963 0.0000000000
97586  -36.676  7.723  32.103 0.0000000000
97587  -37.517  7.406  32.276 0.0000000000
97588  -38.337  7.325  32.683 0.0000000000
97589  -38.733  7.484  32.935 0.0000000000
97592  -32.844  7.714  30.779 0.0000000000
97593  -33.585  7.391  30.977 0.0000000000
97594  -34.496  7.181  31.089 0.0000000000
97595  -35.394  7.224  31.392 0.0000000000
97596  -36.204  7.153  31.591 0.0000000000
97597  -36.871  7.050  31.829 0.0000000000
97604  -32.748  7.837  30.047 0.0000000000
97605  -33.368  7.408  30.260 0.0000000000
97606  -33.993  7.100  30.490 0.0000000000
97620  -32.773  8.015  29.646 0.0000000000
97621  -33.226  7.639  29.454 0.0000000000
97622  -43.267  8.207  29.592 0.0000000000
97623  -44.343  8.082  29.793 0.0000000000
97624  -45.453  7.881  29.888 0.0000000000
97625  -46.542  7.665  30.021 0.0000000000
97633  -33.600  7.661  28.709 0.0000000000
97634  -34.092  7.572  28.194 0.0000000000
97635  -40.949  7.833  28.468 0.0000000000
97636  -41.859  7.661  28.836 0.0000000000
97637  -42.764  7.444  29.080 0.0000000000
97638  -43.747  7.419  29.155 0.0000000000
97639  -44.806  7.381  29.206 0.0000000000
97640  -45.913  7.280  29.317 0.0000000000
97641  -47.030  7.092  29.565 0.0000000000
97644  -34.679  7.482  27.724 0.0000000000
97645  -35.431  7.443  27.448 0.0000000000
97646  -36.401  7.350  27.311 0.0000000000
97647  -37.520  7.345  27.369 0.0000000000
97648  -38.650  7.347  27.547 0.0000000000
97649  -39.674  7.207  27.784 0.0000000000
97650  -40.527  7.004  28.142 0.0000000000
98822  -31.169  9.082  33.052 0.0000000000
98823  -31.653  8.874  33.083 0.0000000000
98824  -32.616  8.561  33.129 0.0000000000
98825  -33.720  8.533  33.119 0.0000000000
98826  -34.775  8.730  33.079 0.0000000000
98827  -35.652  8.856  33.030 0.0000000000
98828  -38.370  8.797  32.932 0.0000000000
98829  -38.871  8.592  33.022 0.0000000000
98830  -39.915  8.543  33.431 0.0000000000
98832  -30.665  9.338  32.364 0.0000000000
98833  -31.049  8.998  32.544 0.0000000000
98834  -31.913  8.431  32.371 0.0000000000
98835  -33.086  8.081  32.255 0.0000000000
98836  -34.270  8.157  32.405 0.0000000000
98837  -35.291  8.298  32.468 0.0000000000
98838  -36.325  8.484  32.587 0.0000000000
98839  -37.258  8.317  32.527 0.0000000000
98840  -38.131  8.286  32.704 0.0000000000
98841  -38.670  7.869  32.861 0.0000000000
98844  -30.782  9.202  32.014 0.0000000000
98845  -31.260  8.820  31.625 0.0000000000
98846  -32.238  8.138  31.402 0.0000000000
98847  -33.102  7.734  31.436 0.0000000000
98851  -31.673  8.754  30.800 0.0000000000
98852  -32.284  8.259  30.493 0.0000000000
98853  -44.373  9.869  30.564 0.0000000000
98854  -44.990  9.667  30.699 0.0000000000
98855  -46.003  9.253  30.988 0.0000000000
98869  -31.977  8.877  30.223 0.0000000000
98870  -32.472  8.544  29.765 0.0000000000
98871  -32.835  8.218  29.425 0.0000000000
98872  -42.036  9.545  29.452 0.0000000000
98873  -42.673  9.214  29.622 0.0000000000
98874  -43.942  9.206  30.267 0.0000000000
98875  -45.114  8.680  30.410 0.0000000000
98876  -46.215  8.334  30.514 0.0000000000
98887  -32.771  8.575  29.375 0.0000000000
98888  -33.089  8.441  29.021 0.0000000000
98889  -33.708  8.515  28.434 0.0000000000
98890  -39.819  8.852  28.061 0.0000000000
98891  -40.303  8.723  28.290 0.0000000000
98892  -41.507  8.991  28.999 0.0000000000
98893  -42.381  8.247  29.279 0.0000000000
98896  -34.364  8.418  27.913 0.0000000000
98897  -35.082  8.364  27.534 0.0000000000
98898  -35.972  8.357  27.330 0.0000000000
98899  -36.997  8.332  27.265 0.0000000000
98900  -38.099  8.374  27.415 0.0000000000
98901  -39.384  8.531  27.771 0.0000000000
98902  -40.190  7.853  28.031 0.0000000000
98908  -42.769  8.843  25.148 0.0000000000
98909  -43.070  8.801  25.155 0.0000000000
98910  -43.629  8.823  25.126 0.0000000000
98913  -42.754  8.812  24.810 0.0000000000
98914  -43.293  8.795  24.564 0.0000000000
98915  -43.898  8.865  24.716 0.0000000000
98920  -42.792  8.895  24.179 0.0000000000
98921  -43.208  8.960  23.913 0.0000000000
99969  -30.403  10.345  34.281 0.0000000000
99970  -30.885  10.072  34.322 0.0000000000
99971  -31.833  9.775  34.341 0.0000000000
99972  -32.860  9.632  34.374 0.0000000000
99973  -33.848  9.659  34.303 0.0000000000
99974  -34.699  9.790  34.184 0.0000000000
99980  -29.821  10.266  33.409 0.0000000000
99981  -30.256  10.064  33.731 0.0000000000
99982  -31.132  9.410  33.549 0.0000000000
99983  -32.223  9.202  33.715 0.0000000000
99984  -33.260  9.075  33.766 0.0000000000
99985  -34.284  9.210  33.685 0.0000000000
99986  -35.361  9.488  33.653 0.0000000000
99987  -36.424  9.341  33.299 0.0000000000
99988  -37.393  9.543  33.247 0.0000000000
99989  -38.322  9.417  33.122 0.0000000000
99990  -39.371  9.574  33.272 0.0000000000
99994  -29.989  10.020  33.191 0.0000000000
99995  -30.409  9.601  32.838 0.0000000000
99996  -30.900  9.209  33.007 0.0000000000
99997  -37.049  8.917  32.905 0.0000000000
99998  -37.734  8.905  32.872 0.0000000000
99999  -38.141  8.868  32.893 0.0000000000
100001  -30.465  9.617  32.085 0.0000000000
100002  -30.813  9.572  31.573 0.0000000000
100009  -31.280  9.579  30.952 0.0000000000
100010  -31.691  10.004  30.459 0.0000000000
100011  -43.980  10.220  30.525 0.0000000000
100012  -44.692  10.568  30.765 0.0000000000
100013  -45.880  10.596  31.340 0.0000000000
100023  -31.716  9.363  30.444 0.0000000000
100024  -32.220  9.660  29.962 0.0000000000
100025  -32.855  9.947  29.572 0.0000000000
100026  -41.710  9.950  29.392 0.0000000000
100027  -42.341  10.209  29.750 0.0000000000
100028  -43.242  10.332  30.249 0.0000000000
100039  -32.727  9.127  29.369 0.0000000000
100040  -33.378  9.553  29.001 0.0000000000
100041  -34.240  9.521  28.383 0.0000000000
100042  -34.964  9.865  28.158 0.0000000000
100043  -39.770  9.327  28.195 0.0000000000
100044  -40.482  9.770  28.699 0.0000000000
100045  -41.166  10.200  29.195 0.0000000000
100046  -44.423  10.530  28.287 0.0000000000
100047  -44.738  10.407  28.211 0.0000000000
100056  -34.805  9.123  27.860 0.0000000000
100057  -35.563  9.389  27.705 0.0000000000
100058  -36.527  9.277  27.489 0.0000000000
100059  -37.505  9.301  27.467 0.0000000000
100060  -38.492  9.386  27.638 0.0000000000
100061  -39.184  9.674  27.966 0.0000000000
100062  -41.680  10.399  27.191 0.0000000000
100063  -42.052  10.296  27.278 0.0000000000
100064  -42.901  10.181  27.399 0.0000000000
100065  -44.019  10.168  27.824 0.0000000000
100066  -44.986  9.894  27.477 0.0000000000
100070  -40.942  10.231  26.537 0.0000000000
100071  -41.384  10.175  26.797 0.0000000000
100072  -42.237  9.665  26.644 0.0000000000
100073  -43.232  9.542  26.627 0.0000000000
100074  -44.209  9.488  26.576 0.0000000000
100075  -45.107  9.583  26.248 0.0000000000
100079  -40.861  9.976  26.155 0.0000000000
100080  -41.509  9.520  25.892 0.0000000000
100081  -42.514  9.082  25.492 0.0000000000
100082  -43.503  9.080  25.739 0.0000000000
100083  -44.334  9.070  25.426 0.0000000000
100084  -45.285  9.421  25.120 0.0000000000
100085  -45.765  9.740  24.714 0.0000000000
100089  -40.851  9.736  25.246 0.0000000000
100090  -41.548  9.330  24.852 0.0000000000
100091  -42.241  9.057  24.391 0.0000000000
100092  -43.712  8.948  24.173 0.0000000000
100093  -44.452  9.095  24.324 0.0000000000
100094  -45.341  9.456  24.145 0.0000000000
100095  -46.019  9.900  24.142 0.0000000000
100101  -40.966  9.763  24.401 0.0000000000
100102  -41.600  9.587  23.893 0.0000000000
100103  -42.620  9.416  23.472 0.0000000000
100104  -43.688  9.274  23.478 0.0000000000
100105  -44.672  9.436  23.359 0.0000000000
100106  -45.577  9.807  23.304 0.0000000000
100107  -46.203  10.228  23.585 0.0000000000
100111  -43.248  9.737  22.802 0.0000000000
100112  -44.016  9.704  22.581 0.0000000000
100113  -44.907  9.815  22.506 0.0000000000
100114  -45.557  10.094  22.589 0.0000000000
100141  -43.541  10.039  17.158 0.0000000000
100142  -44.279  10.131  17.117 0.0000000000
100143  -44.742  10.157  17.073 0.0000000000
100154  -42.192  9.802  16.331 0.0000000000
100155  -42.937  9.718  16.592 0.0000000000
100156  -43.913  9.798  16.480 0.0000000000
100157  -44.786  9.934  16.529 0.0000000000
100158  -45.266  9.960  16.160 0.0000000000
100168  -41.900  9.840  15.927 0.0000000000
100169  -42.525  9.772  15.581 0.0000000000
100170  -43.518  9.770  15.586 0.0000000000
100171  -44.380  9.853  15.773 0.0000000000
100172  -44.981  9.932  15.830 0.0000000000
100181  -42.776  9.934  14.873 0.0000000000
100182  -43.095  9.826  15.120 0.0000000000
101159  -30.736  11.135  35.405 0.0000000000
101160  -31.169  10.979  35.483 0.0000000000
101161  -32.110  10.734  35.564 0.0000000000
101162  -33.112  10.636  35.503 0.0000000000
101163  -34.073  10.674  35.326 0.0000000000
101164  -34.900  10.793  35.068 0.0000000000
101174  -29.811  10.980  34.538 0.0000000000
101175  -30.389  10.842  34.840 0.0000000000
101176  -31.473  10.413  34.933 0.0000000000
101177  -32.486  10.215  34.945 0.0000000000
101178  -33.480  10.176  34.870 0.0000000000
101179  -34.425  10.259  34.703 0.0000000000
101180  -35.496  10.397  34.464 0.0000000000
101181  -36.448  10.587  34.275 0.0000000000
101182  -37.200  10.843  34.163 0.0000000000
101187  -29.159  11.030  33.582 0.0000000000
101188  -29.554  10.757  33.926 0.0000000000
101189  -30.123  10.466  34.213 0.0000000000
101190  -36.144  9.985  33.896 0.0000000000
101191  -36.915  10.141  33.733 0.0000000000
101192  -37.853  10.472  33.661 0.0000000000
101193  -38.785  10.421  33.460 0.0000000000
101194  -39.743  10.619  33.490 0.0000000000
101199  -29.128  10.924  33.232 0.0000000000
101200  -29.601  10.369  32.796 0.0000000000
101201  -30.094  10.004  32.255 0.0000000000
101203  -29.785  10.373  32.000 0.0000000000
101204  -30.364  10.238  31.605 0.0000000000
101205  -30.876  10.102  31.183 0.0000000000
101211  -30.740  10.556  31.071 0.0000000000
101212  -31.302  10.535  30.698 0.0000000000
101213  -32.199  10.775  30.395 0.0000000000
101214  -32.886  11.155  30.232 0.0000000000
101215  -43.314  11.796  30.709 0.0000000000
101216  -43.796  11.364  30.720 0.0000000000
101217  -45.026  11.632  31.248 0.0000000000
101218  -45.986  11.743  31.401 0.0000000000
101222  -32.698  10.500  29.991 0.0000000000
101223  -33.437  10.783  29.719 0.0000000000
101224  -34.292  11.075  29.435 0.0000000000
101225  -41.087  11.330  29.506 0.0000000000
101226  -41.558  10.990  29.613 0.0000000000
101227  -42.823  11.406  30.406 0.0000000000
101228  -43.266  11.000  30.458 0.0000000000
101229  -44.866  11.553  29.261 0.0000000000
101230  -45.186  11.441  29.213 0.0000000000
101238  -33.995  10.353  29.034 0.0000000000
101239  -34.780  10.627  28.802 0.0000000000
101240  -35.598  10.498  28.376 0.0000000000
101241  -36.491  10.855  28.382 0.0000000000
101242  -37.405  11.017  28.315 0.0000000000
101243  -38.368  10.921  28.365 0.0000000000
101244  -39.434  10.468  28.527 0.0000000000
101245  -40.667  10.978  29.240 0.0000000000
101246  -41.118  10.693  29.332 0.0000000000
101247  -43.079  11.341  28.218 0.0000000000
101248  -43.554  11.390  28.502 0.0000000000
101249  -44.484  11.166  28.790 0.0000000000
101250  -45.662  10.843  28.413 0.0000000000
101251  -46.523  11.219  28.438 0.0000000000
101262  -36.212  10.071  27.871 0.0000000000
101263  -36.996  10.152  27.810 0.0000000000
101264  -37.923  10.189  27.839 0.0000000000
101265  -38.763  10.144  28.013 0.0000000000
101266  -39.131  10.102  28.136 0.0000000000
101267  -41.037  11.117  27.334 0.0000000000
101268  -41.660  10.864  27.431 0.0000000000
101269  -42.580  11.046  27.816 0.0000000000
101270  -43.313  10.780  28.035 0.0000000000
101271  -43.828  10.813  28.331 0.0000000000
101272  -45.819  10.251  26.966 0.0000000000
101273  -46.745  10.987  27.537 0.0000000000
101274  -47.355  11.374  27.241 0.0000000000
101278  -39.835  10.802  26.097 0.0000000000
101279  -40.620  10.654  26.675 0.0000000000
101280  -41.136  10.633  27.117 0.0000000000
101281  -45.828  9.943  25.796 0.0000000000
101282  -46.483  10.576  26.232 0.0000000000
101283  -47.176  11.159  26.545 0.0000000000
101287  -39.518  10.715  25.175 0.0000000000
101288  -40.282  10.260  25.653 0.0000000000
101289  -45.814  9.819  25.165 0.0000000000
101290  -46.322  10.257  25.039 0.0000000000
101291  -46.971  10.967  25.546 0.0000000000
101296  -39.942  10.794  24.178 0.0000000000
101297  -40.325  10.183  24.664 0.0000000000
101298  -46.527  10.480  24.135 0.0000000000
101299  -46.926  10.912  24.612 0.0000000000
101306  -40.322  11.007  23.751 0.0000000000
101307  -40.848  10.418  23.721 0.0000000000
101308  -41.909  10.287  23.194 0.0000000000
101309  -42.726  10.336  22.689 0.0000000000
101310  -46.106  10.306  22.946 0.0000000000
101311  -46.734  10.795  23.444 0.0000000000
101312  -46.924  10.906  24.026 0.0000000000
101317  -43.446  10.363  22.196 0.0000000000
101318  -44.316  10.428  21.741 0.0000000000
101319  -45.269  10.279  21.975 0.0000000000
101320  -45.952  10.425  22.274 0.0000000000
101321  -46.495  10.784  22.564 0.0000000000
101326  -44.518  10.921  21.276 0.0000000000
101327  -45.050  10.730  21.408 0.0000000000
101328  -45.848  10.749  21.728 0.0000000000
101329  -46.284  10.804  22.049 0.0000000000
101348  -40.731  10.657  17.138 0.0000000000
101349  -41.666  10.570  17.477 0.0000000000
101350  -42.760  10.514  17.535 0.0000000000
101351  -43.797  10.773  17.538 0.0000000000
101352  -44.838  10.701  17.404 0.0000000000
101353  -45.783  11.098  17.380 0.0000000000
101354  -46.286  11.355  17.360 0.0000000000
101363  -39.893  11.099  15.988 0.0000000000
101364  -40.626  10.539  16.137 0.0000000000
101365  -41.493  10.091  16.505 0.0000000000
101366  -42.179  9.979  16.969 0.0000000000
101367  -45.026  10.153  17.000 0.0000000000
101368  -45.640  10.173  16.713 0.0000000000
101369  -46.732  10.819  16.937 0.0000000000
101370  -47.669  11.092  16.522 0.0000000000
101371  -48.142  11.223  16.270 0.0000000000
101381  -39.911  11.326  15.495 0.0000000000
101382  -40.457  11.042  15.126 0.0000000000
101383  -41.580  10.223  15.308 0.0000000000
101384  -42.313  10.014  14.999 0.0000000000
101385  -44.177  10.044  15.100 0.0000000000
101386  -44.850  10.143  15.213 0.0000000000
101387  -45.576  10.138  15.575 0.0000000000
101388  -46.511  10.311  15.819 0.0000000000
101389  -47.392  10.551  15.928 0.0000000000
101390  -48.045  10.855  15.841 0.0000000000
101397  -40.591  11.274  14.422 0.0000000000
101398  -41.244  10.900  14.069 0.0000000000
101399  -42.414  10.269  14.296 0.0000000000
101400  -43.542  10.092  14.516 0.0000000000
101401  -44.592  10.293  14.442 0.0000000000
101402  -45.431  10.363  14.576 0.0000000000
101403  -46.260  10.412  14.798 0.0000000000
101404  -47.208  10.611  14.888 0.0000000000
101405  -47.741  10.723  15.362 0.0000000000
101413  -41.422  11.089  12.918 0.0000000000
101414  -42.221  10.678  13.165 0.0000000000
101415  -43.312  10.501  13.376 0.0000000000
101416  -44.336  10.499  13.569 0.0000000000
101417  -45.202  10.528  13.746 0.0000000000
101418  -46.124  10.605  13.777 0.0000000000
101419  -46.693  10.585  14.274 0.0000000000
101428  -41.442  11.231  12.381 0.0000000000
101429  -41.983  11.007  12.109 0.0000000000
101430  -43.033  10.723  12.334 0.0000000000
101431  -44.220  10.772  12.444 0.0000000000
101432  -45.094  10.713  12.959 0.0000000000
101433  -45.634  10.685  13.266 0.0000000000
101441  -42.124  11.132  11.265 0.0000000000
101442  -42.748  10.847  11.435 0.0000000000
101443  -43.660  10.819  11.542 0.0000000000
102270  -35.734  12.107  43.994 0.0000000000
102285  -35.609  11.957  43.654 0.0000000000
102286  -36.411  11.481  43.523 0.0000000000
102307  -35.496  11.635  42.816 0.0000000000
102325  -35.594  11.599  41.798 0.0000000000
102342  -35.645  11.773  40.913 0.0000000000
102351  -33.266  12.156  38.033 0.0000000000
102352  -33.600  12.082  37.962 0.0000000000
102361  -31.591  12.274  37.351 0.0000000000
102362  -31.984  12.159  37.433 0.0000000000
102363  -32.974  12.046  37.678 0.0000000000
102364  -34.043  11.821  37.366 0.0000000000
102365  -34.824  11.790  36.947 0.0000000000
102378  -30.788  12.006  36.572 0.0000000000
102379  -31.309  12.020  36.929 0.0000000000
102380  -32.330  11.629  36.889 0.0000000000
102381  -33.353  11.518  36.760 0.0000000000
102382  -34.337  11.494  36.498 0.0000000000
102383  -35.354  11.699  36.248 0.0000000000
102384  -36.161  11.993  35.851 0.0000000000
102396  -29.934  11.788  35.502 0.0000000000
102397  -30.650  11.592  35.912 0.0000000000
102398  -31.704  11.298  36.183 0.0000000000
102399  -32.726  11.123  36.162 0.0000000000
102400  -33.725  11.100  35.991 0.0000000000
102401  -34.701  11.185  35.712 0.0000000000
102402  -35.797  11.334  35.212 0.0000000000
102403  -36.976  12.187  35.295 0.0000000000
102404  -37.691  12.416  35.069 0.0000000000
102417  -29.021  11.785  34.278 0.0000000000
102418  -29.584  11.468  34.765 0.0000000000
102419  -30.125  11.401  35.264 0.0000000000
102420  -36.119  10.918  34.642 0.0000000000
102421  -36.735  11.308  34.632 0.0000000000
102422  -38.001  11.770  34.436 0.0000000000
102423  -39.432  12.275  34.324 0.0000000000
102431  -28.878  11.453  33.581 0.0000000000
102432  -29.228  11.339  34.149 0.0000000000
102433  -38.419  10.991  33.828 0.0000000000
102434  -39.059  11.306  33.815 0.0000000000
102440  -28.806  11.316  32.244 0.0000000000
102441  -29.407  10.674  32.087 0.0000000000
102444  -28.999  11.614  30.892 0.0000000000
102445  -29.749  10.894  31.355 0.0000000000
102446  -30.399  10.704  31.163 0.0000000000
102452  -28.994  11.722  29.796 0.0000000000
102453  -29.814  11.380  30.289 0.0000000000
102454  -30.765  11.078  30.580 0.0000000000
102455  -31.833  11.398  30.415 0.0000000000
102456  -32.752  11.761  30.364 0.0000000000
102457  -33.333  11.680  30.215 0.0000000000
102458  -42.483  13.103  30.861 0.0000000000
102459  -43.321  12.582  30.994 0.0000000000
102460  -44.435  12.597  31.237 0.0000000000
102461  -45.325  12.452  31.223 0.0000000000
102462  -46.211  12.262  31.010 0.0000000000
102468  -28.789  11.507  28.739 0.0000000000
102469  -29.720  11.420  29.205 0.0000000000
102470  -30.684  11.466  29.642 0.0000000000
102471  -31.575  11.736  29.985 0.0000000000
102472  -32.341  12.052  30.167 0.0000000000
102473  -34.083  11.747  29.855 0.0000000000
102474  -35.164  11.727  29.441 0.0000000000
102475  -36.200  12.281  29.344 0.0000000000
102476  -36.689  12.504  29.325 0.0000000000
102477  -39.282  12.571  29.478 0.0000000000
102478  -40.163  12.516  29.607 0.0000000000
102479  -41.059  12.090  29.718 0.0000000000
102480  -42.053  12.225  30.275 0.0000000000
102481  -42.677  12.359  30.650 0.0000000000
102482  -44.150  12.804  29.797 0.0000000000
102483  -44.907  12.140  29.696 0.0000000000
102484  -45.977  11.780  29.696 0.0000000000
102485  -47.166  12.052  30.175 0.0000000000
102492  -28.042  12.131  27.307 0.0000000000
102493  -28.669  11.531  27.636 0.0000000000
102494  -29.590  11.229  28.070 0.0000000000
102495  -30.602  11.387  28.510 0.0000000000
102496  -31.551  11.718  28.965 0.0000000000
102497  -32.264  12.119  29.468 0.0000000000
102498  -35.358  11.102  28.915 0.0000000000
102499  -35.935  11.426  28.944 0.0000000000
102500  -36.854  11.937  28.967 0.0000000000
102501  -37.879  11.885  28.787 0.0000000000
102502  -38.854  11.724  28.916 0.0000000000
102503  -39.787  11.667  29.218 0.0000000000
102504  -40.409  11.798  29.451 0.0000000000
102505  -41.900  12.689  28.306 0.0000000000
102506  -42.881  12.188  28.529 0.0000000000
102507  -43.776  12.121  29.123 0.0000000000
102508  -44.330  12.059  29.377 0.0000000000
102509  -46.278  11.357  28.908 0.0000000000
102510  -46.967  11.594  29.030 0.0000000000
102511  -47.984  12.083  29.300 0.0000000000
102524  -28.061  12.283  26.757 0.0000000000
102525  -28.557  11.870  26.462 0.0000000000
102526  -29.532  11.368  26.904 0.0000000000
102527  -30.527  11.296  27.335 0.0000000000
102528  -31.527  11.583  27.768 0.0000000000
102529  -32.559  12.180  28.292 0.0000000000
102530  -33.244  12.493  28.041 0.0000000000
102531  -39.751  12.330  27.041 0.0000000000
102532  -40.600  11.900  27.344 0.0000000000
102533  -41.408  11.833  27.723 0.0000000000
102534  -42.095  11.721  27.955 0.0000000000
102535  -46.984  11.367  28.264 0.0000000000
102536  -47.666  11.699  28.021 0.0000000000
102548  -28.823  11.963  25.305 0.0000000000
102549  -29.568  11.582  25.778 0.0000000000
102550  -30.489  11.403  26.190 0.0000000000
102551  -31.442  11.494  26.578 0.0000000000
102552  -32.374  11.883  26.933 0.0000000000
102553  -33.367  12.343  27.186 0.0000000000
102554  -33.979  12.413  26.768 0.0000000000
102555  -38.525  12.091  25.630 0.0000000000
102556  -39.240  11.531  26.118 0.0000000000
102557  -40.001  11.419  26.643 0.0000000000
102558  -47.777  11.698  26.868 0.0000000000
102559  -48.454  12.322  27.320 0.0000000000
102563  -29.140  12.328  24.590 0.0000000000
102564  -29.692  11.860  24.818 0.0000000000
102565  -30.514  11.563  25.117 0.0000000000
102566  -31.408  11.480  25.493 0.0000000000
102567  -32.309  11.629  25.819 0.0000000000
102568  -33.105  11.981  26.100 0.0000000000
102569  -33.809  12.181  26.179 0.0000000000
102570  -38.523  11.838  24.669 0.0000000000
102571  -38.861  11.357  25.207 0.0000000000
102572  -47.610  11.515  25.884 0.0000000000
102573  -48.277  12.141  26.201 0.0000000000
102578  -29.391  12.622  24.268 0.0000000000
102579  -29.777  12.382  24.278 0.0000000000
102580  -30.611  12.044  24.119 0.0000000000
102581  -31.445  11.639  24.526 0.0000000000
102582  -32.259  11.560  24.869 0.0000000000
102583  -33.199  11.800  25.056 0.0000000000
102584  -33.602  11.985  25.593 0.0000000000
102585  -38.866  11.874  23.864 0.0000000000
102586  -39.188  11.283  24.423 0.0000000000
102587  -47.383  11.356  25.022 0.0000000000
102588  -47.958  11.881  25.165 0.0000000000
102594  -31.138  12.319  23.587 0.0000000000
102595  -31.587  11.999  23.746 0.0000000000
102596  -32.333  11.750  24.099 0.0000000000
102597  -32.812  11.752  24.473 0.0000000000
102598  -39.281  12.156  23.536 0.0000000000
102599  -39.817  11.605  23.664 0.0000000000
102600  -40.840  11.437  23.508 0.0000000000
102601  -41.678  11.246  23.250 0.0000000000
102602  -42.365  11.192  22.701 0.0000000000
102603  -47.078  11.153  23.452 0.0000000000
102604  -47.468  11.540  23.948 0.0000000000
102605  -48.202  12.201  24.603 0.0000000000
102611  -42.952  11.225  21.935 0.0000000000
102612  -43.571  10.918  21.570 0.0000000000
102613  -47.037  11.192  22.987 0.0000000000
102614  -47.490  11.726  22.845 0.0000000000
102619  -43.368  11.543  21.289 0.0000000000
102620  -44.022  11.353  21.005 0.0000000000
102621  -44.792  11.275  20.988 0.0000000000
102622  -45.637  11.270  21.204 0.0000000000
102623  -46.750  11.513  21.828 0.0000000000
102624  -47.550  12.024  22.270 0.0000000000
102632  -44.516  11.823  20.613 0.0000000000
102633  -45.229  11.783  20.630 0.0000000000
102634  -46.128  11.865  20.845 0.0000000000
102635  -46.638  12.052  21.127 0.0000000000
102642  -39.264  12.219  18.067 0.0000000000
102643  -39.601  12.085  18.169 0.0000000000
102644  -40.377  11.974  18.311 0.0000000000
102645  -41.171  12.076  18.310 0.0000000000
102649  -38.816  12.245  17.460 0.0000000000
102650  -39.152  11.988  17.695 0.0000000000
102651  -39.958  11.375  17.627 0.0000000000
102652  -40.978  11.299  17.917 0.0000000000
102653  -42.026  11.668  18.036 0.0000000000
102654  -43.163  11.765  17.809 0.0000000000
102655  -44.154  11.841  17.687 0.0000000000
102656  -45.091  11.928  17.644 0.0000000000
102657  -45.986  12.028  17.609 0.0000000000
102658  -46.621  12.275  17.538 0.0000000000
102666  -38.892  12.017  17.250 0.0000000000
102667  -39.270  11.617  16.787 0.0000000000
102668  -40.048  10.965  16.752 0.0000000000
102669  -46.600  11.619  17.382 0.0000000000
102670  -47.276  11.799  17.230 0.0000000000
102671  -48.118  11.799  16.670 0.0000000000
102672  -48.784  12.095  16.344 0.0000000000
102681  -39.431  11.702  15.712 0.0000000000
102682  -39.873  11.545  15.167 0.0000000000
102683  -48.587  11.335  15.992 0.0000000000
102684  -49.351  11.926  15.589 0.0000000000
102685  -50.132  12.376  15.017 0.0000000000
102694  -39.550  12.017  15.060 0.0000000000
102695  -40.070  11.763  14.499 0.0000000000
102696  -40.603  11.464  14.015 0.0000000000
102697  -47.552  10.791  14.465 0.0000000000
102698  -48.262  11.008  14.835 0.0000000000
102699  -49.516  11.744  14.378 0.0000000000
102700  -50.363  12.559  14.170 0.0000000000
102709  -40.275  11.946  13.709 0.0000000000
102710  -40.778  11.438  13.348 0.0000000000
102711  -46.469  10.781  13.375 0.0000000000
102712  -47.170  10.840  13.742 0.0000000000
102713  -48.491  11.492  13.407 0.0000000000
102714  -49.750  12.152  13.183 0.0000000000
102715  -50.589  12.796  13.401 0.0000000000
102722  -40.368  12.013  12.928 0.0000000000
102723  -40.944  11.506  12.480 0.0000000000
102724  -41.389  11.366  12.026 0.0000000000
102725  -44.621  10.900  12.066 0.0000000000
102726  -45.026  10.934  12.188 0.0000000000
102727  -46.113  10.965  12.692 0.0000000000
102728  -47.457  11.473  12.346 0.0000000000
102729  -48.771  12.037  12.054 0.0000000000
102730  -49.775  12.472  12.230 0.0000000000
102737  -40.519  12.105  12.135 0.0000000000
102738  -40.995  11.697  11.730 0.0000000000
102739  -41.564  11.402  11.449 0.0000000000
102740  -44.585  10.970  11.572 0.0000000000
102741  -45.502  11.204  11.452 0.0000000000
102742  -46.560  11.514  11.302 0.0000000000
102752  -40.691  12.192  11.455 0.0000000000
102753  -41.110  11.851  10.917 0.0000000000
102754  -41.793  11.368  10.685 0.0000000000
102768  -41.420  11.751  10.067 0.0000000000
103506  -35.511  12.446  43.909 0.0000000000
103507  -35.835  12.904  44.497 0.0000000000
103517  -34.312  12.457  42.351 0.0000000000
103518  -34.773  12.486  43.094 0.0000000000
103532  -34.049  12.376  41.713 0.0000000000
103533  -34.712  11.934  42.159 0.0000000000
103549  -33.264  12.674  40.136 0.0000000000
103550  -33.848  12.338  40.645 0.0000000000
103551  -34.740  11.845  41.155 0.0000000000
103570  -32.884  12.674  39.504 0.0000000000
103571  -33.758  12.233  39.489 0.0000000000
103572  -35.149  11.983  39.852 0.0000000000
103573  -36.692  12.395  39.658 0.0000000000
103591  -31.846  12.871  38.419 0.0000000000
103592  -32.403  12.687  38.774 0.0000000000
103593  -33.243  12.237  38.500 0.0000000000
103594  -34.517  12.092  38.276 0.0000000000
103595  -36.044  12.401  38.522 0.0000000000
103610  -30.864  12.918  37.433 0.0000000000
103611  -31.453  12.646  37.711 0.0000000000
103612  -32.231  12.449  38.035 0.0000000000
103613  -32.715  12.344  38.240 0.0000000000
103614  -34.747  11.948  37.439 0.0000000000
103615  -35.629  12.188  37.178 0.0000000000
103616  -36.945  12.772  37.530 0.0000000000
103628  -29.853  13.030  36.125 0.0000000000
103629  -30.521  12.566  36.748 0.0000000000
103630  -31.007  12.502  37.235 0.0000000000
103631  -35.982  12.099  36.371 0.0000000000
103632  -36.757  12.579  36.251 0.0000000000
103633  -37.714  13.258  36.767 0.0000000000
103643  -29.533  12.471  35.371 0.0000000000
103644  -30.055  12.261  35.964 0.0000000000
103645  -37.178  12.605  35.711 0.0000000000
103646  -37.860  12.997  35.672 0.0000000000
103647  -38.663  13.327  35.580 0.0000000000
103658  -28.641  12.568  34.034 0.0000000000
103659  -29.130  12.267  34.673 0.0000000000
103660  -38.066  12.573  35.025 0.0000000000
103661  -38.839  12.985  35.072 0.0000000000
103672  -28.262  12.333  32.981 0.0000000000
103676  -27.804  12.974  31.509 0.0000000000
103677  -28.152  12.374  32.083 0.0000000000
103680  -27.829  12.820  30.629 0.0000000000
103681  -28.300  12.194  31.275 0.0000000000
103683  -27.818  12.738  29.713 0.0000000000
103684  -28.384  12.204  30.275 0.0000000000
103685  -33.104  12.191  30.326 0.0000000000
103686  -33.230  12.005  30.377 0.0000000000
103687  -42.263  13.961  30.897 0.0000000000
103688  -43.026  13.756  31.056 0.0000000000
103689  -43.888  13.594  31.045 0.0000000000
103690  -44.886  13.017  31.125 0.0000000000
103691  -45.387  12.648  31.054 0.0000000000
103693  -27.731  12.695  28.774 0.0000000000
103694  -28.236  12.064  29.285 0.0000000000
103695  -32.960  12.258  30.186 0.0000000000
103696  -33.597  12.274  30.094 0.0000000000
103697  -34.741  12.619  29.653 0.0000000000
103698  -35.813  12.728  29.479 0.0000000000
103699  -36.866  12.992  29.497 0.0000000000
103700  -37.952  13.345  29.581 0.0000000000
103701  -38.871  13.384  29.678 0.0000000000
103702  -39.747  13.399  29.748 0.0000000000
103703  -40.733  13.393  29.947 0.0000000000
103704  -41.689  13.274  30.400 0.0000000000
103705  -43.074  14.117  29.950 0.0000000000
103706  -43.732  13.644  30.344 0.0000000000
103707  -44.534  13.114  30.592 0.0000000000
103708  -45.336  12.616  30.706 0.0000000000
103713  -27.661  12.733  27.812 0.0000000000
103714  -28.026  11.957  28.283 0.0000000000
103715  -32.721  12.339  29.821 0.0000000000
103716  -33.241  12.478  29.647 0.0000000000
103717  -33.982  12.717  29.373 0.0000000000
103718  -36.943  12.564  29.322 0.0000000000
103719  -37.453  12.614  29.323 0.0000000000
103720  -38.363  12.615  29.376 0.0000000000
103721  -40.579  13.985  28.546 0.0000000000
103722  -41.254  13.697  28.683 0.0000000000
103723  -42.459  13.644  29.176 0.0000000000
103724  -43.391  13.213  29.486 0.0000000000
103732  -27.707  12.790  26.854 0.0000000000
103733  -28.016  12.435  26.369 0.0000000000
103734  -32.829  12.405  29.234 0.0000000000
103735  -33.389  12.611  28.744 0.0000000000
103736  -34.244  12.872  28.469 0.0000000000
103737  -34.815  13.000  27.936 0.0000000000
103738  -39.497  13.196  27.425 0.0000000000
103739  -40.320  13.309  27.937 0.0000000000
103740  -41.117  12.721  27.984 0.0000000000
103753  -27.693  12.940  26.008 0.0000000000
103754  -28.195  12.433  25.722 0.0000000000
103755  -33.695  12.634  27.965 0.0000000000
103756  -34.260  12.653  27.398 0.0000000000
103757  -35.216  12.821  27.119 0.0000000000
103758  -35.951  12.981  26.608 0.0000000000
103759  -37.658  13.218  26.086 0.0000000000
103760  -38.107  13.006  26.055 0.0000000000
103761  -38.955  12.727  26.665 0.0000000000
103766  -27.876  12.964  25.354 0.0000000000
103767  -28.404  12.704  24.844 0.0000000000
103768  -34.491  12.423  26.409 0.0000000000
103769  -35.342  12.598  25.949 0.0000000000
103770  -36.380  13.039  25.738 0.0000000000
103771  -37.331  13.084  25.462 0.0000000000
103772  -37.950  12.501  25.011 0.0000000000
103778  -29.025  12.924  24.256 0.0000000000
103779  -29.663  12.950  23.929 0.0000000000
103780  -30.192  12.627  23.866 0.0000000000
103781  -33.652  11.937  24.698 0.0000000000
103782  -34.265  12.111  25.128 0.0000000000
103783  -35.582  12.634  24.795 0.0000000000
103784  -36.559  13.045  24.474 0.0000000000
103785  -37.442  12.941  24.261 0.0000000000
103786  -38.201  12.403  24.090 0.0000000000
103787  -48.710  12.618  25.368 0.0000000000
103788  -49.374  13.212  25.072 0.0000000000
103792  -30.219  13.108  23.628 0.0000000000
103793  -30.769  12.787  23.453 0.0000000000
103794  -31.642  12.683  23.198 0.0000000000
103795  -32.429  12.289  23.444 0.0000000000
103796  -33.466  12.026  23.991 0.0000000000
103797  -34.871  12.556  23.733 0.0000000000
103798  -35.903  12.926  23.901 0.0000000000
103799  -36.351  13.113  23.915 0.0000000000
103800  -38.005  12.987  23.643 0.0000000000
103801  -38.784  12.692  23.423 0.0000000000
103802  -39.775  12.625  23.303 0.0000000000
103803  -40.817  12.429  23.464 0.0000000000
103804  -41.745  12.304  23.480 0.0000000000
103805  -42.371  12.199  23.040 0.0000000000
103806  -47.895  12.092  23.387 0.0000000000
103807  -48.640  12.778  23.960 0.0000000000
103813  -32.402  12.894  22.916 0.0000000000
103814  -33.174  12.747  22.979 0.0000000000
103815  -34.151  12.806  23.111 0.0000000000
103816  -34.719  12.938  23.139 0.0000000000
103817  -42.698  12.224  22.189 0.0000000000
103818  -48.011  12.356  22.817 0.0000000000
103819  -48.581  12.968  22.804 0.0000000000
103822  -42.943  12.320  21.195 0.0000000000
103823  -43.482  12.031  20.824 0.0000000000
103824  -46.988  12.225  21.308 0.0000000000
103825  -47.894  12.682  21.706 0.0000000000
103826  -48.660  13.287  22.271 0.0000000000
103832  -43.284  12.664  20.502 0.0000000000
103833  -43.953  12.426  20.254 0.0000000000
103834  -44.744  12.349  20.186 0.0000000000
103835  -45.609  12.443  20.218 0.0000000000
103836  -46.801  12.672  20.554 0.0000000000
103837  -47.762  13.206  20.780 0.0000000000
103842  -44.393  12.769  19.813 0.0000000000
103843  -44.946  12.979  19.657 0.0000000000
103844  -45.899  13.217  19.663 0.0000000000
103845  -46.731  13.522  19.786 0.0000000000
103848  -38.860  12.858  18.145 0.0000000000
103849  -39.164  12.678  18.242 0.0000000000
103850  -39.898  12.729  18.483 0.0000000000
103851  -40.764  12.812  18.478 0.0000000000
103852  -41.666  12.870  18.265 0.0000000000
103856  -38.770  12.635  17.842 0.0000000000
103857  -39.058  12.340  18.001 0.0000000000
103858  -42.614  12.904  17.964 0.0000000000
103859  -43.551  12.957  17.683 0.0000000000
103860  -44.453  12.979  17.575 0.0000000000
103861  -45.327  13.014  17.584 0.0000000000
103862  -46.156  13.040  17.607 0.0000000000
103863  -47.037  12.929  17.541 0.0000000000
103864  -47.716  13.160  17.374 0.0000000000
103872  -38.545  12.470  17.011 0.0000000000
103873  -38.872  12.162  16.203 0.0000000000
103874  -47.738  12.477  17.207 0.0000000000
103875  -48.417  12.777  16.961 0.0000000000
103876  -49.291  12.828  16.425 0.0000000000
103883  -38.548  12.816  16.189 0.0000000000
103884  -39.040  12.599  15.470 0.0000000000
103885  -50.028  13.025  15.739 0.0000000000
103894  -39.544  12.685  14.606 0.0000000000
103895  -39.951  12.422  14.057 0.0000000000
103905  -39.764  12.996  14.009 0.0000000000
103906  -40.031  12.732  13.421 0.0000000000
103907  -50.388  12.700  12.708 0.0000000000
103916  -40.215  12.768  12.582 0.0000000000
103926  -40.374  12.777  11.751 0.0000000000
103937  -40.671  12.656  10.795 0.0000000000
103938  -41.032  12.173  10.376 0.0000000000
103950  -40.738  12.984  10.271 0.0000000000
103951  -41.065  12.527  9.764 0.0000000000
104677  -35.208  13.376  43.787 0.0000000000
104678  -35.829  13.697  44.380 0.0000000000
104688  -33.973  13.133  42.452 0.0000000000
104689  -34.535  13.468  43.099 0.0000000000
104699  -33.107  13.586  40.963 0.0000000000
104700  -33.428  13.183  41.483 0.0000000000
104713  -32.803  13.376  40.344 0.0000000000
104714  -33.238  12.987  40.715 0.0000000000
104723  -31.802  13.878  39.204 0.0000000000
104724  -32.281  13.503  39.595 0.0000000000
104735  -30.964  13.931  38.027 0.0000000000
104736  -31.414  13.610  38.496 0.0000000000
104737  -31.923  13.270  38.920 0.0000000000
104753  -30.602  13.728  37.372 0.0000000000
104754  -31.025  13.345  37.838 0.0000000000
104770  -29.890  13.930  36.152 0.0000000000
104771  -30.185  13.545  36.644 0.0000000000
104781  -29.534  13.546  35.495 0.0000000000
104782  -38.276  13.475  36.388 0.0000000000
104791  -28.756  13.713  34.152 0.0000000000
104792  -29.090  13.128  34.785 0.0000000000
104803  -28.289  13.481  33.312 0.0000000000
104810  -27.821  13.864  31.671 0.0000000000
104811  -27.943  13.242  32.367 0.0000000000
104815  -27.684  13.634  30.877 0.0000000000
104818  -27.667  13.522  30.026 0.0000000000
104819  -42.364  14.149  30.637 0.0000000000
104820  -42.801  14.215  30.885 0.0000000000
104821  -43.236  14.052  30.973 0.0000000000
104823  -27.669  13.484  29.158 0.0000000000
104824  -35.057  13.020  29.328 0.0000000000
104825  -35.546  13.082  29.307 0.0000000000
104826  -36.490  13.338  29.242 0.0000000000
104827  -37.681  13.939  29.414 0.0000000000
104828  -38.593  13.985  29.728 0.0000000000
104829  -39.352  13.993  29.759 0.0000000000
104830  -40.140  14.050  29.653 0.0000000000
104831  -41.520  14.124  30.169 0.0000000000
104832  -42.528  14.240  30.311 0.0000000000
104833  -43.231  14.117  30.683 0.0000000000
104836  -27.704  13.539  28.268 0.0000000000
104837  -34.696  13.009  29.136 0.0000000000
104838  -35.273  13.235  28.954 0.0000000000
104839  -36.030  13.429  28.802 0.0000000000
104840  -36.969  13.875  28.799 0.0000000000
104841  -39.614  14.443  28.793 0.0000000000
104842  -40.396  14.377  29.105 0.0000000000
104843  -41.826  14.147  29.609 0.0000000000
104844  -42.535  14.202  29.779 0.0000000000
104849  -27.650  13.631  27.321 0.0000000000
104850  -34.901  13.124  28.558 0.0000000000
104851  -35.509  13.256  28.130 0.0000000000
104852  -36.441  13.562  28.013 0.0000000000
104853  -37.445  13.958  27.884 0.0000000000
104854  -38.325  14.098  27.678 0.0000000000
104855  -39.434  14.128  28.032 0.0000000000
104856  -40.208  14.059  28.433 0.0000000000
104866  -27.563  13.691  26.384 0.0000000000
104867  -35.984  13.193  27.365 0.0000000000
104868  -36.721  13.419  26.910 0.0000000000
104869  -37.683  13.567  26.708 0.0000000000
104870  -38.616  13.558  27.043 0.0000000000
104871  -39.129  13.444  27.283 0.0000000000
104881  -27.709  13.726  25.476 0.0000000000
104882  -28.014  13.366  24.924 0.0000000000
104883  -37.112  13.350  26.154 0.0000000000
104884  -37.426  13.289  26.115 0.0000000000
104888  -28.057  14.002  24.848 0.0000000000
104889  -28.595  13.664  24.424 0.0000000000
104890  -29.356  13.633  23.975 0.0000000000
104891  -36.580  13.191  23.918 0.0000000000
104892  -36.877  13.264  23.921 0.0000000000
104893  -42.592  14.113  24.264 0.0000000000
104894  -42.890  14.008  24.281 0.0000000000
104895  -43.282  14.149  24.061 0.0000000000
104899  -29.993  13.640  23.707 0.0000000000
104900  -30.628  13.631  23.397 0.0000000000
104901  -31.305  13.493  23.070 0.0000000000
104902  -34.990  13.011  23.160 0.0000000000
104903  -35.487  13.198  23.246 0.0000000000
104904  -36.417  13.406  23.470 0.0000000000
104905  -37.382  13.476  23.428 0.0000000000
104906  -38.316  13.528  23.168 0.0000000000
104907  -39.381  13.737  23.008 0.0000000000
104908  -40.631  13.501  23.365 0.0000000000
104909  -41.942  13.509  23.862 0.0000000000
104910  -42.617  13.403  23.595 0.0000000000
104911  -43.268  14.045  23.509 0.0000000000
104912  -49.047  13.298  23.340 0.0000000000
104918  -32.029  13.489  22.826 0.0000000000
104919  -32.825  13.544  22.654 0.0000000000
104920  -33.756  13.535  22.605 0.0000000000
104921  -34.840  13.479  22.683 0.0000000000
104922  -35.898  13.854  22.694 0.0000000000
104923  -36.861  14.052  22.840 0.0000000000
104924  -37.771  14.133  22.850 0.0000000000
104925  -38.594  14.228  22.808 0.0000000000
104926  -39.087  14.373  22.788 0.0000000000
104927  -42.899  13.423  22.704 0.0000000000
104928  -43.229  14.106  23.062 0.0000000000
104934  -42.691  13.348  21.464 0.0000000000
104935  -48.247  13.456  21.188 0.0000000000
104936  -48.986  14.001  21.807 0.0000000000
104942  -42.819  13.471  20.343 0.0000000000
104943  -43.379  13.126  19.909 0.0000000000
104944  -47.398  13.503  20.203 0.0000000000
104945  -48.238  14.125  20.586 0.0000000000
104946  -48.866  14.498  21.113 0.0000000000
104953  -43.237  13.884  19.506 0.0000000000
104954  -44.077  13.490  19.379 0.0000000000
104955  -45.136  13.891  19.171 0.0000000000
104956  -46.177  14.173  19.262 0.0000000000
104957  -47.315  14.320  19.711 0.0000000000
104958  -47.990  14.573  19.991 0.0000000000
104962  -38.698  13.334  18.253 0.0000000000
104963  -39.346  13.500  18.603 0.0000000000
104964  -40.262  13.595  18.675 0.0000000000
104965  -41.202  13.768  18.440 0.0000000000
104966  -42.132  13.950  18.062 0.0000000000
104970  -37.923  13.926  17.647 0.0000000000
104971  -38.200  13.485  17.641 0.0000000000
104972  -43.057  13.991  17.730 0.0000000000
104973  -43.922  13.933  17.527 0.0000000000
104974  -44.773  13.929  17.460 0.0000000000
104975  -45.615  13.936  17.452 0.0000000000
104976  -46.419  13.879  17.500 0.0000000000
104977  -47.207  13.827  17.518 0.0000000000
104978  -48.139  13.786  17.396 0.0000000000
104979  -48.957  14.137  17.256 0.0000000000
104987  -37.880  13.938  17.363 0.0000000000
104988  -38.147  13.559  16.679 0.0000000000
104989  -48.979  13.464  17.007 0.0000000000
104990  -49.875  13.975  16.622 0.0000000000
104999  -38.566  13.535  15.745 0.0000000000
105000  -39.113  13.534  15.010 0.0000000000
105009  -39.550  13.617  14.320 0.0000000000
105019  -39.892  13.590  13.701 0.0000000000
105020  -40.167  13.546  13.054 0.0000000000
105030  -40.334  13.592  12.270 0.0000000000
105041  -40.422  13.535  11.384 0.0000000000
105050  -40.579  13.466  10.599 0.0000000000
105060  -40.827  13.361  9.961 0.0000000000
105793  -34.892  14.258  43.294 0.0000000000
105794  -35.743  14.442  43.948 0.0000000000
105801  -33.721  14.123  42.089 0.0000000000
105802  -34.306  14.158  42.682 0.0000000000
105808  -32.891  14.083  40.858 0.0000000000
105809  -33.302  14.277  41.412 0.0000000000
105819  -32.605  14.449  40.366 0.0000000000
105820  -33.095  14.725  40.967 0.0000000000
105830  -31.608  14.595  39.070 0.0000000000
105831  -32.096  14.542  39.675 0.0000000000
105841  -30.875  14.405  37.826 0.0000000000
105842  -31.212  14.641  38.370 0.0000000000
105854  -30.725  14.754  37.385 0.0000000000
105855  -31.016  14.982  37.882 0.0000000000
105872  -30.035  14.443  36.135 0.0000000000
105873  -30.322  14.507  36.644 0.0000000000
105883  -29.790  14.497  35.641 0.0000000000
105884  -30.165  14.854  36.073 0.0000000000
105887  -28.970  14.306  34.171 0.0000000000
105888  -29.311  14.259  34.751 0.0000000000
105892  -28.742  14.493  33.572 0.0000000000
105893  -29.175  14.734  34.127 0.0000000000
105900  -28.028  14.416  31.631 0.0000000000
105901  -28.290  14.505  32.367 0.0000000000
105906  -27.860  14.373  31.068 0.0000000000
105907  -28.225  14.898  31.353 0.0000000000
105911  -27.826  14.282  30.266 0.0000000000
105912  -28.236  14.905  30.504 0.0000000000
105915  -27.814  14.213  29.453 0.0000000000
105916  -28.277  14.830  29.668 0.0000000000
105917  -38.216  14.364  29.228 0.0000000000
105918  -38.628  14.309  29.407 0.0000000000
105919  -39.222  14.259  29.555 0.0000000000
105920  -39.589  14.199  29.599 0.0000000000
105922  -27.835  14.211  28.677 0.0000000000
105923  -28.192  14.732  28.925 0.0000000000
105924  -37.915  14.341  28.782 0.0000000000
105925  -38.646  14.515  29.003 0.0000000000
105926  -39.369  14.480  29.178 0.0000000000
105927  -39.731  14.335  29.443 0.0000000000
105930  -27.850  14.585  27.840 0.0000000000
105931  -28.018  14.671  28.448 0.0000000000
105932  -38.074  14.291  28.194 0.0000000000
105933  -38.603  14.379  28.413 0.0000000000
105934  -39.160  14.478  28.702 0.0000000000
105940  -27.536  14.573  26.784 0.0000000000
105950  -27.513  14.602  25.866 0.0000000000
105952  -27.866  14.669  25.112 0.0000000000
105953  -28.469  14.655  24.538 0.0000000000
105954  -29.274  14.551  24.022 0.0000000000
105955  -29.987  14.703  23.873 0.0000000000
105956  -42.253  14.515  24.201 0.0000000000
105957  -42.932  14.614  24.580 0.0000000000
105958  -43.537  14.810  24.462 0.0000000000
105959  -44.074  15.152  24.451 0.0000000000
105961  -29.788  14.183  23.809 0.0000000000
105962  -30.422  14.397  23.636 0.0000000000
105963  -31.260  14.393  23.232 0.0000000000
105964  -31.913  14.582  22.953 0.0000000000
105965  -39.501  14.738  22.850 0.0000000000
105966  -40.311  14.531  23.205 0.0000000000
105967  -41.345  14.438  23.666 0.0000000000
105968  -43.866  14.759  23.963 0.0000000000
105969  -44.205  15.203  24.213 0.0000000000
105974  -31.745  14.064  22.870 0.0000000000
105975  -32.402  14.310  22.723 0.0000000000
105976  -33.301  14.377  22.521 0.0000000000
105977  -34.279  14.432  22.348 0.0000000000
105978  -35.320  14.564  22.257 0.0000000000
105979  -36.350  14.721  22.385 0.0000000000
105980  -37.294  14.805  22.544 0.0000000000
105981  -38.139  14.844  22.617 0.0000000000
105982  -38.862  14.857  22.648 0.0000000000
105983  -43.027  14.529  22.613 0.0000000000
105984  -43.439  14.684  23.251 0.0000000000
105990  -42.568  14.391  21.753 0.0000000000
105996  -42.414  14.469  20.650 0.0000000000
105997  -48.333  14.747  20.195 0.0000000000
106006  -38.821  15.141  19.159 0.0000000000
106007  -39.327  15.016  19.209 0.0000000000
106008  -40.124  14.982  19.179 0.0000000000
106009  -42.659  14.668  19.448 0.0000000000
106010  -43.511  14.493  18.843 0.0000000000
106011  -44.456  14.447  18.633 0.0000000000
106012  -45.503  14.648  18.571 0.0000000000
106013  -46.705  15.121  18.815 0.0000000000
106014  -48.049  15.167  19.641 0.0000000000
106015  -48.803  15.469  19.814 0.0000000000
106018  -37.928  15.032  18.441 0.0000000000
106019  -38.575  14.547  18.720 0.0000000000
106020  -39.704  14.324  18.962 0.0000000000
106021  -40.740  14.566  18.811 0.0000000000
106022  -41.657  14.646  18.493 0.0000000000
106023  -42.728  14.666  18.448 0.0000000000
106024  -43.895  14.687  18.180 0.0000000000
106025  -44.842  14.766  18.086 0.0000000000
106026  -45.903  15.152  17.994 0.0000000000
106027  -46.574  15.258  18.218 0.0000000000
106030  -37.811  14.412  17.887 0.0000000000
106031  -38.241  13.895  18.200 0.0000000000
106032  -43.596  14.488  17.853 0.0000000000
106033  -44.343  14.504  17.759 0.0000000000
106034  -45.212  14.578  17.688 0.0000000000
106035  -46.027  14.675  17.556 0.0000000000
106036  -46.656  14.510  17.545 0.0000000000
106037  -47.383  14.506  17.575 0.0000000000
106038  -48.276  14.647  17.526 0.0000000000
106039  -49.292  14.882  17.270 0.0000000000
106047  -37.741  14.484  16.915 0.0000000000
106048  -38.186  14.450  16.054 0.0000000000
106058  -38.740  14.397  15.316 0.0000000000
106059  -39.295  14.423  14.697 0.0000000000
106065  -39.830  14.504  14.009 0.0000000000
106066  -40.308  14.809  13.527 0.0000000000
106074  -40.146  14.171  13.446 0.0000000000
106075  -40.498  14.448  12.897 0.0000000000
106083  -40.680  14.496  11.947 0.0000000000
106084  -40.964  14.906  11.327 0.0000000000
106092  -40.590  14.236  11.003 0.0000000000
106093  -40.985  14.703  10.576 0.0000000000
106101  -40.714  14.035  10.265 0.0000000000
106111  -40.897  13.878  9.669 0.0000000000
106818  -34.710  14.718  42.827 0.0000000000
106819  -35.364  15.208  43.134 0.0000000000
106828  -33.737  14.757  41.813 0.0000000000
106829  -34.393  15.195  42.229 0.0000000000
106830  -35.080  15.610  42.606 0.0000000000
106840  -33.707  15.317  41.450 0.0000000000
106841  -34.201  15.638  41.741 0.0000000000
106853  -32.605  15.392  40.023 0.0000000000
106854  -33.145  15.392  40.664 0.0000000000
106864  -31.622  15.448  38.814 0.0000000000
106865  -32.061  15.431  39.427 0.0000000000
106872  -31.362  15.472  38.202 0.0000000000
106881  -30.711  15.254  36.934 0.0000000000
106882  -31.121  15.591  37.484 0.0000000000
106895  -30.568  15.465  36.275 0.0000000000
106896  -30.993  15.888  36.768 0.0000000000
106904  -29.713  15.012  35.101 0.0000000000
106905  -30.228  15.318  35.583 0.0000000000
106908  -29.574  15.147  34.452 0.0000000000
106909  -30.163  15.525  34.826 0.0000000000
106913  -28.835  15.134  32.982 0.0000000000
106914  -29.429  15.409  33.587 0.0000000000
106915  -30.067  15.669  34.122 0.0000000000
106920  -28.803  15.372  32.396 0.0000000000
106921  -29.276  15.682  32.781 0.0000000000
106926  -28.662  15.431  31.687 0.0000000000
106927  -29.183  15.963  32.039 0.0000000000
106931  -28.670  15.491  30.781 0.0000000000
106932  -29.162  16.079  31.132 0.0000000000
106935  -28.757  15.403  29.923 0.0000000000
106936  -29.274  15.937  30.200 0.0000000000
106939  -28.347  15.779  28.449 0.0000000000
106940  -28.748  15.460  29.030 0.0000000000
106941  -29.175  15.856  29.521 0.0000000000
106944  -27.870  15.617  27.910 0.0000000000
106945  -28.239  15.116  28.398 0.0000000000
106950  -27.489  15.509  27.135 0.0000000000
106960  -27.421  15.510  26.224 0.0000000000
106961  -44.003  15.879  25.281 0.0000000000
106962  -44.233  16.088  25.243 0.0000000000
106964  -27.716  15.534  25.440 0.0000000000
106965  -28.260  15.548  24.806 0.0000000000
106966  -29.005  15.530  24.254 0.0000000000
106967  -30.088  15.453  24.060 0.0000000000
106968  -30.848  15.813  24.182 0.0000000000
106969  -41.759  15.349  23.990 0.0000000000
106970  -42.580  15.384  24.533 0.0000000000
106971  -43.466  15.488  24.885 0.0000000000
106972  -44.200  15.644  24.963 0.0000000000
106974  -30.382  14.949  23.842 0.0000000000
106975  -31.049  15.246  23.817 0.0000000000
106976  -31.995  15.197  23.296 0.0000000000
106977  -32.629  15.595  23.326 0.0000000000
106978  -39.248  15.532  22.736 0.0000000000
106979  -40.014  15.487  23.091 0.0000000000
106980  -40.890  15.365  23.502 0.0000000000
106981  -44.288  15.533  23.887 0.0000000000
106982  -44.409  15.664  24.402 0.0000000000
106984  -32.270  14.849  22.896 0.0000000000
106985  -32.866  15.201  22.839 0.0000000000
106986  -33.792  15.194  22.509 0.0000000000
106987  -34.739  15.415  22.302 0.0000000000
106988  -35.801  15.588  22.246 0.0000000000
106989  -36.834  15.615  22.363 0.0000000000
106990  -37.747  15.587  22.468 0.0000000000
106991  -38.531  15.537  22.565 0.0000000000
106992  -43.295  15.432  22.689 0.0000000000
106993  -43.801  15.472  23.362 0.0000000000
106997  -42.669  15.404  22.004 0.0000000000
107002  -42.255  15.426  21.036 0.0000000000
107011  -38.407  15.953  19.347 0.0000000000
107012  -39.005  15.667  19.471 0.0000000000
107013  -39.902  15.617  19.422 0.0000000000
107014  -40.913  15.510  19.180 0.0000000000
107015  -41.675  15.737  19.372 0.0000000000
107016  -42.124  15.485  19.945 0.0000000000
107017  -47.031  15.378  18.335 0.0000000000
107018  -47.739  15.556  18.732 0.0000000000
107019  -48.771  15.893  19.204 0.0000000000
107026  -37.939  15.724  18.885 0.0000000000
107027  -38.514  15.397  19.128 0.0000000000
107028  -41.296  15.033  18.801 0.0000000000
107029  -41.770  15.267  18.813 0.0000000000
107030  -42.232  15.339  19.097 0.0000000000
107031  -46.333  15.031  17.703 0.0000000000
107032  -46.762  15.293  17.896 0.0000000000
107033  -47.636  15.460  18.094 0.0000000000
107034  -48.584  15.832  18.278 0.0000000000
107039  -37.602  15.524  18.145 0.0000000000
107040  -46.395  14.838  17.600 0.0000000000
107041  -46.775  14.931  17.641 0.0000000000
107042  -47.495  15.064  17.737 0.0000000000
107043  -48.479  15.320  17.757 0.0000000000
107053  -37.567  15.397  17.286 0.0000000000
107054  -37.857  15.399  16.364 0.0000000000
107064  -38.429  15.401  15.509 0.0000000000
107065  -38.973  15.077  15.001 0.0000000000
107071  -38.933  15.743  14.994 0.0000000000
107072  -39.495  15.433  14.540 0.0000000000
107073  -40.188  15.495  13.924 0.0000000000
107081  -40.800  15.477  13.274 0.0000000000
107082  -41.329  15.688  12.800 0.0000000000
107091  -40.929  15.139  12.607 0.0000000000
107780  -36.117  15.722  43.335 0.0000000000
107791  -34.922  15.842  42.283 0.0000000000
107792  -35.767  16.091  42.696 0.0000000000
107805  -33.666  15.897  40.958 0.0000000000
107806  -34.607  16.329  41.500 0.0000000000
107807  -36.208  16.796  42.038 0.0000000000
107819  -32.568  15.936  39.640 0.0000000000
107820  -33.370  16.418  40.104 0.0000000000
107821  -34.229  16.979  40.584 0.0000000000
107834  -31.679  15.918  38.525 0.0000000000
107835  -32.320  16.426  38.894 0.0000000000
107836  -33.067  16.898  39.285 0.0000000000
107845  -31.630  16.177  38.024 0.0000000000
107846  -32.098  16.850  37.742 0.0000000000
107856  -31.548  16.536  37.073 0.0000000000
107857  -32.009  17.010  37.177 0.0000000000
107868  -30.694  15.795  35.770 0.0000000000
107869  -31.303  16.386  35.952 0.0000000000
107870  -32.058  16.796  35.169 0.0000000000
107879  -30.764  15.907  35.231 0.0000000000
107880  -31.437  16.393  34.828 0.0000000000
107881  -32.183  16.867  34.328 0.0000000000
107886  -30.713  16.058  34.381 0.0000000000
107887  -31.437  16.602  33.862 0.0000000000
107888  -32.237  17.074  33.463 0.0000000000
107892  -29.697  15.932  33.084 0.0000000000
107893  -30.357  16.305  33.356 0.0000000000
107894  -31.586  17.054  32.750 0.0000000000
107895  -32.287  17.244  32.948 0.0000000000
107900  -29.751  16.277  32.535 0.0000000000
107901  -30.556  16.751  32.162 0.0000000000
107902  -31.359  17.150  31.601 0.0000000000
107906  -29.826  16.461  31.585 0.0000000000
107907  -30.642  16.779  31.098 0.0000000000
107908  -31.194  17.248  30.787 0.0000000000
107912  -29.880  16.485  30.592 0.0000000000
107913  -30.632  16.975  30.242 0.0000000000
107914  -31.057  17.346  30.430 0.0000000000
107917  -29.104  16.829  29.248 0.0000000000
107918  -29.613  16.580  29.651 0.0000000000
107919  -30.312  17.022  29.874 0.0000000000
107922  -27.858  16.417  28.270 0.0000000000
107923  -28.751  16.402  28.888 0.0000000000
107924  -29.202  16.019  29.162 0.0000000000
107926  -27.363  16.425  27.476 0.0000000000
107929  -27.253  16.459  26.547 0.0000000000
107939  -27.479  16.453  25.713 0.0000000000
107940  -44.196  16.484  25.366 0.0000000000
107941  -44.651  16.582  25.282 0.0000000000
107942  -45.206  16.854  25.222 0.0000000000
107948  -27.982  16.464  25.064 0.0000000000
107949  -28.704  16.466  24.564 0.0000000000
107950  -29.613  16.447  24.274 0.0000000000
107951  -30.594  16.428  24.277 0.0000000000
107952  -31.617  16.235  24.252 0.0000000000
107953  -32.776  16.609  24.210 0.0000000000
107954  -33.767  16.855  24.176 0.0000000000
107955  -34.288  17.049  24.142 0.0000000000
107956  -42.005  16.378  24.289 0.0000000000
107957  -42.945  16.273  24.786 0.0000000000
107958  -43.672  16.310  25.190 0.0000000000
107959  -44.836  16.332  24.774 0.0000000000
107960  -45.309  16.838  24.816 0.0000000000
107962  -31.763  15.621  23.819 0.0000000000
107963  -32.366  15.854  23.782 0.0000000000
107964  -33.310  16.070  23.433 0.0000000000
107965  -34.427  16.814  23.544 0.0000000000
107966  -35.029  17.084  23.270 0.0000000000
107967  -39.565  16.464  22.956 0.0000000000
107968  -40.533  16.314  23.391 0.0000000000
107969  -41.300  16.100  23.761 0.0000000000
107970  -44.180  16.096  23.413 0.0000000000
107971  -44.731  16.520  23.854 0.0000000000
107972  -45.121  16.703  24.447 0.0000000000
107974  -33.517  15.635  22.845 0.0000000000
107975  -34.141  15.992  22.783 0.0000000000
107976  -35.198  16.592  22.667 0.0000000000
107977  -36.380  16.548  22.403 0.0000000000
107978  -37.387  16.447  22.390 0.0000000000
107979  -38.240  16.305  22.485 0.0000000000
107980  -38.891  16.143  22.636 0.0000000000
107981  -43.038  16.118  22.173 0.0000000000
107982  -43.665  16.503  22.668 0.0000000000
107983  -44.243  16.615  23.218 0.0000000000
107986  -42.628  16.531  21.371 0.0000000000
107987  -43.131  16.652  21.991 0.0000000000
107990  -41.664  16.733  20.057 0.0000000000
107991  -42.076  16.306  20.434 0.0000000000
107995  -38.077  16.574  19.357 0.0000000000
107996  -38.751  16.502  19.686 0.0000000000
107997  -39.593  16.320  19.726 0.0000000000
107998  -40.441  16.244  19.612 0.0000000000
107999  -41.191  16.373  19.660 0.0000000000
108000  -41.741  16.141  19.870 0.0000000000
108007  -37.648  16.611  18.982 0.0000000000
108011  -37.520  16.431  18.421 0.0000000000
108020  -37.495  16.350  17.629 0.0000000000
108021  -37.730  16.335  16.776 0.0000000000
108028  -38.123  16.361  15.936 0.0000000000
108034  -38.655  16.388  15.269 0.0000000000
108035  -39.209  16.406  14.769 0.0000000000
108036  -39.885  16.407  14.299 0.0000000000
108044  -40.614  16.421  13.756 0.0000000000
108045  -41.478  16.482  13.162 0.0000000000
108696  -35.743  17.208  41.386 0.0000000000
108711  -34.084  17.328  40.037 0.0000000000
108712  -35.077  17.664  40.517 0.0000000000
108713  -36.298  17.727  41.074 0.0000000000
108728  -33.032  17.263  38.779 0.0000000000
108729  -33.604  17.455  39.294 0.0000000000
108730  -34.402  17.943  39.484 0.0000000000
108745  -32.742  17.374  38.045 0.0000000000
108746  -33.628  17.991  38.216 0.0000000000
108747  -34.007  18.069  38.895 0.0000000000
108754  -32.018  17.058  36.754 0.0000000000
108755  -32.545  17.392  37.058 0.0000000000
108756  -33.289  17.783  37.337 0.0000000000
108760  -31.793  16.835  36.443 0.0000000000
108761  -32.446  17.198  35.951 0.0000000000
108762  -33.651  17.739  36.309 0.0000000000
108763  -34.328  17.956  36.077 0.0000000000
108771  -32.843  17.222  34.773 0.0000000000
108772  -33.679  17.514  35.189 0.0000000000
108773  -34.649  17.882  35.462 0.0000000000
108774  -35.444  18.084  35.232 0.0000000000
108775  -35.843  18.190  35.269 0.0000000000
108781  -32.956  17.273  33.840 0.0000000000
108782  -33.781  17.421  34.177 0.0000000000
108783  -34.634  17.674  34.481 0.0000000000
108784  -35.394  17.943  34.700 0.0000000000
108785  -35.970  18.139  34.903 0.0000000000
108788  -32.384  17.369  32.550 0.0000000000
108789  -32.893  17.440  32.985 0.0000000000
108790  -33.737  17.544  33.328 0.0000000000
108791  -34.610  17.723  33.543 0.0000000000
108792  -35.436  17.932  33.967 0.0000000000
108793  -35.969  18.177  34.378 0.0000000000
108798  -32.174  17.427  31.899 0.0000000000
108799  -32.889  17.649  32.191 0.0000000000
108800  -33.648  17.826  32.587 0.0000000000
108801  -34.291  17.813  32.987 0.0000000000
108806  -31.912  17.511  31.097 0.0000000000
108807  -32.713  17.811  31.405 0.0000000000
108808  -33.271  17.969  31.961 0.0000000000
108811  -30.941  17.434  30.244 0.0000000000
108812  -31.481  17.654  30.483 0.0000000000
108813  -32.234  17.846  30.796 0.0000000000
108816  -28.365  17.696  29.311 0.0000000000
108817  -29.196  17.402  29.505 0.0000000000
108818  -30.056  17.343  29.780 0.0000000000
108819  -30.661  17.404  30.004 0.0000000000
108820  -31.024  17.664  30.173 0.0000000000
108823  -27.184  17.778  28.338 0.0000000000
108824  -27.849  17.347  28.744 0.0000000000
108825  -28.676  17.110  29.108 0.0000000000
108827  -26.848  17.961  27.725 0.0000000000
108828  -27.244  17.197  27.956 0.0000000000
108831  -26.679  18.188  27.182 0.0000000000
108832  -26.897  17.515  26.939 0.0000000000
108833  -45.182  17.879  26.129 0.0000000000
108834  -45.559  18.092  26.237 0.0000000000
108843  -27.138  17.376  25.965 0.0000000000
108844  -33.896  17.965  25.111 0.0000000000
108845  -34.516  18.109  25.235 0.0000000000
108846  -34.981  18.280  25.410 0.0000000000
108847  -43.884  17.107  25.408 0.0000000000
108848  -44.610  17.366  25.698 0.0000000000
108849  -45.378  17.595  25.758 0.0000000000
108857  -27.624  17.401  25.265 0.0000000000
108858  -28.325  17.403  24.749 0.0000000000
108859  -29.201  17.405  24.430 0.0000000000
108860  -30.169  17.390  24.297 0.0000000000
108861  -31.172  17.340  24.392 0.0000000000
108862  -32.201  17.371  24.526 0.0000000000
108863  -33.288  17.525  24.707 0.0000000000
108864  -34.345  17.467  24.600 0.0000000000
108865  -35.068  17.961  24.995 0.0000000000
108866  -41.808  17.341  24.230 0.0000000000
108867  -42.509  17.235  24.608 0.0000000000
108868  -43.293  17.083  25.035 0.0000000000
108869  -45.649  17.396  25.121 0.0000000000
108871  -34.564  17.208  24.067 0.0000000000
108872  -35.205  17.583  23.887 0.0000000000
108873  -35.870  17.940  23.576 0.0000000000
108874  -38.554  17.575  22.747 0.0000000000
108875  -39.217  17.532  23.001 0.0000000000
108876  -40.155  17.365  23.412 0.0000000000
108877  -41.185  17.098  23.800 0.0000000000
108878  -45.010  17.578  23.489 0.0000000000
108879  -45.424  17.339  24.251 0.0000000000
108881  -35.347  17.232  23.145 0.0000000000
108882  -36.018  17.523  22.963 0.0000000000
108883  -37.059  17.336  22.516 0.0000000000
108884  -38.008  17.215  22.489 0.0000000000
108885  -38.779  16.883  22.642 0.0000000000
108886  -43.768  17.316  22.387 0.0000000000
108887  -44.339  17.396  22.903 0.0000000000
108890  -42.671  17.406  21.099 0.0000000000
108891  -43.270  17.385  21.739 0.0000000000
108895  -38.625  17.930  20.096 0.0000000000
108896  -39.005  17.841  20.284 0.0000000000
108897  -39.922  17.609  20.398 0.0000000000
108898  -41.040  17.292  20.116 0.0000000000
108899  -42.118  17.372  20.523 0.0000000000
108902  -37.739  17.197  19.242 0.0000000000
108903  -38.357  17.548  19.783 0.0000000000
108904  -39.285  17.078  20.059 0.0000000000
108905  -40.186  16.859  19.983 0.0000000000
108906  -40.743  16.714  19.805 0.0000000000
108911  -37.497  17.253  18.691 0.0000000000
108913  -37.457  17.242  17.933 0.0000000000
108919  -37.702  17.214  17.163 0.0000000000
108920  -38.090  17.242  16.430 0.0000000000
108929  -38.594  17.306  15.661 0.0000000000
108930  -39.065  17.662  15.198 0.0000000000
108937  -38.921  17.054  15.025 0.0000000000
108938  -39.507  17.356  14.679 0.0000000000
108939  -40.277  17.330  14.185 0.0000000000
108945  -40.993  17.360  13.718 0.0000000000
108946  -41.659  17.488  13.389 0.0000000000
109574  -35.573  18.222  40.065 0.0000000000
109575  -36.154  18.209  40.431 0.0000000000
109593  -35.212  18.376  39.534 0.0000000000
109594  -36.012  18.537  39.691 0.0000000000
109595  -36.930  18.622  39.963 0.0000000000
109612  -34.262  18.392  37.712 0.0000000000
109613  -34.702  18.531  38.429 0.0000000000
109614  -35.883  18.889  38.778 0.0000000000
109615  -36.508  18.845  39.307 0.0000000000
109620  -34.035  18.214  37.028 0.0000000000
109621  -34.876  18.539  37.168 0.0000000000
109622  -35.950  18.946  37.463 0.0000000000
109623  -37.087  19.077  37.067 0.0000000000
109628  -34.196  18.037  36.386 0.0000000000
109629  -34.798  18.216  36.188 0.0000000000
109630  -35.713  18.474  36.335 0.0000000000
109631  -36.764  18.637  36.279 0.0000000000
109641  -35.114  18.129  35.601 0.0000000000
109642  -35.551  18.235  35.648 0.0000000000
109643  -36.299  18.302  35.447 0.0000000000
109652  -36.611  18.331  34.671 0.0000000000
109657  -34.715  17.940  33.039 0.0000000000
109658  -35.196  18.235  33.284 0.0000000000
109659  -36.267  18.481  33.887 0.0000000000
109664  -33.683  18.262  32.225 0.0000000000
109665  -34.444  18.262  32.688 0.0000000000
109666  -35.025  18.605  32.931 0.0000000000
109672  -32.611  18.256  31.009 0.0000000000
109673  -33.200  18.389  31.658 0.0000000000
109676  -28.902  18.901  30.175 0.0000000000
109677  -29.399  18.745  30.221 0.0000000000
109678  -30.250  18.514  30.218 0.0000000000
109679  -31.126  18.173  30.215 0.0000000000
109680  -31.973  18.192  30.577 0.0000000000
109683  -27.017  18.899  28.984 0.0000000000
109684  -27.581  18.380  29.230 0.0000000000
109685  -28.673  18.391  29.837 0.0000000000
109686  -29.698  18.032  29.873 0.0000000000
109687  -30.492  17.860  29.938 0.0000000000
109688  -30.848  17.761  30.038 0.0000000000
109691  -26.845  18.498  28.435 0.0000000000
109692  -27.339  17.988  28.710 0.0000000000
109694  -26.518  18.679  27.466 0.0000000000
109698  -26.595  18.618  26.651 0.0000000000
109699  -26.875  18.128  26.165 0.0000000000
109703  -45.467  18.418  26.509 0.0000000000
109704  -46.158  18.469  26.621 0.0000000000
109705  -46.837  18.707  26.223 0.0000000000
109710  -26.768  18.787  25.946 0.0000000000
109711  -27.244  18.390  25.524 0.0000000000
109715  -36.348  18.519  25.318 0.0000000000
109716  -36.956  18.752  24.922 0.0000000000
109717  -43.409  18.681  25.479 0.0000000000
109718  -43.949  18.119  25.624 0.0000000000
109719  -44.798  18.223  26.180 0.0000000000
109720  -46.186  18.097  25.662 0.0000000000
109721  -46.721  18.771  25.158 0.0000000000
109730  -27.926  18.348  24.894 0.0000000000
109731  -28.783  18.348  24.579 0.0000000000
109732  -29.725  18.353  24.404 0.0000000000
109733  -30.709  18.348  24.362 0.0000000000
109734  -31.688  18.328  24.541 0.0000000000
109737  -35.728  18.198  24.763 0.0000000000
109738  -36.390  18.451  24.461 0.0000000000
109739  -37.011  18.712  24.109 0.0000000000
109740  -41.249  18.872  24.386 0.0000000000
109741  -41.859  18.246  24.451 0.0000000000
109742  -42.971  18.131  25.094 0.0000000000
109743  -43.526  17.586  25.297 0.0000000000
109744  -46.063  18.155  24.629 0.0000000000
109745  -46.542  18.927  24.091 0.0000000000
109747  -35.881  18.185  24.027 0.0000000000
109748  -36.479  18.257  23.590 0.0000000000
109749  -37.419  18.528  23.406 0.0000000000
109750  -38.458  18.349  23.136 0.0000000000
109751  -39.581  18.396  23.520 0.0000000000
109752  -40.774  18.343  23.968 0.0000000000
109753  -41.413  17.761  24.093 0.0000000000
109754  -44.867  18.074  23.033 0.0000000000
109755  -45.614  18.616  23.374 0.0000000000
109756  -46.299  19.174  23.549 0.0000000000
109758  -36.908  18.010  22.919 0.0000000000
109759  -37.684  17.943  22.744 0.0000000000
109760  -38.195  17.799  22.718 0.0000000000
109761  -43.913  17.871  22.180 0.0000000000
109762  -44.570  18.623  22.352 0.0000000000
109763  -45.242  19.151  22.603 0.0000000000
109765  -39.673  19.215  21.148 0.0000000000
109766  -40.231  18.935  21.256 0.0000000000
109767  -41.200  18.698  21.240 0.0000000000
109768  -42.399  18.269  21.106 0.0000000000
109769  -43.603  18.526  21.686 0.0000000000
109770  -44.112  18.940  21.803 0.0000000000
109774  -38.560  18.418  20.138 0.0000000000
109775  -39.445  18.625  20.738 0.0000000000
109776  -40.581  18.188  20.738 0.0000000000
109777  -41.608  18.018  20.623 0.0000000000
109778  -42.080  17.932  20.660 0.0000000000
109781  -37.599  18.030  19.118 0.0000000000
109782  -38.082  18.408  19.578 0.0000000000
109787  -37.533  18.013  18.257 0.0000000000
109791  -37.746  18.127  17.478 0.0000000000
109792  -38.148  18.508  16.957 0.0000000000
109797  -37.999  17.896  16.839 0.0000000000
109798  -38.579  18.243  16.328 0.0000000000
109799  -39.151  18.614  15.869 0.0000000000
109808  -38.962  18.066  15.635 0.0000000000
109809  -39.526  18.390  15.192 0.0000000000
109810  -40.187  18.657  14.816 0.0000000000
109821  -40.014  18.044  14.580 0.0000000000
109822  -40.734  18.320  14.278 0.0000000000
109823  -41.330  18.652  13.988 0.0000000000
109832  -41.301  18.057  13.765 0.0000000000
110529  -36.962  18.940  39.369 0.0000000000
110541  -36.299  19.172  38.187 0.0000000000
110542  -36.896  19.195  38.678 0.0000000000
110554  -36.700  19.241  37.817 0.0000000000
110555  -37.451  19.310  37.756 0.0000000000
110584  -35.174  19.480  33.285 0.0000000000
110591  -34.295  19.353  32.644 0.0000000000
110592  -34.941  19.164  32.924 0.0000000000
110593  -35.556  18.892  33.233 0.0000000000
110598  -32.500  19.597  31.621 0.0000000000
110599  -33.245  19.289  31.837 0.0000000000
110600  -33.840  18.831  32.202 0.0000000000
110601  -34.661  18.839  32.663 0.0000000000
110602  -35.080  18.859  32.920 0.0000000000
110609  -30.582  19.626  30.963 0.0000000000
110610  -31.327  19.407  31.010 0.0000000000
110611  -32.092  19.204  31.089 0.0000000000
110612  -32.817  18.888  31.317 0.0000000000
110613  -33.313  18.842  31.709 0.0000000000
110617  -27.561  19.653  30.200 0.0000000000
110618  -28.312  19.578  30.350 0.0000000000
110619  -29.046  19.377  30.419 0.0000000000
110620  -29.906  19.348  30.607 0.0000000000
110621  -30.816  18.977  30.590 0.0000000000
110622  -31.636  18.762  30.672 0.0000000000
110623  -32.274  18.641  30.875 0.0000000000
110626  -26.297  19.682  29.192 0.0000000000
110627  -27.021  19.397  29.523 0.0000000000
110628  -27.938  19.093  29.871 0.0000000000
110629  -28.562  19.083  30.129 0.0000000000
110632  -25.932  19.762  28.540 0.0000000000
110633  -26.572  19.264  28.765 0.0000000000
110638  -26.271  19.284  27.951 0.0000000000
110647  -26.073  19.567  26.927 0.0000000000
110654  -44.407  19.507  26.406 0.0000000000
110655  -45.072  19.135  26.711 0.0000000000
110656  -45.834  18.909  27.163 0.0000000000
110670  -42.196  19.542  25.131 0.0000000000
110671  -42.939  19.297  25.386 0.0000000000
110672  -43.847  19.231  25.842 0.0000000000
110673  -44.435  18.821  26.133 0.0000000000
110691  -37.514  19.056  24.459 0.0000000000
110692  -38.256  19.450  24.697 0.0000000000
110693  -39.429  19.921  25.049 0.0000000000
110694  -40.692  19.533  24.554 0.0000000000
110695  -41.653  19.307  24.746 0.0000000000
110696  -42.331  18.911  24.909 0.0000000000
110697  -47.054  19.595  24.554 0.0000000000
110705  -37.470  18.886  23.924 0.0000000000
110706  -37.982  19.057  23.833 0.0000000000
110707  -38.924  19.267  23.896 0.0000000000
110708  -39.903  19.254  24.036 0.0000000000
110709  -46.187  19.444  23.212 0.0000000000
110710  -46.726  19.712  23.596 0.0000000000
110713  -42.319  19.869  22.207 0.0000000000
110714  -43.181  19.859  22.201 0.0000000000
110715  -44.064  19.865  22.125 0.0000000000
110716  -44.898  19.658  22.276 0.0000000000
110717  -45.780  19.682  22.706 0.0000000000
110718  -46.419  19.961  22.991 0.0000000000
110721  -39.931  19.723  21.384 0.0000000000
110722  -40.740  19.511  21.635 0.0000000000
110723  -41.699  19.418  21.783 0.0000000000
110724  -42.844  19.227  21.717 0.0000000000
110725  -43.725  19.293  21.807 0.0000000000
110726  -44.306  19.283  21.978 0.0000000000
110729  -38.708  19.363  20.305 0.0000000000
110730  -39.264  19.661  20.876 0.0000000000
110732  -37.889  18.771  19.110 0.0000000000
110733  -38.259  19.179  19.590 0.0000000000
110737  -37.790  18.691  18.436 0.0000000000
110738  -38.146  19.330  18.696 0.0000000000
110744  -37.769  18.544  17.909 0.0000000000
110745  -38.254  19.177  17.540 0.0000000000
110746  -38.886  19.711  17.180 0.0000000000
110748  -38.485  18.869  16.781 0.0000000000
110749  -39.173  19.351  16.442 0.0000000000
110750  -39.887  19.770  16.153 0.0000000000
110755  -39.501  18.959  15.728 0.0000000000
110756  -40.204  19.384  15.448 0.0000000000
110757  -40.948  19.736  15.274 0.0000000000
110766  -40.581  18.964  14.753 0.0000000000
110767  -41.270  19.360  14.580 0.0000000000
110768  -41.938  19.736  14.380 0.0000000000
110781  -41.607  18.999  13.918 0.0000000000
111561  -33.287  20.214  34.131 0.0000000000
111573  -31.347  20.279  33.304 0.0000000000
111574  -32.566  20.240  33.151 0.0000000000
111575  -33.785  19.996  32.991 0.0000000000
111576  -34.611  19.635  33.108 0.0000000000
111583  -29.411  20.351  32.500 0.0000000000
111584  -30.604  20.277  32.350 0.0000000000
111585  -31.858  20.191  32.158 0.0000000000
111586  -32.980  19.900  32.282 0.0000000000
111587  -33.651  19.490  32.362 0.0000000000
111596  -28.616  20.302  31.598 0.0000000000
111597  -29.826  20.134  31.290 0.0000000000
111598  -31.001  19.963  31.506 0.0000000000
111599  -31.765  19.711  31.452 0.0000000000
111606  -27.919  20.074  30.798 0.0000000000
111607  -28.874  20.011  30.769 0.0000000000
111608  -29.418  19.790  30.728 0.0000000000
111613  -26.391  19.838  29.664 0.0000000000
111670  -42.248  20.327  25.672 0.0000000000
111671  -43.508  20.116  26.061 0.0000000000
111672  -44.082  19.861  26.319 0.0000000000
111685  -40.490  20.184  25.350 0.0000000000
111686  -41.322  20.042  25.165 0.0000000000
111687  -41.839  19.812  25.151 0.0000000000
111700  -40.931  21.043  21.970 0.0000000000
111701  -41.461  20.536  22.213 0.0000000000
111702  -42.541  20.612  22.527 0.0000000000
111703  -43.583  20.548  22.554 0.0000000000
111704  -44.562  20.486  22.488 0.0000000000
111705  -45.480  20.457  22.525 0.0000000000
111706  -46.249  20.491  22.729 0.0000000000
111709  -39.584  20.523  21.016 0.0000000000
111710  -40.504  20.547  21.682 0.0000000000
111711  -41.044  19.970  21.963 0.0000000000
111715  -38.581  19.730  19.792 0.0000000000
111716  -38.964  20.364  20.002 0.0000000000
111719  -38.523  19.900  19.211 0.0000000000
111720  -38.986  20.546  18.819 0.0000000000
111722  -38.570  19.952  18.295 0.0000000000
111723  -39.116  20.449  17.955 0.0000000000
111729  -38.818  19.939  17.620 0.0000000000
111730  -39.442  20.217  17.195 0.0000000000
111731  -40.068  20.424  16.811 0.0000000000
111737  -39.775  20.043  16.540 0.0000000000
111738  -40.423  20.211  16.216 0.0000000000
111739  -41.041  20.393  15.929 0.0000000000
111742  -40.821  19.995  15.650 0.0000000000
111743  -41.438  20.207  15.371 0.0000000000
111748  -41.869  20.015  14.759 0.0000000000
112617  -41.250  21.331  22.093 0.0000000000
112625  -40.056  21.242  21.105 0.0000000000
112626  -40.808  21.698  21.537 0.0000000000
112630  -39.669  21.237  20.288 0.0000000000
112631  -40.329  21.831  20.524 0.0000000000
112634  -39.542  21.207  19.226 0.0000000000
112635  -40.180  21.780  19.562 0.0000000000
112637  -39.581  21.010  18.227 0.0000000000
112638  -40.437  21.690  18.459 0.0000000000
112642  -39.583  20.674  17.690 0.0000000000
112643  -40.224  20.928  17.378 0.0000000000
112644  -41.196  21.646  17.466 0.0000000000
112652  -40.459  20.630  16.727 0.0000000000
112653  -41.083  20.921  16.486 0.0000000000
112658  -41.375  20.610  15.901 0.0000000000
