#!ascii label  , from subject ab_data vox2ras=TkReg
1825
1469  -15.971  -82.190  4.657 0.0000000000
1470  -16.553  -82.197  4.736 0.0000000000
1479  -16.400  -82.476  4.354 0.0000000000
1486  -16.062  -82.709  3.959 0.0000000000
1519  -11.078  -82.236  -0.018 0.0000000000
1809  -16.927  -81.367  5.737 0.0000000000
1810  -17.142  -81.284  5.872 0.0000000000
1821  -15.432  -81.605  4.872 0.0000000000
1822  -16.708  -81.594  5.321 0.0000000000
1823  -17.335  -81.253  5.721 0.0000000000
1830  -16.931  -82.189  4.640 0.0000000000
1831  -17.386  -81.593  5.011 0.0000000000
1838  -16.925  -82.337  3.942 0.0000000000
1839  -17.228  -82.035  4.450 0.0000000000
1849  -15.995  -82.360  3.527 0.0000000000
1863  -9.645  -81.255  1.248 0.0000000000
1864  -10.221  -81.466  0.458 0.0000000000
1869  -10.753  -81.134  -0.564 0.0000000000
1882  -10.878  -80.465  -1.161 0.0000000000
1883  -11.546  -80.864  -1.140 0.0000000000
2171  -17.923  -80.660  6.644 0.0000000000
2172  -18.150  -80.582  6.755 0.0000000000
2177  -17.037  -81.068  5.936 0.0000000000
2178  -17.605  -80.775  6.333 0.0000000000
2179  -18.131  -80.521  6.429 0.0000000000
2188  -14.105  -80.297  5.593 0.0000000000
2189  -14.793  -80.714  4.810 0.0000000000
2190  -15.919  -80.761  5.016 0.0000000000
2191  -16.621  -80.776  5.603 0.0000000000
2192  -17.874  -81.010  5.731 0.0000000000
2193  -18.451  -80.335  5.562 0.0000000000
2200  -17.970  -80.897  4.844 0.0000000000
2201  -18.343  -80.335  4.914 0.0000000000
2209  -17.176  -81.320  3.625 0.0000000000
2210  -17.461  -81.599  4.257 0.0000000000
2217  -11.936  -79.846  2.802 0.0000000000
2221  -15.841  -81.470  3.078 0.0000000000
2222  -16.595  -81.682  3.413 0.0000000000
2235  -9.560  -80.353  0.719 0.0000000000
2236  -10.050  -80.639  -0.070 0.0000000000
2243  -9.781  -80.033  -0.040 0.0000000000
2244  -10.276  -80.124  -0.691 0.0000000000
2255  -10.724  -79.886  -1.297 0.0000000000
2256  -11.340  -80.090  -1.530 0.0000000000
2619  -17.951  -80.453  6.755 0.0000000000
2620  -18.135  -80.311  6.666 0.0000000000
2627  -17.087  -80.348  6.151 0.0000000000
2628  -17.853  -79.758  6.718 0.0000000000
2629  -18.938  -79.739  6.424 0.0000000000
2630  -20.246  -79.197  6.115 0.0000000000
2631  -21.225  -78.985  5.706 0.0000000000
2632  -22.011  -78.859  5.333 0.0000000000
2633  -22.354  -78.824  5.185 0.0000000000
2639  -13.312  -79.259  5.851 0.0000000000
2640  -13.704  -79.439  5.638 0.0000000000
2641  -14.485  -79.611  4.943 0.0000000000
2642  -15.489  -79.773  4.703 0.0000000000
2643  -16.440  -79.832  5.396 0.0000000000
2644  -17.101  -79.505  6.144 0.0000000000
2645  -19.026  -79.725  5.411 0.0000000000
2646  -19.768  -79.478  5.408 0.0000000000
2647  -20.763  -79.303  5.131 0.0000000000
2648  -21.720  -79.240  4.876 0.0000000000
2649  -22.578  -79.028  4.800 0.0000000000
2650  -23.210  -78.967  4.581 0.0000000000
2655  -18.200  -80.231  4.437 0.0000000000
2656  -18.703  -79.785  4.695 0.0000000000
2657  -19.406  -79.506  4.746 0.0000000000
2658  -20.232  -79.439  4.406 0.0000000000
2659  -21.274  -79.464  4.162 0.0000000000
2660  -22.311  -79.428  4.062 0.0000000000
2661  -23.376  -79.311  4.064 0.0000000000
2667  -17.244  -80.810  3.499 0.0000000000
2668  -17.681  -80.578  3.819 0.0000000000
2669  -18.424  -79.634  3.796 0.0000000000
2670  -19.455  -79.388  3.763 0.0000000000
2671  -20.655  -79.379  3.373 0.0000000000
2672  -21.769  -79.350  3.399 0.0000000000
2673  -22.957  -79.271  3.326 0.0000000000
2674  -24.109  -79.253  3.317 0.0000000000
2675  -24.502  -79.263  3.129 0.0000000000
2681  -10.194  -79.426  2.602 0.0000000000
2682  -11.256  -79.273  2.483 0.0000000000
2683  -12.263  -79.544  2.461 0.0000000000
2684  -13.172  -79.961  2.454 0.0000000000
2685  -14.267  -80.205  2.620 0.0000000000
2686  -15.447  -80.303  2.785 0.0000000000
2687  -16.789  -80.409  3.181 0.0000000000
2688  -17.836  -79.411  3.133 0.0000000000
2689  -18.919  -79.044  2.757 0.0000000000
2690  -19.957  -79.207  2.780 0.0000000000
2691  -20.541  -79.170  2.884 0.0000000000
2692  -23.748  -79.153  2.970 0.0000000000
2693  -24.388  -79.242  3.054 0.0000000000
2694  -24.619  -79.231  2.953 0.0000000000
2699  -9.670  -79.475  1.605 0.0000000000
2700  -10.517  -79.017  1.953 0.0000000000
2701  -10.954  -78.891  2.032 0.0000000000
2707  -9.683  -79.448  0.646 0.0000000000
2708  -9.891  -79.009  0.479 0.0000000000
2714  -9.688  -79.765  0.283 0.0000000000
2715  -9.966  -79.283  -0.106 0.0000000000
2723  -10.469  -79.286  -0.961 0.0000000000
2724  -11.026  -79.338  -1.491 0.0000000000
2725  -11.832  -79.398  -1.693 0.0000000000
3130  -11.624  -78.759  6.258 0.0000000000
3131  -12.396  -78.968  6.076 0.0000000000
3132  -17.962  -78.568  6.904 0.0000000000
3133  -18.680  -78.783  7.050 0.0000000000
3134  -19.753  -78.730  6.870 0.0000000000
3135  -20.777  -78.545  6.436 0.0000000000
3136  -21.642  -78.439  5.911 0.0000000000
3137  -22.467  -78.506  5.355 0.0000000000
3138  -23.169  -78.344  5.127 0.0000000000
3142  -11.229  -78.043  5.946 0.0000000000
3143  -11.977  -78.225  5.647 0.0000000000
3144  -13.062  -78.667  5.543 0.0000000000
3145  -14.031  -78.648  4.995 0.0000000000
3146  -15.020  -78.730  4.511 0.0000000000
3147  -16.119  -78.780  4.676 0.0000000000
3148  -16.849  -78.736  5.550 0.0000000000
3149  -17.429  -78.695  6.417 0.0000000000
3150  -23.051  -78.728  4.901 0.0000000000
3151  -23.811  -78.693  4.613 0.0000000000
3152  -24.811  -78.583  4.117 0.0000000000
3153  -25.449  -78.483  3.785 0.0000000000
3158  -24.354  -79.090  3.735 0.0000000000
3159  -25.062  -78.811  3.566 0.0000000000
3160  -25.641  -78.549  3.458 0.0000000000
3165  -21.112  -79.051  2.950 0.0000000000
3166  -22.142  -79.015  2.981 0.0000000000
3167  -23.037  -78.912  2.886 0.0000000000
3168  -24.418  -79.167  3.384 0.0000000000
3169  -24.742  -79.099  3.242 0.0000000000
3170  -25.384  -78.743  3.233 0.0000000000
3177  -11.913  -78.897  2.063 0.0000000000
3178  -12.722  -78.940  2.155 0.0000000000
3179  -13.750  -78.939  2.290 0.0000000000
3180  -14.896  -79.118  2.509 0.0000000000
3181  -16.050  -79.100  2.667 0.0000000000
3182  -17.153  -78.814  2.648 0.0000000000
3183  -18.124  -78.506  2.191 0.0000000000
3184  -18.870  -78.464  1.925 0.0000000000
3185  -19.553  -78.498  2.262 0.0000000000
3186  -20.350  -78.853  2.665 0.0000000000
3187  -23.616  -78.721  2.781 0.0000000000
3188  -24.235  -78.838  2.784 0.0000000000
3189  -24.711  -79.092  2.969 0.0000000000
3190  -25.470  -78.761  2.905 0.0000000000
3198  -9.858  -79.087  1.307 0.0000000000
3199  -10.175  -78.865  1.340 0.0000000000
3200  -11.120  -78.546  1.579 0.0000000000
3201  -12.180  -78.213  1.722 0.0000000000
3202  -13.112  -78.090  1.962 0.0000000000
3203  -17.978  -78.085  1.575 0.0000000000
3204  -18.425  -78.011  1.518 0.0000000000
3205  -19.020  -77.900  1.642 0.0000000000
3214  -9.855  -78.997  0.984 0.0000000000
3215  -10.384  -78.474  0.517 0.0000000000
3216  -11.113  -77.981  0.792 0.0000000000
3223  -10.586  -78.474  -0.497 0.0000000000
3224  -10.999  -78.174  -1.050 0.0000000000
3230  -10.800  -78.741  -1.184 0.0000000000
3231  -11.367  -78.634  -1.475 0.0000000000
3232  -12.225  -78.480  -1.707 0.0000000000
3682  -9.845  -77.034  7.228 0.0000000000
3683  -10.068  -77.408  6.952 0.0000000000
3684  -17.703  -77.724  6.602 0.0000000000
3685  -18.335  -77.746  7.030 0.0000000000
3686  -19.274  -77.797  7.142 0.0000000000
3687  -20.315  -77.782  6.866 0.0000000000
3688  -21.274  -77.783  6.442 0.0000000000
3689  -22.054  -77.768  5.857 0.0000000000
3690  -22.849  -77.788  5.465 0.0000000000
3693  -10.713  -77.309  6.128 0.0000000000
3694  -11.468  -77.236  5.538 0.0000000000
3695  -12.465  -77.346  5.105 0.0000000000
3696  -13.478  -77.711  4.870 0.0000000000
3697  -14.443  -77.749  4.563 0.0000000000
3698  -15.571  -77.600  4.422 0.0000000000
3699  -16.594  -77.720  4.944 0.0000000000
3700  -17.230  -77.747  5.832 0.0000000000
3701  -23.652  -77.833  5.150 0.0000000000
3702  -24.536  -77.870  4.644 0.0000000000
3703  -25.432  -77.964  4.131 0.0000000000
3706  -13.105  -76.897  4.676 0.0000000000
3707  -13.866  -76.896  4.468 0.0000000000
3708  -14.774  -76.851  4.298 0.0000000000
3709  -15.496  -76.642  4.312 0.0000000000
3710  -26.150  -78.075  3.604 0.0000000000
3711  -26.850  -77.758  3.185 0.0000000000
3715  -20.757  -78.442  2.869 0.0000000000
3716  -21.487  -78.329  2.993 0.0000000000
3717  -22.468  -78.138  2.950 0.0000000000
3718  -23.076  -77.708  2.841 0.0000000000
3719  -26.168  -78.325  3.110 0.0000000000
3720  -27.091  -77.721  2.893 0.0000000000
3727  -13.762  -78.089  2.152 0.0000000000
3728  -14.441  -78.109  2.239 0.0000000000
3729  -15.492  -78.100  2.288 0.0000000000
3730  -16.554  -77.994  2.190 0.0000000000
3731  -17.472  -78.004  1.825 0.0000000000
3732  -19.453  -77.445  2.134 0.0000000000
3733  -20.127  -78.033  2.628 0.0000000000
3734  -23.209  -78.328  2.797 0.0000000000
3735  -23.815  -77.870  2.664 0.0000000000
3736  -25.018  -78.223  2.578 0.0000000000
3737  -26.310  -77.949  2.559 0.0000000000
3738  -26.956  -77.603  2.599 0.0000000000
3745  -11.698  -77.698  1.153 0.0000000000
3746  -12.597  -77.170  1.342 0.0000000000
3747  -13.831  -77.324  1.839 0.0000000000
3748  -14.997  -77.249  1.921 0.0000000000
3749  -16.018  -77.224  1.843 0.0000000000
3750  -16.931  -77.192  1.258 0.0000000000
3751  -17.854  -77.531  1.221 0.0000000000
3752  -18.447  -77.189  1.322 0.0000000000
3753  -18.959  -77.315  1.684 0.0000000000
3754  -26.619  -77.603  2.403 0.0000000000
3755  -26.756  -77.728  2.509 0.0000000000
3764  -10.933  -77.848  0.255 0.0000000000
3765  -11.487  -77.376  0.429 0.0000000000
3766  -11.935  -77.142  0.860 0.0000000000
3767  -17.037  -76.721  0.623 0.0000000000
3768  -17.536  -76.851  0.805 0.0000000000
3769  -18.005  -77.042  0.912 0.0000000000
3779  -10.696  -78.029  -0.046 0.0000000000
3780  -11.220  -77.603  -0.398 0.0000000000
3781  -11.824  -77.178  -0.906 0.0000000000
3789  -11.593  -77.834  -1.261 0.0000000000
3790  -12.441  -77.405  -1.556 0.0000000000
4250  -9.810  -76.417  7.196 0.0000000000
4251  -10.261  -76.375  6.390 0.0000000000
4252  -17.914  -76.739  6.728 0.0000000000
4253  -18.707  -76.738  6.936 0.0000000000
4254  -19.753  -76.732  6.812 0.0000000000
4255  -20.812  -76.840  6.498 0.0000000000
4256  -21.667  -77.010  6.087 0.0000000000
4257  -22.485  -76.929  5.662 0.0000000000
4258  -23.258  -77.187  5.385 0.0000000000
4263  -10.879  -76.271  5.637 0.0000000000
4264  -11.774  -76.165  4.966 0.0000000000
4265  -12.584  -76.431  4.714 0.0000000000
4266  -16.257  -76.593  4.575 0.0000000000
4267  -16.916  -76.760  5.405 0.0000000000
4268  -17.374  -76.784  6.229 0.0000000000
4269  -23.182  -76.460  5.319 0.0000000000
4270  -24.067  -76.834  4.957 0.0000000000
4271  -25.191  -76.998  4.337 0.0000000000
4272  -26.157  -77.289  3.957 0.0000000000
4276  -12.452  -75.708  4.542 0.0000000000
4277  -13.257  -76.029  4.393 0.0000000000
4278  -14.241  -76.057  4.224 0.0000000000
4279  -15.075  -76.063  4.180 0.0000000000
4280  -15.714  -76.068  4.322 0.0000000000
4281  -26.953  -77.401  3.582 0.0000000000
4282  -27.787  -77.352  3.313 0.0000000000
4283  -28.353  -77.032  3.378 0.0000000000
4286  -20.768  -77.539  3.032 0.0000000000
4287  -21.678  -77.326  3.148 0.0000000000
4288  -22.626  -76.896  2.988 0.0000000000
4289  -23.250  -77.265  2.789 0.0000000000
4290  -27.786  -77.418  2.918 0.0000000000
4291  -28.247  -77.202  3.071 0.0000000000
4297  -19.553  -76.562  2.366 0.0000000000
4298  -20.062  -77.070  2.699 0.0000000000
4299  -22.884  -76.162  2.791 0.0000000000
4300  -23.488  -76.626  2.671 0.0000000000
4301  -24.565  -76.976  2.410 0.0000000000
4302  -25.671  -77.264  2.259 0.0000000000
4303  -27.381  -77.385  2.638 0.0000000000
4304  -27.942  -77.018  2.732 0.0000000000
4313  -12.800  -76.438  0.964 0.0000000000
4314  -13.497  -76.432  1.257 0.0000000000
4315  -14.577  -76.478  1.426 0.0000000000
4316  -15.614  -76.627  1.359 0.0000000000
4317  -16.271  -76.814  1.284 0.0000000000
4318  -18.460  -76.484  1.304 0.0000000000
4319  -18.915  -76.539  1.803 0.0000000000
4320  -26.392  -77.401  2.259 0.0000000000
4321  -26.860  -77.273  2.300 0.0000000000
4322  -27.374  -76.842  2.359 0.0000000000
4330  -11.589  -77.040  0.008 0.0000000000
4331  -12.191  -76.563  0.347 0.0000000000
4332  -13.161  -75.893  0.612 0.0000000000
4333  -14.208  -75.758  0.820 0.0000000000
4334  -15.301  -75.972  0.789 0.0000000000
4335  -16.386  -76.400  0.572 0.0000000000
4336  -17.209  -76.223  0.220 0.0000000000
4337  -18.007  -76.357  0.815 0.0000000000
4345  -11.800  -76.921  -0.361 0.0000000000
4346  -12.339  -76.385  -0.889 0.0000000000
4347  -16.693  -76.031  -0.008 0.0000000000
4348  -16.904  -75.875  -0.186 0.0000000000
4358  -12.864  -76.552  -1.822 0.0000000000
4792  -24.446  -75.262  15.411 0.0000000000
4793  -24.818  -75.521  16.081 0.0000000000
4794  -25.259  -75.559  16.431 0.0000000000
4806  -23.713  -75.209  13.959 0.0000000000
4807  -24.075  -75.358  14.601 0.0000000000
4808  -24.959  -75.573  15.205 0.0000000000
4809  -25.390  -75.732  15.991 0.0000000000
4819  -23.768  -75.183  13.593 0.0000000000
4820  -24.081  -75.330  13.671 0.0000000000
4821  -24.732  -75.399  14.156 0.0000000000
4830  -23.843  -75.161  13.225 0.0000000000
4831  -24.110  -75.226  12.959 0.0000000000
4873  -9.616  -75.696  7.747 0.0000000000
4874  -28.513  -75.496  6.521 0.0000000000
4875  -28.745  -75.289  6.664 0.0000000000
4879  -9.776  -75.477  7.192 0.0000000000
4880  -9.988  -75.521  6.685 0.0000000000
4881  -16.939  -75.377  5.897 0.0000000000
4882  -17.402  -75.701  6.414 0.0000000000
4883  -18.066  -75.681  6.790 0.0000000000
4884  -19.031  -75.639  6.601 0.0000000000
4885  -20.312  -75.516  6.231 0.0000000000
4886  -21.403  -76.114  5.964 0.0000000000
4887  -21.967  -76.464  5.774 0.0000000000
4888  -28.091  -76.077  5.363 0.0000000000
4889  -28.485  -75.744  5.889 0.0000000000
4890  -29.015  -75.368  6.233 0.0000000000
4894  -10.392  -75.335  5.959 0.0000000000
4895  -11.095  -75.166  5.239 0.0000000000
4896  -16.090  -75.651  4.500 0.0000000000
4897  -16.652  -75.673  5.137 0.0000000000
4898  -17.063  -76.058  5.868 0.0000000000
4899  -20.628  -74.660  5.790 0.0000000000
4900  -21.347  -75.056  5.734 0.0000000000
4901  -22.420  -75.687  5.451 0.0000000000
4902  -23.715  -75.628  4.984 0.0000000000
4903  -24.873  -75.811  4.452 0.0000000000
4904  -26.127  -76.164  4.119 0.0000000000
4905  -27.222  -76.259  4.284 0.0000000000
4906  -28.003  -76.511  4.656 0.0000000000
4907  -28.673  -76.199  4.939 0.0000000000
4908  -29.333  -75.364  5.297 0.0000000000
4913  -11.936  -74.895  4.599 0.0000000000
4914  -12.865  -75.026  4.199 0.0000000000
4915  -13.810  -75.179  4.032 0.0000000000
4916  -14.712  -75.307  4.006 0.0000000000
4917  -15.504  -75.386  4.215 0.0000000000
4918  -26.859  -76.864  3.977 0.0000000000
4919  -27.647  -77.008  4.008 0.0000000000
4920  -28.460  -76.776  3.988 0.0000000000
4921  -29.115  -75.732  4.189 0.0000000000
4922  -29.439  -75.188  4.652 0.0000000000
4927  -20.493  -76.789  2.947 0.0000000000
4928  -20.987  -76.594  3.136 0.0000000000
4929  -21.754  -76.398  3.102 0.0000000000
4930  -28.508  -76.312  3.206 0.0000000000
4931  -28.911  -75.578  3.581 0.0000000000
4937  -19.307  -75.749  2.237 0.0000000000
4938  -20.180  -75.992  2.777 0.0000000000
4939  -21.206  -75.633  2.937 0.0000000000
4940  -22.263  -75.665  2.857 0.0000000000
4941  -23.149  -75.559  2.609 0.0000000000
4942  -24.096  -75.761  2.395 0.0000000000
4943  -25.273  -76.017  2.213 0.0000000000
4944  -27.088  -76.088  2.121 0.0000000000
4945  -27.623  -76.200  2.443 0.0000000000
4952  -18.480  -75.748  1.405 0.0000000000
4953  -18.863  -75.701  1.871 0.0000000000
4954  -26.286  -76.636  2.081 0.0000000000
4955  -26.948  -76.552  2.087 0.0000000000
4956  -27.275  -76.420  2.207 0.0000000000
4962  -12.860  -75.640  -0.253 0.0000000000
4963  -13.836  -75.305  -0.010 0.0000000000
4964  -14.919  -75.384  0.087 0.0000000000
4965  -15.845  -75.821  0.016 0.0000000000
4966  -16.374  -75.976  0.011 0.0000000000
4967  -17.625  -75.508  0.369 0.0000000000
4968  -18.067  -75.432  0.880 0.0000000000
4974  -12.864  -75.588  -1.044 0.0000000000
4975  -13.538  -75.101  -0.921 0.0000000000
4976  -14.554  -74.995  -0.873 0.0000000000
4977  -15.527  -75.393  -0.701 0.0000000000
4978  -16.456  -75.642  -0.491 0.0000000000
4979  -17.159  -75.442  -0.296 0.0000000000
4990  -12.789  -75.922  -1.512 0.0000000000
4991  -13.241  -75.338  -1.700 0.0000000000
4992  -14.772  -74.875  -1.324 0.0000000000
4993  -15.207  -74.970  -1.335 0.0000000000
4994  -16.085  -75.158  -1.327 0.0000000000
4995  -16.845  -75.037  -1.044 0.0000000000
5447  -26.481  -74.164  17.451 0.0000000000
5448  -26.653  -74.292  17.277 0.0000000000
5457  -25.527  -74.577  17.043 0.0000000000
5458  -25.995  -74.586  17.230 0.0000000000
5459  -26.686  -74.688  16.716 0.0000000000
5470  -24.603  -74.841  15.829 0.0000000000
5471  -25.197  -75.002  16.698 0.0000000000
5472  -25.915  -75.365  16.477 0.0000000000
5473  -26.855  -75.038  15.889 0.0000000000
5485  -23.551  -74.779  14.285 0.0000000000
5486  -24.034  -74.744  14.976 0.0000000000
5487  -25.489  -75.354  14.519 0.0000000000
5488  -26.139  -75.470  15.314 0.0000000000
5489  -26.868  -74.948  15.309 0.0000000000
5500  -23.498  -74.868  13.486 0.0000000000
5501  -24.623  -75.165  13.232 0.0000000000
5502  -25.358  -75.046  13.687 0.0000000000
5503  -26.233  -74.821  14.218 0.0000000000
5504  -26.849  -74.782  14.842 0.0000000000
5514  -23.796  -74.924  12.468 0.0000000000
5515  -24.394  -74.924  12.386 0.0000000000
5516  -25.207  -74.678  12.674 0.0000000000
5517  -25.862  -74.529  13.389 0.0000000000
5524  -15.906  -75.026  11.109 0.0000000000
5528  -23.907  -74.849  11.749 0.0000000000
5529  -24.136  -74.886  11.634 0.0000000000
5530  -24.819  -74.556  11.510 0.0000000000
5537  -14.438  -75.138  9.986 0.0000000000
5538  -15.017  -75.071  10.728 0.0000000000
5542  -23.974  -74.786  11.321 0.0000000000
5543  -24.344  -74.621  10.854 0.0000000000
5544  -25.129  -74.431  10.436 0.0000000000
5545  -25.717  -74.203  9.822 0.0000000000
5553  -14.010  -75.115  8.942 0.0000000000
5554  -24.657  -74.407  10.166 0.0000000000
5555  -25.254  -74.260  9.639 0.0000000000
5556  -26.126  -74.358  9.180 0.0000000000
5557  -26.676  -74.518  8.757 0.0000000000
5562  -9.442  -75.123  8.321 0.0000000000
5564  -13.021  -74.698  7.833 0.0000000000
5565  -13.629  -74.735  8.065 0.0000000000
5566  -25.679  -74.238  9.002 0.0000000000
5567  -26.354  -74.438  8.406 0.0000000000
5568  -27.136  -74.878  8.309 0.0000000000
5569  -27.922  -74.999  7.880 0.0000000000
5573  -9.726  -74.735  7.459 0.0000000000
5574  -9.918  -74.184  7.143 0.0000000000
5575  -12.956  -73.839  7.436 0.0000000000
5576  -13.570  -74.015  7.573 0.0000000000
5577  -13.976  -74.024  7.781 0.0000000000
5578  -26.848  -74.923  7.793 0.0000000000
5579  -27.466  -75.260  7.308 0.0000000000
5580  -28.421  -75.176  7.131 0.0000000000
5581  -29.068  -74.924  6.726 0.0000000000
5584  -9.872  -75.051  6.967 0.0000000000
5585  -10.115  -74.506  6.613 0.0000000000
5586  -16.886  -74.648  6.220 0.0000000000
5587  -17.419  -74.579  6.519 0.0000000000
5588  -18.169  -74.580  6.480 0.0000000000
5589  -19.307  -74.424  5.993 0.0000000000
5590  -20.111  -74.659  5.897 0.0000000000
5591  -26.488  -74.324  4.649 0.0000000000
5592  -27.243  -74.642  5.095 0.0000000000
5593  -27.708  -75.350  6.060 0.0000000000
5594  -28.077  -75.645  6.655 0.0000000000
5595  -29.513  -74.706  6.111 0.0000000000
5597  -10.671  -74.208  5.693 0.0000000000
5598  -11.338  -74.150  5.032 0.0000000000
5599  -15.989  -74.575  4.677 0.0000000000
5600  -16.598  -74.810  5.531 0.0000000000
5601  -19.492  -73.611  5.678 0.0000000000
5602  -20.204  -73.939  5.650 0.0000000000
5603  -21.161  -74.049  5.516 0.0000000000
5604  -22.160  -74.299  5.382 0.0000000000
5605  -23.321  -74.470  5.115 0.0000000000
5606  -24.563  -74.561  4.651 0.0000000000
5607  -25.763  -74.867  4.354 0.0000000000
5608  -26.806  -75.272  4.439 0.0000000000
5609  -27.594  -75.721  4.937 0.0000000000
5610  -29.663  -74.403  5.468 0.0000000000
5612  -11.925  -73.960  4.635 0.0000000000
5613  -12.585  -74.110  4.357 0.0000000000
5614  -13.475  -74.208  4.078 0.0000000000
5615  -14.421  -74.404  3.998 0.0000000000
5616  -15.196  -74.694  4.105 0.0000000000
5617  -29.337  -74.804  4.340 0.0000000000
5618  -29.574  -74.639  4.877 0.0000000000
5623  -28.540  -75.112  3.298 0.0000000000
5624  -29.046  -74.955  3.791 0.0000000000
5631  -19.686  -74.983  2.388 0.0000000000
5632  -20.519  -74.734  2.641 0.0000000000
5633  -21.575  -74.616  2.682 0.0000000000
5634  -22.587  -74.611  2.548 0.0000000000
5635  -23.558  -74.677  2.410 0.0000000000
5636  -24.569  -74.812  2.288 0.0000000000
5637  -25.624  -74.931  2.247 0.0000000000
5638  -26.780  -75.308  2.332 0.0000000000
5639  -27.839  -75.278  2.761 0.0000000000
5645  -18.293  -74.884  1.254 0.0000000000
5646  -18.871  -74.791  1.894 0.0000000000
5647  -26.118  -75.769  2.105 0.0000000000
5648  -26.655  -76.053  2.045 0.0000000000
5654  -17.494  -74.839  0.073 0.0000000000
5655  -17.893  -74.621  0.674 0.0000000000
5664  -13.786  -74.888  -1.545 0.0000000000
5665  -14.073  -74.828  -1.251 0.0000000000
5666  -17.248  -74.583  -0.491 0.0000000000
5682  -14.539  -74.777  -1.768 0.0000000000
5683  -15.597  -74.657  -1.921 0.0000000000
5684  -16.483  -74.326  -1.686 0.0000000000
5685  -16.965  -74.259  -1.054 0.0000000000
6193  -26.424  -73.902  17.455 0.0000000000
6194  -26.991  -73.779  17.558 0.0000000000
6195  -27.603  -73.578  17.292 0.0000000000
6204  -25.363  -74.543  16.889 0.0000000000
6205  -25.756  -74.073  17.112 0.0000000000
6206  -27.254  -74.153  17.001 0.0000000000
6207  -27.859  -73.712  16.560 0.0000000000
6215  -24.720  -74.452  15.715 0.0000000000
6216  -25.107  -74.319  16.190 0.0000000000
6217  -25.800  -73.533  16.268 0.0000000000
6218  -27.449  -74.395  16.171 0.0000000000
6219  -27.976  -73.780  15.677 0.0000000000
6228  -22.729  -72.801  14.358 0.0000000000
6229  -23.420  -73.741  14.371 0.0000000000
6230  -24.410  -73.999  15.023 0.0000000000
6231  -25.435  -73.509  15.142 0.0000000000
6232  -25.984  -73.205  15.564 0.0000000000
6233  -27.493  -74.398  15.213 0.0000000000
6234  -27.969  -73.769  15.159 0.0000000000
6246  -22.717  -73.307  13.907 0.0000000000
6247  -23.174  -74.212  13.850 0.0000000000
6248  -24.472  -73.530  14.623 0.0000000000
6249  -24.810  -73.488  14.572 0.0000000000
6250  -26.483  -74.209  13.592 0.0000000000
6251  -27.230  -74.022  14.199 0.0000000000
6252  -27.899  -73.680  14.742 0.0000000000
6265  -22.784  -73.124  13.363 0.0000000000
6266  -23.177  -73.952  12.891 0.0000000000
6267  -25.382  -74.208  11.986 0.0000000000
6268  -26.072  -73.863  12.729 0.0000000000
6269  -26.841  -73.659  13.421 0.0000000000
6279  -16.418  -74.406  11.063 0.0000000000
6280  -17.071  -74.487  10.998 0.0000000000
6281  -17.611  -74.341  10.779 0.0000000000
6282  -20.033  -73.517  11.107 0.0000000000
6283  -23.767  -74.468  11.769 0.0000000000
6284  -25.322  -74.221  11.500 0.0000000000
6285  -25.765  -73.676  11.638 0.0000000000
6294  -14.761  -74.480  10.389 0.0000000000
6295  -15.448  -73.878  10.731 0.0000000000
6296  -16.897  -73.728  10.865 0.0000000000
6297  -18.198  -73.798  10.451 0.0000000000
6298  -19.385  -73.790  9.904 0.0000000000
6299  -20.190  -73.389  10.220 0.0000000000
6300  -20.430  -72.797  9.732 0.0000000000
6301  -23.942  -74.346  10.992 0.0000000000
6302  -24.251  -74.205  10.394 0.0000000000
6303  -25.384  -74.153  11.070 0.0000000000
6304  -26.076  -73.614  10.528 0.0000000000
6305  -26.740  -73.593  9.839 0.0000000000
6314  -14.510  -73.974  9.756 0.0000000000
6315  -14.958  -73.384  10.108 0.0000000000
6316  -19.826  -73.249  9.655 0.0000000000
6317  -20.168  -72.895  9.600 0.0000000000
6318  -20.302  -72.622  9.558 0.0000000000
6319  -24.611  -74.043  9.735 0.0000000000
6320  -25.136  -73.943  9.173 0.0000000000
6321  -26.313  -74.019  9.647 0.0000000000
6322  -27.191  -74.143  9.211 0.0000000000
6323  -28.467  -73.753  8.797 0.0000000000
6324  -29.250  -73.473  8.374 0.0000000000
6327  -9.504  -73.992  8.309 0.0000000000
6328  -9.946  -73.463  7.780 0.0000000000
6329  -11.578  -72.678  8.765 0.0000000000
6330  -12.227  -73.157  7.885 0.0000000000
6331  -14.389  -73.677  8.409 0.0000000000
6332  -15.067  -73.014  8.256 0.0000000000
6333  -25.686  -73.790  8.623 0.0000000000
6334  -26.203  -73.800  8.077 0.0000000000
6335  -27.880  -74.516  8.444 0.0000000000
6336  -28.776  -74.282  7.835 0.0000000000
6337  -29.756  -73.365  7.821 0.0000000000
6338  -30.290  -72.950  7.717 0.0000000000
6341  -9.803  -73.967  7.525 0.0000000000
6342  -10.192  -73.619  7.075 0.0000000000
6343  -12.814  -72.974  6.736 0.0000000000
6344  -13.647  -73.424  6.776 0.0000000000
6345  -14.401  -73.443  7.227 0.0000000000
6346  -15.380  -73.064  7.465 0.0000000000
6347  -16.283  -72.865  7.412 0.0000000000
6348  -16.646  -72.643  7.366 0.0000000000
6349  -26.759  -74.199  7.415 0.0000000000
6350  -26.994  -74.952  7.395 0.0000000000
6351  -28.940  -74.617  7.157 0.0000000000
6352  -29.528  -73.998  6.931 0.0000000000
6353  -30.208  -73.249  7.314 0.0000000000
6358  -10.575  -73.557  6.201 0.0000000000
6359  -10.900  -73.031  6.183 0.0000000000
6360  -12.925  -72.674  6.112 0.0000000000
6361  -13.535  -72.793  5.912 0.0000000000
6362  -14.487  -73.009  6.102 0.0000000000
6363  -15.498  -73.257  6.344 0.0000000000
6364  -16.495  -73.567  6.632 0.0000000000
6365  -17.151  -73.272  6.750 0.0000000000
6366  -18.290  -73.372  6.038 0.0000000000
6367  -19.003  -73.649  5.751 0.0000000000
6368  -26.679  -73.711  5.129 0.0000000000
6369  -27.305  -73.889  6.036 0.0000000000
6370  -27.233  -74.839  6.907 0.0000000000
6371  -29.960  -73.896  6.105 0.0000000000
6372  -30.219  -73.256  6.740 0.0000000000
6380  -10.757  -73.660  5.795 0.0000000000
6381  -11.155  -73.322  5.604 0.0000000000
6382  -11.884  -73.054  5.198 0.0000000000
6383  -13.700  -72.730  5.438 0.0000000000
6384  -14.108  -72.825  5.236 0.0000000000
6385  -15.249  -73.300  5.121 0.0000000000
6386  -16.265  -73.896  5.694 0.0000000000
6387  -18.490  -72.781  5.755 0.0000000000
6388  -18.998  -72.991  5.558 0.0000000000
6389  -19.899  -72.988  5.473 0.0000000000
6390  -20.827  -73.077  5.471 0.0000000000
6391  -21.839  -73.197  5.413 0.0000000000
6392  -22.962  -73.324  5.297 0.0000000000
6393  -24.206  -73.404  4.965 0.0000000000
6394  -25.645  -73.489  4.767 0.0000000000
6395  -29.326  -73.362  5.153 0.0000000000
6396  -29.672  -73.542  5.445 0.0000000000
6397  -30.105  -73.175  6.144 0.0000000000
6406  -11.694  -73.512  4.978 0.0000000000
6407  -12.378  -73.289  4.744 0.0000000000
6408  -13.153  -73.410  4.405 0.0000000000
6409  -14.152  -73.352  4.425 0.0000000000
6410  -15.097  -73.941  4.293 0.0000000000
6411  -28.403  -73.332  4.229 0.0000000000
6412  -29.089  -73.681  4.678 0.0000000000
6413  -29.625  -74.086  5.070 0.0000000000
6423  -27.459  -73.737  3.232 0.0000000000
6424  -28.353  -73.958  3.742 0.0000000000
6425  -28.992  -74.385  4.130 0.0000000000
6435  -19.677  -73.756  2.198 0.0000000000
6436  -20.897  -73.606  2.523 0.0000000000
6437  -21.992  -73.597  2.497 0.0000000000
6438  -22.999  -73.679  2.388 0.0000000000
6439  -23.958  -73.761  2.413 0.0000000000
6440  -24.960  -73.857  2.530 0.0000000000
6441  -26.053  -74.034  2.603 0.0000000000
6442  -27.107  -74.289  2.795 0.0000000000
6443  -27.889  -74.472  3.135 0.0000000000
6453  -18.372  -73.875  1.217 0.0000000000
6454  -18.926  -73.818  1.750 0.0000000000
6462  -17.596  -73.999  0.142 0.0000000000
6463  -17.954  -73.857  0.667 0.0000000000
6474  -17.299  -73.782  -0.576 0.0000000000
6488  -16.703  -73.847  -1.769 0.0000000000
6489  -17.052  -73.565  -1.459 0.0000000000
6977  -27.678  -72.683  18.155 0.0000000000
6978  -28.034  -72.512  18.409 0.0000000000
6979  -28.347  -72.259  18.439 0.0000000000
6990  -26.406  -73.628  17.379 0.0000000000
6991  -27.077  -73.051  17.712 0.0000000000
6992  -27.709  -73.023  17.877 0.0000000000
6993  -28.530  -72.543  17.941 0.0000000000
6995  -17.613  -72.551  16.688 0.0000000000
6996  -26.360  -73.303  17.062 0.0000000000
6997  -26.844  -72.503  17.081 0.0000000000
6998  -28.270  -73.184  17.174 0.0000000000
6999  -28.987  -72.567  16.742 0.0000000000
7001  -17.415  -72.582  15.831 0.0000000000
7002  -26.474  -72.724  16.038 0.0000000000
7003  -26.893  -72.215  16.457 0.0000000000
7004  -28.517  -73.183  16.129 0.0000000000
7005  -29.208  -72.487  15.653 0.0000000000
7007  -17.318  -72.895  14.846 0.0000000000
7008  -22.482  -72.149  14.629 0.0000000000
7009  -23.020  -72.551  14.594 0.0000000000
7010  -23.684  -73.242  14.429 0.0000000000
7011  -25.687  -73.130  14.664 0.0000000000
7012  -26.094  -72.861  14.814 0.0000000000
7013  -28.475  -73.230  15.133 0.0000000000
7014  -28.996  -72.465  14.835 0.0000000000
7016  -17.648  -73.033  13.789 0.0000000000
7017  -18.351  -72.752  12.901 0.0000000000
7018  -22.282  -72.324  14.305 0.0000000000
7019  -23.591  -72.499  14.387 0.0000000000
7020  -24.378  -73.017  14.270 0.0000000000
7021  -25.454  -72.935  14.160 0.0000000000
7022  -26.058  -72.514  14.074 0.0000000000
7023  -27.368  -73.381  13.603 0.0000000000
7024  -28.145  -72.857  13.983 0.0000000000
7025  -28.856  -72.287  14.405 0.0000000000
7027  -19.225  -72.603  11.986 0.0000000000
7028  -19.799  -73.114  11.470 0.0000000000
7029  -22.447  -72.458  13.663 0.0000000000
7030  -23.042  -72.561  12.764 0.0000000000
7031  -26.303  -73.242  12.203 0.0000000000
7032  -27.005  -72.813  12.810 0.0000000000
7033  -27.765  -72.435  13.154 0.0000000000
7042  -19.431  -72.007  11.555 0.0000000000
7043  -20.010  -72.569  11.072 0.0000000000
7044  -23.734  -73.304  11.446 0.0000000000
7045  -24.051  -72.714  10.821 0.0000000000
7046  -26.514  -72.709  11.625 0.0000000000
7047  -26.853  -72.428  12.142 0.0000000000
7056  -16.239  -72.954  10.564 0.0000000000
7057  -17.268  -72.701  10.399 0.0000000000
7058  -18.528  -72.712  9.844 0.0000000000
7059  -19.375  -73.132  9.665 0.0000000000
7060  -20.334  -72.546  10.402 0.0000000000
7061  -20.498  -72.430  9.994 0.0000000000
7062  -23.980  -73.883  10.699 0.0000000000
7063  -24.268  -73.250  10.274 0.0000000000
7064  -26.534  -72.762  10.828 0.0000000000
7065  -27.043  -72.726  10.282 0.0000000000
7066  -27.741  -72.141  10.184 0.0000000000
7073  -14.856  -73.220  9.626 0.0000000000
7074  -15.434  -72.788  9.968 0.0000000000
7075  -16.401  -72.253  10.031 0.0000000000
7076  -18.696  -72.131  9.439 0.0000000000
7077  -19.434  -72.499  9.463 0.0000000000
7078  -20.061  -72.294  9.352 0.0000000000
7079  -20.354  -72.241  9.562 0.0000000000
7080  -24.797  -73.275  9.388 0.0000000000
7081  -25.234  -73.351  8.922 0.0000000000
7082  -27.263  -73.365  9.747 0.0000000000
7083  -28.109  -72.871  9.662 0.0000000000
7084  -29.475  -72.854  8.994 0.0000000000
7085  -30.209  -72.341  8.920 0.0000000000
7089  -9.468  -73.417  8.800 0.0000000000
7090  -9.898  -73.006  8.443 0.0000000000
7091  -10.770  -72.565  8.396 0.0000000000
7092  -11.532  -72.627  7.881 0.0000000000
7093  -14.647  -73.396  9.201 0.0000000000
7094  -15.066  -72.882  8.970 0.0000000000
7095  -16.030  -72.154  9.063 0.0000000000
7096  -25.560  -72.908  8.507 0.0000000000
7097  -25.964  -73.224  8.210 0.0000000000
7098  -29.722  -73.070  8.380 0.0000000000
7099  -30.296  -72.586  8.336 0.0000000000
7102  -10.454  -72.955  7.629 0.0000000000
7103  -11.129  -72.657  7.335 0.0000000000
7104  -11.917  -72.650  7.048 0.0000000000
7105  -15.688  -72.689  8.219 0.0000000000
7106  -16.417  -72.228  7.957 0.0000000000
7107  -16.923  -72.254  7.279 0.0000000000
7108  -25.905  -72.529  8.016 0.0000000000
7109  -26.376  -72.960  7.602 0.0000000000
7110  -30.481  -72.471  7.520 0.0000000000
7117  -10.736  -72.984  6.770 0.0000000000
7118  -11.410  -72.737  6.366 0.0000000000
7119  -12.342  -72.580  6.116 0.0000000000
7120  -12.956  -72.641  5.712 0.0000000000
7121  -17.575  -72.264  6.448 0.0000000000
7122  -18.145  -72.537  5.921 0.0000000000
7123  -25.266  -71.704  5.506 0.0000000000
7124  -26.185  -72.597  5.554 0.0000000000
7125  -26.736  -72.954  6.701 0.0000000000
7126  -29.331  -72.324  5.945 0.0000000000
7127  -29.797  -72.395  6.311 0.0000000000
7128  -30.266  -72.602  6.670 0.0000000000
7137  -11.831  -72.747  5.664 0.0000000000
7138  -12.527  -72.780  5.254 0.0000000000
7139  -13.395  -72.706  5.186 0.0000000000
7140  -13.816  -72.868  4.811 0.0000000000
7141  -17.989  -72.015  5.958 0.0000000000
7142  -18.554  -72.159  5.611 0.0000000000
7143  -19.434  -72.126  5.353 0.0000000000
7144  -20.397  -72.128  5.299 0.0000000000
7145  -21.415  -72.174  5.373 0.0000000000
7146  -22.525  -72.246  5.423 0.0000000000
7147  -23.726  -72.360  5.312 0.0000000000
7148  -25.060  -72.479  5.109 0.0000000000
7149  -25.659  -72.817  5.122 0.0000000000
7150  -28.326  -72.156  5.172 0.0000000000
7151  -29.140  -72.812  5.355 0.0000000000
7152  -29.767  -72.823  5.852 0.0000000000
7153  -30.045  -72.763  6.222 0.0000000000
7162  -12.591  -72.951  4.886 0.0000000000
7163  -12.907  -72.923  4.774 0.0000000000
7164  -13.494  -72.981  4.660 0.0000000000
7165  -27.335  -72.235  4.096 0.0000000000
7166  -28.192  -72.659  4.540 0.0000000000
7167  -28.688  -72.844  4.937 0.0000000000
7176  -27.368  -73.004  3.582 0.0000000000
7177  -27.957  -73.014  3.996 0.0000000000
7185  -19.679  -72.886  1.861 0.0000000000
7186  -20.337  -72.610  2.132 0.0000000000
7187  -21.421  -72.561  2.402 0.0000000000
7188  -22.514  -72.643  2.440 0.0000000000
7189  -23.409  -72.891  2.448 0.0000000000
7190  -24.275  -72.744  2.613 0.0000000000
7191  -25.352  -72.894  2.890 0.0000000000
7192  -26.476  -73.089  3.138 0.0000000000
7199  -18.469  -73.273  1.061 0.0000000000
7200  -18.983  -72.996  1.388 0.0000000000
7201  -19.748  -72.263  1.631 0.0000000000
7207  -17.612  -73.426  -0.113 0.0000000000
7208  -18.109  -73.042  0.483 0.0000000000
7209  -18.847  -72.348  0.716 0.0000000000
7219  -17.559  -73.045  -0.582 0.0000000000
7220  -18.270  -72.393  -0.601 0.0000000000
7221  -18.915  -72.011  -0.985 0.0000000000
7238  -17.684  -72.715  -1.480 0.0000000000
7765  -18.420  -71.068  18.244 0.0000000000
7766  -27.766  -72.379  18.276 0.0000000000
7767  -28.244  -71.914  18.569 0.0000000000
7780  -17.772  -71.902  17.055 0.0000000000
7781  -18.057  -71.267  17.304 0.0000000000
7782  -27.428  -71.949  17.762 0.0000000000
7783  -27.796  -71.888  18.344 0.0000000000
7792  -17.664  -71.609  16.297 0.0000000000
7793  -17.871  -71.368  16.788 0.0000000000
7794  -27.195  -71.821  16.788 0.0000000000
7801  -17.489  -71.716  15.619 0.0000000000
7802  -26.638  -72.215  15.064 0.0000000000
7803  -27.035  -71.788  15.757 0.0000000000
7807  -17.378  -72.071  15.149 0.0000000000
7808  -21.661  -70.975  14.584 0.0000000000
7809  -21.994  -71.497  14.822 0.0000000000
7810  -22.593  -71.597  14.987 0.0000000000
7811  -26.458  -72.119  14.227 0.0000000000
7812  -26.948  -71.526  14.584 0.0000000000
7817  -17.474  -72.031  14.396 0.0000000000
7818  -17.829  -71.906  13.502 0.0000000000
7819  -21.641  -70.794  14.270 0.0000000000
7820  -21.864  -71.396  13.980 0.0000000000
7821  -23.246  -71.670  14.764 0.0000000000
7822  -24.024  -71.741  14.038 0.0000000000
7823  -24.950  -72.093  13.533 0.0000000000
7824  -25.989  -71.884  13.430 0.0000000000
7825  -26.700  -71.478  13.769 0.0000000000
7826  -28.864  -71.895  13.969 0.0000000000
7827  -29.321  -71.876  14.584 0.0000000000
7832  -18.397  -71.689  12.664 0.0000000000
7833  -22.522  -71.678  13.225 0.0000000000
7834  -22.944  -71.462  12.593 0.0000000000
7835  -24.695  -71.201  13.403 0.0000000000
7836  -25.391  -71.147  12.970 0.0000000000
7837  -26.102  -70.966  12.758 0.0000000000
7838  -27.547  -72.220  12.761 0.0000000000
7839  -28.206  -71.816  13.041 0.0000000000
7845  -18.927  -71.441  11.904 0.0000000000
7846  -19.530  -71.403  11.266 0.0000000000
7847  -23.519  -71.793  11.828 0.0000000000
7848  -23.919  -72.254  11.138 0.0000000000
7849  -26.849  -72.267  11.540 0.0000000000
7850  -27.212  -71.925  11.960 0.0000000000
7851  -28.013  -71.131  12.216 0.0000000000
7855  -16.995  -72.073  10.082 0.0000000000
7856  -17.529  -72.084  9.938 0.0000000000
7857  -20.136  -71.561  10.453 0.0000000000
7858  -20.367  -71.565  9.703 0.0000000000
7859  -23.919  -71.472  11.107 0.0000000000
7860  -24.243  -71.940  10.483 0.0000000000
7861  -26.843  -72.233  11.114 0.0000000000
7862  -27.537  -71.587  10.800 0.0000000000
7863  -28.407  -71.522  10.101 0.0000000000
7864  -29.557  -71.276  9.780 0.0000000000
7865  -30.627  -71.273  9.663 0.0000000000
7870  -16.927  -71.823  9.556 0.0000000000
7871  -17.947  -71.689  9.362 0.0000000000
7872  -18.828  -71.733  9.010 0.0000000000
7873  -19.628  -71.774  8.979 0.0000000000
7874  -20.296  -71.541  8.986 0.0000000000
7875  -24.697  -72.078  9.544 0.0000000000
7876  -25.157  -72.526  8.923 0.0000000000
7877  -29.149  -72.143  9.623 0.0000000000
7878  -30.033  -72.008  9.361 0.0000000000
7879  -30.839  -71.808  9.015 0.0000000000
7884  -16.994  -71.544  8.542 0.0000000000
7885  -18.115  -71.145  8.342 0.0000000000
7886  -19.128  -71.277  8.454 0.0000000000
7887  -19.885  -71.262  8.551 0.0000000000
7888  -20.193  -71.200  8.641 0.0000000000
7889  -25.110  -71.543  8.796 0.0000000000
7890  -25.500  -71.878  8.277 0.0000000000
7891  -31.028  -71.660  8.436 0.0000000000
7896  -16.850  -71.792  7.792 0.0000000000
7897  -17.402  -71.440  7.438 0.0000000000
7898  -25.981  -71.732  7.344 0.0000000000
7899  -26.439  -72.395  7.075 0.0000000000
7900  -30.051  -71.300  7.468 0.0000000000
7901  -30.859  -71.419  7.934 0.0000000000
7910  -17.773  -71.474  6.585 0.0000000000
7911  -18.046  -71.127  6.548 0.0000000000
7912  -24.007  -70.786  5.528 0.0000000000
7913  -24.763  -70.923  5.674 0.0000000000
7914  -25.631  -71.311  6.184 0.0000000000
7915  -26.329  -72.103  6.546 0.0000000000
7916  -29.213  -71.765  6.434 0.0000000000
7917  -29.922  -71.927  6.824 0.0000000000
7918  -30.442  -71.983  7.231 0.0000000000
7926  -17.854  -71.774  6.227 0.0000000000
7927  -18.208  -71.363  6.045 0.0000000000
7928  -18.966  -71.266  5.512 0.0000000000
7929  -19.895  -71.200  5.249 0.0000000000
7930  -20.912  -71.197  5.150 0.0000000000
7931  -21.998  -71.209  5.311 0.0000000000
7932  -23.222  -71.203  5.442 0.0000000000
7933  -24.357  -71.556  5.420 0.0000000000
7934  -27.961  -71.360  5.469 0.0000000000
7935  -28.619  -71.748  5.838 0.0000000000
7943  -25.995  -70.982  3.998 0.0000000000
7944  -26.482  -71.256  4.178 0.0000000000
7945  -27.443  -71.384  4.864 0.0000000000
7950  -25.056  -71.038  3.296 0.0000000000
7951  -25.596  -71.147  3.637 0.0000000000
7952  -26.456  -72.200  3.612 0.0000000000
7956  -20.231  -71.901  1.808 0.0000000000
7957  -20.888  -71.558  2.026 0.0000000000
7958  -22.024  -71.573  2.332 0.0000000000
7959  -23.285  -71.718  2.539 0.0000000000
7960  -24.683  -71.428  2.985 0.0000000000
7961  -25.774  -72.212  3.288 0.0000000000
7962  -26.221  -72.497  3.346 0.0000000000
7966  -19.344  -72.064  1.103 0.0000000000
7967  -20.085  -71.352  1.220 0.0000000000
7968  -20.942  -70.782  1.446 0.0000000000
7976  -18.642  -72.201  0.133 0.0000000000
7977  -19.298  -71.666  0.333 0.0000000000
7978  -20.156  -70.958  0.122 0.0000000000
7997  -18.919  -71.915  -0.368 0.0000000000
7998  -19.611  -71.647  -0.712 0.0000000000
8559  -19.020  -70.215  19.120 0.0000000000
8574  -18.522  -70.055  18.142 0.0000000000
8575  -28.415  -71.041  18.770 0.0000000000
8588  -18.258  -70.403  17.395 0.0000000000
8589  -27.623  -71.356  17.585 0.0000000000
8590  -27.901  -71.194  18.068 0.0000000000
8600  -17.776  -71.040  16.115 0.0000000000
8601  -17.973  -70.759  16.520 0.0000000000
8602  -27.478  -71.404  17.145 0.0000000000
8603  -27.737  -70.899  17.101 0.0000000000
8613  -17.657  -71.156  15.738 0.0000000000
8614  -17.835  -70.696  15.900 0.0000000000
8615  -21.839  -70.439  15.284 0.0000000000
8616  -22.008  -70.394  15.396 0.0000000000
8617  -22.391  -70.327  15.443 0.0000000000
8618  -27.501  -71.089  16.268 0.0000000000
8619  -27.876  -70.451  16.325 0.0000000000
8629  -17.526  -71.295  15.050 0.0000000000
8630  -21.767  -70.598  15.102 0.0000000000
8631  -22.220  -70.910  15.313 0.0000000000
8632  -22.954  -70.725  15.305 0.0000000000
8633  -27.404  -70.916  15.101 0.0000000000
8645  -17.611  -71.128  14.159 0.0000000000
8646  -17.927  -70.882  13.320 0.0000000000
8647  -21.593  -70.330  14.503 0.0000000000
8648  -21.709  -70.304  13.830 0.0000000000
8649  -23.645  -70.738  14.623 0.0000000000
8650  -24.228  -70.555  13.810 0.0000000000
8651  -26.586  -71.064  13.169 0.0000000000
8652  -27.258  -70.611  13.749 0.0000000000
8653  -28.911  -71.357  13.487 0.0000000000
8654  -29.569  -71.054  14.059 0.0000000000
8660  -18.392  -70.591  12.499 0.0000000000
8661  -22.380  -70.414  12.810 0.0000000000
8662  -23.149  -70.874  12.158 0.0000000000
8663  -24.830  -70.258  12.889 0.0000000000
8664  -25.775  -70.200  12.331 0.0000000000
8665  -26.730  -70.176  12.532 0.0000000000
8666  -27.354  -69.899  13.031 0.0000000000
8667  -28.905  -70.605  12.797 0.0000000000
8668  -29.570  -70.354  13.385 0.0000000000
8672  -18.927  -70.342  11.650 0.0000000000
8673  -19.592  -70.515  10.888 0.0000000000
8674  -23.067  -70.158  11.942 0.0000000000
8675  -23.600  -70.629  11.400 0.0000000000
8676  -26.053  -69.783  11.986 0.0000000000
8677  -26.261  -69.930  12.133 0.0000000000
8678  -27.782  -71.101  11.402 0.0000000000
8679  -28.296  -70.564  11.743 0.0000000000
8680  -30.763  -69.679  10.568 0.0000000000
8687  -19.980  -70.550  10.353 0.0000000000
8688  -20.283  -70.739  9.939 0.0000000000
8689  -24.093  -70.794  10.610 0.0000000000
8690  -24.462  -70.960  9.851 0.0000000000
8691  -27.794  -71.076  10.979 0.0000000000
8692  -28.189  -70.713  10.890 0.0000000000
8693  -29.032  -70.442  10.295 0.0000000000
8694  -30.159  -70.460  10.138 0.0000000000
8701  -20.453  -70.695  9.248 0.0000000000
8702  -24.797  -70.910  9.112 0.0000000000
8710  -18.280  -70.940  7.820 0.0000000000
8711  -18.720  -70.894  7.892 0.0000000000
8712  -19.484  -70.831  8.024 0.0000000000
8713  -20.241  -70.699  8.362 0.0000000000
8714  -25.056  -70.708  8.417 0.0000000000
8715  -25.281  -71.208  8.358 0.0000000000
8727  -17.975  -70.994  7.626 0.0000000000
8728  -18.358  -70.798  7.393 0.0000000000
8729  -18.994  -70.473  7.322 0.0000000000
8730  -19.731  -70.331  7.622 0.0000000000
8731  -25.103  -70.477  8.082 0.0000000000
8732  -25.345  -70.783  7.862 0.0000000000
8733  -28.685  -70.315  7.115 0.0000000000
8734  -29.223  -70.462  7.403 0.0000000000
8744  -17.926  -71.025  7.022 0.0000000000
8745  -18.408  -70.749  6.653 0.0000000000
8746  -19.067  -70.270  6.478 0.0000000000
8747  -24.196  -70.261  5.748 0.0000000000
8748  -24.817  -70.263  6.187 0.0000000000
8749  -25.404  -70.442  6.972 0.0000000000
8750  -27.799  -70.259  6.157 0.0000000000
8751  -28.377  -70.595  6.560 0.0000000000
8752  -29.322  -71.284  6.995 0.0000000000
8758  -18.706  -70.695  5.969 0.0000000000
8759  -19.452  -70.344  5.680 0.0000000000
8760  -20.414  -70.282  5.318 0.0000000000
8761  -21.443  -70.245  5.237 0.0000000000
8762  -22.514  -70.219  5.375 0.0000000000
8763  -23.475  -70.073  5.561 0.0000000000
8764  -26.942  -70.054  5.237 0.0000000000
8765  -27.448  -70.376  5.584 0.0000000000
8766  -28.071  -71.044  5.874 0.0000000000
8771  -25.930  -70.546  4.150 0.0000000000
8772  -26.672  -70.285  4.833 0.0000000000
8773  -27.189  -70.685  5.079 0.0000000000
8777  -24.878  -70.571  3.362 0.0000000000
8778  -25.267  -70.075  3.780 0.0000000000
8782  -21.634  -70.705  1.872 0.0000000000
8783  -22.542  -70.495  2.207 0.0000000000
8784  -23.557  -70.430  2.651 0.0000000000
8785  -24.246  -70.263  3.066 0.0000000000
8792  -20.790  -70.577  0.760 0.0000000000
8793  -21.560  -70.104  1.159 0.0000000000
8794  -22.072  -70.089  1.702 0.0000000000
8808  -20.819  -70.593  0.163 0.0000000000
8809  -21.498  -70.200  0.338 0.0000000000
8810  -21.956  -70.042  0.087 0.0000000000
8829  -20.634  -70.793  -0.167 0.0000000000
9342  -20.499  -69.204  22.752 0.0000000000
9370  -19.162  -69.382  18.954 0.0000000000
9371  -19.734  -69.122  19.395 0.0000000000
9386  -18.885  -69.225  18.371 0.0000000000
9387  -19.229  -69.023  18.831 0.0000000000
9388  -28.525  -70.472  18.706 0.0000000000
9401  -18.489  -69.471  17.472 0.0000000000
9402  -28.373  -70.383  18.109 0.0000000000
9403  -28.696  -69.821  18.261 0.0000000000
9414  -18.234  -69.858  16.712 0.0000000000
9415  -28.217  -70.041  16.960 0.0000000000
9416  -28.587  -69.653  17.484 0.0000000000
9428  -17.747  -70.687  15.437 0.0000000000
9429  -18.049  -69.913  15.677 0.0000000000
9430  -21.856  -70.216  15.262 0.0000000000
9431  -22.107  -69.720  15.348 0.0000000000
9432  -22.800  -69.687  15.332 0.0000000000
9433  -27.744  -70.452  15.611 0.0000000000
9434  -28.127  -69.835  15.679 0.0000000000
9446  -17.750  -70.466  14.803 0.0000000000
9447  -17.989  -69.584  14.464 0.0000000000
9448  -21.732  -69.651  14.919 0.0000000000
9449  -21.974  -68.921  15.069 0.0000000000
9450  -23.481  -69.705  14.888 0.0000000000
9451  -23.906  -69.256  14.309 0.0000000000
9452  -27.765  -70.048  14.727 0.0000000000
9453  -28.257  -69.214  14.690 0.0000000000
9467  -17.796  -70.333  14.002 0.0000000000
9468  -18.092  -69.743  13.329 0.0000000000
9469  -21.684  -69.332  14.124 0.0000000000
9470  -21.968  -69.294  13.303 0.0000000000
9471  -23.952  -69.930  14.313 0.0000000000
9472  -24.335  -69.364  13.539 0.0000000000
9473  -27.833  -69.382  13.595 0.0000000000
9474  -28.281  -68.838  14.004 0.0000000000
9475  -29.992  -70.190  13.725 0.0000000000
9485  -18.504  -69.496  12.328 0.0000000000
9486  -22.319  -68.989  12.579 0.0000000000
9487  -24.748  -69.368  12.754 0.0000000000
9488  -25.187  -69.508  12.360 0.0000000000
9489  -26.904  -69.562  12.195 0.0000000000
9490  -27.364  -69.288  12.464 0.0000000000
9491  -29.180  -69.819  12.340 0.0000000000
9492  -29.792  -69.550  12.889 0.0000000000
9493  -30.295  -69.246  13.189 0.0000000000
9499  -18.804  -69.428  11.734 0.0000000000
9500  -19.191  -69.560  11.161 0.0000000000
9501  -22.819  -69.344  11.968 0.0000000000
9502  -23.393  -69.574  11.338 0.0000000000
9503  -25.763  -69.401  11.944 0.0000000000
9504  -26.467  -69.436  11.947 0.0000000000
9505  -26.987  -69.268  12.002 0.0000000000
9506  -28.762  -69.985  11.842 0.0000000000
9507  -29.442  -69.333  11.765 0.0000000000
9508  -30.267  -68.945  11.230 0.0000000000
9515  -19.751  -69.720  10.382 0.0000000000
9516  -20.084  -70.199  10.110 0.0000000000
9517  -23.843  -69.860  10.698 0.0000000000
9518  -24.237  -70.020  10.030 0.0000000000
9519  -28.502  -70.259  11.349 0.0000000000
9520  -28.808  -69.902  11.051 0.0000000000
9521  -29.675  -69.643  10.710 0.0000000000
9529  -19.929  -69.502  10.055 0.0000000000
9530  -20.191  -69.775  9.729 0.0000000000
9531  -24.493  -70.092  9.282 0.0000000000
9541  -20.498  -69.658  8.729 0.0000000000
9542  -24.725  -70.192  8.661 0.0000000000
9555  -19.509  -70.027  7.047 0.0000000000
9556  -20.192  -69.541  7.467 0.0000000000
9557  -24.909  -69.996  7.945 0.0000000000
9558  -25.154  -70.113  7.361 0.0000000000
9559  -28.572  -69.792  7.270 0.0000000000
9569  -19.705  -69.727  6.405 0.0000000000
9570  -20.390  -69.098  6.305 0.0000000000
9571  -23.324  -69.010  5.814 0.0000000000
9572  -23.850  -69.382  5.958 0.0000000000
9573  -24.785  -69.562  6.969 0.0000000000
9574  -25.152  -69.996  7.089 0.0000000000
9575  -27.651  -69.760  6.311 0.0000000000
9576  -27.969  -69.366  6.893 0.0000000000
9582  -20.111  -69.676  5.756 0.0000000000
9583  -20.942  -69.314  5.539 0.0000000000
9584  -21.984  -69.386  5.415 0.0000000000
9585  -23.005  -69.259  5.597 0.0000000000
9586  -23.448  -69.547  5.676 0.0000000000
9587  -26.702  -69.497  5.319 0.0000000000
9588  -27.050  -69.251  5.977 0.0000000000
9591  -25.701  -69.488  4.299 0.0000000000
9592  -26.178  -69.277  4.825 0.0000000000
9595  -24.552  -69.489  3.322 0.0000000000
9596  -25.096  -69.198  3.768 0.0000000000
9599  -22.452  -69.847  1.859 0.0000000000
9600  -23.011  -69.442  2.092 0.0000000000
9601  -23.816  -69.461  2.733 0.0000000000
9614  -21.910  -69.764  0.927 0.0000000000
9615  -22.365  -69.596  1.277 0.0000000000
9616  -23.083  -69.081  1.340 0.0000000000
9634  -21.751  -69.910  0.739 0.0000000000
9635  -22.159  -69.797  0.488 0.0000000000
9636  -23.062  -69.337  0.598 0.0000000000
10223  -18.916  -68.574  23.195 0.0000000000
10224  -19.686  -69.021  22.847 0.0000000000
10231  -18.973  -68.040  22.617 0.0000000000
10232  -19.730  -68.316  22.319 0.0000000000
10233  -20.980  -68.615  22.244 0.0000000000
10234  -22.140  -68.661  22.315 0.0000000000
10243  -19.890  -67.914  21.931 0.0000000000
10244  -20.391  -67.963  21.837 0.0000000000
10245  -21.487  -68.012  21.804 0.0000000000
10246  -22.600  -68.057  21.875 0.0000000000
10260  -19.942  -68.407  19.051 0.0000000000
10261  -20.716  -68.324  19.357 0.0000000000
10262  -22.018  -68.481  19.594 0.0000000000
10263  -23.230  -68.526  19.638 0.0000000000
10275  -19.012  -68.755  18.177 0.0000000000
10276  -19.387  -68.473  18.482 0.0000000000
10277  -20.169  -67.854  18.765 0.0000000000
10278  -28.988  -69.490  19.568 0.0000000000
10288  -18.869  -68.600  17.679 0.0000000000
10289  -19.332  -67.903  17.732 0.0000000000
10290  -29.056  -69.088  18.558 0.0000000000
10300  -18.453  -68.795  16.503 0.0000000000
10301  -28.661  -69.320  16.858 0.0000000000
10302  -29.039  -68.804  17.192 0.0000000000
10312  -18.397  -68.557  15.070 0.0000000000
10313  -22.474  -68.687  15.204 0.0000000000
10314  -23.158  -68.762  15.004 0.0000000000
10315  -28.692  -68.802  15.848 0.0000000000
10316  -29.076  -68.206  16.308 0.0000000000
10327  -18.293  -68.724  13.873 0.0000000000
10328  -21.701  -68.236  14.584 0.0000000000
10329  -21.993  -68.214  15.167 0.0000000000
10330  -23.626  -68.685  14.544 0.0000000000
10331  -24.024  -68.534  13.999 0.0000000000
10332  -28.575  -68.327  14.424 0.0000000000
10342  -18.398  -68.796  12.965 0.0000000000
10343  -21.811  -68.071  13.440 0.0000000000
10344  -22.055  -68.577  12.971 0.0000000000
10345  -24.329  -68.338  13.416 0.0000000000
10346  -27.873  -68.727  12.871 0.0000000000
10347  -28.276  -68.374  13.421 0.0000000000
10362  -18.699  -68.630  12.310 0.0000000000
10363  -18.954  -68.258  12.017 0.0000000000
10364  -21.759  -67.541  12.814 0.0000000000
10365  -22.182  -67.964  12.578 0.0000000000
10366  -24.662  -68.600  12.704 0.0000000000
10367  -24.912  -69.040  12.449 0.0000000000
10368  -27.662  -68.350  12.321 0.0000000000
10369  -28.068  -68.163  12.723 0.0000000000
10370  -29.993  -69.010  12.509 0.0000000000
10371  -30.471  -68.773  12.825 0.0000000000
10384  -18.691  -69.058  11.985 0.0000000000
10385  -18.942  -68.754  11.633 0.0000000000
10386  -22.681  -68.306  11.909 0.0000000000
10387  -23.229  -68.610  11.292 0.0000000000
10388  -24.861  -68.431  12.335 0.0000000000
10389  -25.163  -68.660  12.081 0.0000000000
10390  -26.044  -68.571  11.618 0.0000000000
10391  -27.019  -68.600  11.784 0.0000000000
10392  -29.775  -69.117  12.304 0.0000000000
10393  -30.028  -68.767  12.062 0.0000000000
10394  -30.832  -68.433  11.860 0.0000000000
10405  -19.406  -68.676  10.780 0.0000000000
10406  -19.879  -68.238  10.201 0.0000000000
10407  -23.698  -68.936  10.663 0.0000000000
10408  -24.068  -69.291  10.188 0.0000000000
10417  -19.822  -69.061  10.042 0.0000000000
10418  -20.342  -68.563  9.401 0.0000000000
10419  -23.962  -68.550  9.916 0.0000000000
10420  -24.262  -69.252  9.507 0.0000000000
10430  -20.728  -68.496  8.207 0.0000000000
10431  -21.086  -67.887  7.682 0.0000000000
10432  -24.086  -68.426  9.039 0.0000000000
10433  -24.447  -69.322  8.574 0.0000000000
10443  -20.754  -68.483  7.092 0.0000000000
10444  -21.465  -67.785  6.911 0.0000000000
10445  -24.101  -68.372  8.057 0.0000000000
10446  -24.455  -69.115  7.592 0.0000000000
10457  -21.107  -68.449  6.156 0.0000000000
10458  -21.999  -68.055  6.071 0.0000000000
10459  -23.076  -68.489  6.015 0.0000000000
10460  -23.991  -68.599  6.962 0.0000000000
10461  -24.413  -69.061  7.150 0.0000000000
10462  -26.852  -67.987  6.139 0.0000000000
10463  -27.420  -68.628  6.622 0.0000000000
10464  -27.826  -68.835  7.009 0.0000000000
10469  -21.655  -68.722  5.675 0.0000000000
10470  -22.423  -68.736  5.670 0.0000000000
10471  -22.839  -68.801  5.722 0.0000000000
10472  -26.584  -68.453  5.628 0.0000000000
10473  -26.926  -68.589  6.123 0.0000000000
10478  -25.744  -68.413  4.489 0.0000000000
10479  -26.223  -68.673  5.069 0.0000000000
10488  -24.795  -68.402  3.375 0.0000000000
10489  -25.297  -68.604  3.959 0.0000000000
10505  -23.664  -68.795  2.263 0.0000000000
10506  -24.199  -68.632  2.741 0.0000000000
10526  -23.511  -68.778  1.707 0.0000000000
10527  -24.244  -68.210  1.818 0.0000000000
10546  -23.722  -68.724  1.088 0.0000000000
11152  -18.313  -67.683  23.699 0.0000000000
11161  -18.549  -67.423  22.879 0.0000000000
11162  -19.090  -67.654  22.325 0.0000000000
11168  -18.856  -67.003  22.218 0.0000000000
11169  -19.640  -67.389  21.751 0.0000000000
11170  -20.784  -67.294  21.307 0.0000000000
11171  -22.015  -67.340  21.428 0.0000000000
11172  -23.068  -67.479  21.516 0.0000000000
11173  -23.922  -67.537  21.317 0.0000000000
11179  -21.426  -66.885  21.052 0.0000000000
11180  -22.051  -66.767  21.077 0.0000000000
11181  -24.308  -67.291  20.815 0.0000000000
11182  -24.545  -67.483  20.382 0.0000000000
11186  -20.746  -67.645  18.937 0.0000000000
11187  -21.502  -67.613  19.122 0.0000000000
11188  -22.731  -67.751  19.211 0.0000000000
11189  -23.893  -67.864  19.242 0.0000000000
11190  -24.664  -67.449  19.535 0.0000000000
11191  -29.246  -67.995  20.330 0.0000000000
11199  -19.825  -67.612  18.170 0.0000000000
11200  -20.797  -66.997  18.295 0.0000000000
11201  -22.172  -66.988  18.666 0.0000000000
11202  -23.398  -67.184  18.671 0.0000000000
11203  -24.466  -67.251  18.667 0.0000000000
11204  -25.059  -66.957  18.671 0.0000000000
11205  -29.334  -68.206  19.219 0.0000000000
11215  -19.050  -67.814  16.920 0.0000000000
11216  -19.867  -67.203  17.333 0.0000000000
11217  -20.616  -66.720  17.245 0.0000000000
11218  -29.427  -67.719  17.798 0.0000000000
11226  -18.901  -67.765  15.837 0.0000000000
11227  -19.659  -67.181  16.248 0.0000000000
11228  -20.371  -66.784  16.531 0.0000000000
11229  -29.316  -67.647  16.625 0.0000000000
11238  -18.966  -67.666  14.928 0.0000000000
11239  -19.613  -67.226  15.252 0.0000000000
11240  -20.574  -66.863  15.613 0.0000000000
11241  -21.522  -67.017  15.461 0.0000000000
11242  -22.282  -67.533  15.378 0.0000000000
11243  -23.002  -67.815  15.161 0.0000000000
11244  -28.864  -67.895  15.030 0.0000000000
11245  -29.127  -67.603  15.658 0.0000000000
11255  -18.773  -67.891  14.144 0.0000000000
11256  -19.507  -67.363  14.313 0.0000000000
11257  -20.336  -67.072  14.582 0.0000000000
11258  -21.181  -67.266  14.868 0.0000000000
11259  -21.738  -67.632  15.122 0.0000000000
11260  -23.461  -67.839  14.732 0.0000000000
11261  -23.816  -67.871  14.311 0.0000000000
11262  -28.813  -67.472  14.400 0.0000000000
11263  -29.018  -67.297  14.909 0.0000000000
11273  -18.696  -68.138  13.280 0.0000000000
11274  -19.307  -67.532  13.385 0.0000000000
11275  -20.145  -67.130  13.568 0.0000000000
11276  -21.053  -67.355  13.960 0.0000000000
11277  -24.216  -67.616  13.855 0.0000000000
11278  -28.615  -67.660  13.747 0.0000000000
11291  -18.684  -68.341  12.775 0.0000000000
11292  -19.013  -67.908  12.541 0.0000000000
11293  -19.847  -67.219  12.438 0.0000000000
11294  -21.090  -66.990  12.763 0.0000000000
11295  -21.852  -67.272  12.405 0.0000000000
11296  -24.520  -67.547  12.961 0.0000000000
11297  -24.873  -67.186  12.254 0.0000000000
11298  -27.960  -67.851  12.389 0.0000000000
11299  -28.348  -67.405  12.807 0.0000000000
11312  -19.327  -67.879  11.622 0.0000000000
11313  -20.046  -67.234  11.340 0.0000000000
11314  -21.606  -66.893  12.004 0.0000000000
11315  -22.330  -67.275  11.668 0.0000000000
11316  -23.002  -67.786  11.254 0.0000000000
11317  -24.825  -68.000  12.265 0.0000000000
11318  -25.439  -67.533  11.655 0.0000000000
11319  -26.558  -67.502  11.418 0.0000000000
11320  -27.646  -67.422  11.874 0.0000000000
11321  -28.190  -66.690  12.184 0.0000000000
11333  -19.721  -67.780  10.777 0.0000000000
11334  -20.515  -67.338  10.190 0.0000000000
11335  -21.205  -67.074  9.478 0.0000000000
11336  -22.830  -67.167  10.687 0.0000000000
11337  -23.482  -67.885  10.459 0.0000000000
11347  -20.980  -67.615  8.912 0.0000000000
11348  -21.472  -67.116  8.908 0.0000000000
11349  -23.076  -67.003  9.559 0.0000000000
11350  -23.721  -67.815  9.535 0.0000000000
11360  -21.074  -67.753  8.203 0.0000000000
11361  -21.710  -67.225  8.066 0.0000000000
11362  -22.872  -67.059  8.329 0.0000000000
11363  -23.630  -67.614  8.680 0.0000000000
11371  -22.029  -67.407  7.061 0.0000000000
11372  -22.661  -67.352  7.380 0.0000000000
11373  -23.478  -67.692  7.667 0.0000000000
11379  -21.978  -67.658  6.605 0.0000000000
11380  -22.502  -67.727  6.606 0.0000000000
11381  -23.219  -67.834  6.839 0.0000000000
11395  -25.789  -67.660  4.330 0.0000000000
11396  -26.155  -67.737  4.932 0.0000000000
11409  -24.957  -67.750  3.134 0.0000000000
11410  -25.419  -67.668  3.684 0.0000000000
11428  -24.651  -67.894  2.651 0.0000000000
11429  -25.287  -67.488  2.771 0.0000000000
11445  -24.962  -67.662  2.122 0.0000000000
12072  -18.135  -66.538  23.703 0.0000000000
12088  -18.462  -66.244  22.673 0.0000000000
12101  -18.958  -66.184  21.625 0.0000000000
12102  -19.926  -66.435  20.974 0.0000000000
12103  -20.819  -66.627  20.879 0.0000000000
12104  -22.652  -66.980  21.224 0.0000000000
12105  -23.386  -66.962  21.128 0.0000000000
12106  -24.027  -66.983  20.899 0.0000000000
12115  -20.589  -66.072  20.591 0.0000000000
12116  -21.523  -66.308  20.709 0.0000000000
12117  -22.676  -66.441  20.806 0.0000000000
12118  -23.665  -66.517  20.653 0.0000000000
12119  -24.431  -66.674  20.320 0.0000000000
12120  -24.928  -66.942  19.848 0.0000000000
12121  -29.435  -66.849  20.667 0.0000000000
12127  -24.837  -66.420  19.664 0.0000000000
12128  -25.098  -66.600  19.128 0.0000000000
12129  -29.447  -67.010  19.571 0.0000000000
12138  -21.854  -66.533  17.996 0.0000000000
12139  -22.850  -66.565  18.050 0.0000000000
12140  -23.958  -66.757  18.008 0.0000000000
12141  -24.848  -66.725  18.045 0.0000000000
12142  -25.297  -66.327  18.111 0.0000000000
12143  -25.433  -65.976  17.718 0.0000000000
12144  -29.509  -66.921  18.554 0.0000000000
12154  -21.341  -66.489  17.347 0.0000000000
12155  -22.301  -66.309  17.288 0.0000000000
12156  -23.370  -66.368  17.272 0.0000000000
12157  -24.409  -66.481  17.309 0.0000000000
12158  -25.109  -66.347  17.413 0.0000000000
12159  -25.351  -66.044  17.368 0.0000000000
12160  -29.538  -66.605  17.716 0.0000000000
12169  -20.991  -66.540  16.631 0.0000000000
12170  -21.766  -66.420  16.566 0.0000000000
12171  -22.740  -66.376  16.450 0.0000000000
12172  -23.842  -66.365  16.474 0.0000000000
12173  -24.817  -66.240  16.660 0.0000000000
12174  -25.236  -66.130  16.988 0.0000000000
12175  -29.498  -66.721  16.905 0.0000000000
12185  -20.784  -66.661  16.181 0.0000000000
12186  -21.271  -66.645  16.031 0.0000000000
12187  -22.098  -66.745  15.898 0.0000000000
12188  -23.220  -66.817  15.583 0.0000000000
12189  -24.317  -66.318  15.803 0.0000000000
12190  -29.382  -66.851  16.041 0.0000000000
12200  -23.457  -67.263  15.051 0.0000000000
12201  -24.085  -66.828  14.748 0.0000000000
12202  -28.961  -66.991  14.533 0.0000000000
12203  -29.215  -66.534  15.021 0.0000000000
12213  -24.520  -66.630  13.695 0.0000000000
12214  -28.805  -66.677  13.854 0.0000000000
12215  -29.094  -65.772  14.287 0.0000000000
12229  -20.507  -66.903  11.904 0.0000000000
12230  -21.072  -66.765  11.823 0.0000000000
12231  -24.744  -66.478  12.734 0.0000000000
12232  -25.192  -66.392  11.927 0.0000000000
12233  -28.544  -66.238  12.744 0.0000000000
12246  -20.728  -66.853  11.179 0.0000000000
12247  -21.517  -66.717  11.211 0.0000000000
12248  -22.196  -66.784  10.824 0.0000000000
12249  -26.019  -66.263  11.245 0.0000000000
12250  -27.134  -66.436  11.250 0.0000000000
12251  -27.876  -66.297  11.693 0.0000000000
12252  -28.305  -66.022  12.092 0.0000000000
12268  -21.006  -66.756  10.654 0.0000000000
12269  -21.558  -66.734  10.162 0.0000000000
12270  -22.420  -66.773  10.181 0.0000000000
12287  -21.722  -66.838  9.302 0.0000000000
12288  -22.220  -66.729  9.620 0.0000000000
12298  -21.764  -66.935  8.785 0.0000000000
12299  -22.234  -66.792  8.911 0.0000000000
13039  -18.225  -65.260  23.390 0.0000000000
13058  -18.449  -64.986  22.257 0.0000000000
13077  -18.885  -65.081  21.057 0.0000000000
13078  -19.341  -65.782  20.944 0.0000000000
13079  -29.744  -66.063  21.354 0.0000000000
13080  -30.142  -65.177  21.740 0.0000000000
13094  -19.188  -64.721  20.544 0.0000000000
13095  -19.808  -65.292  20.286 0.0000000000
13096  -21.028  -65.658  20.176 0.0000000000
13097  -22.145  -65.773  20.310 0.0000000000
13098  -23.255  -65.936  20.301 0.0000000000
13099  -23.928  -66.199  20.242 0.0000000000
13100  -29.760  -65.929  20.484 0.0000000000
13101  -30.168  -65.324  20.763 0.0000000000
13114  -20.134  -64.777  19.817 0.0000000000
13115  -20.641  -65.019  19.735 0.0000000000
13116  -21.622  -65.216  19.738 0.0000000000
13117  -22.740  -65.381  19.755 0.0000000000
13118  -24.140  -65.720  19.576 0.0000000000
13119  -24.890  -66.102  19.307 0.0000000000
13120  -29.633  -66.121  19.794 0.0000000000
13121  -30.021  -65.409  19.905 0.0000000000
13131  -24.356  -65.474  18.969 0.0000000000
13132  -24.888  -65.708  18.660 0.0000000000
13133  -25.341  -65.820  17.960 0.0000000000
13134  -29.576  -66.137  18.985 0.0000000000
13135  -29.796  -65.547  19.269 0.0000000000
13146  -25.010  -65.450  17.864 0.0000000000
13147  -25.246  -65.589  17.368 0.0000000000
13148  -29.579  -65.956  18.172 0.0000000000
13157  -24.850  -66.045  16.145 0.0000000000
13158  -25.154  -65.685  16.503 0.0000000000
13159  -29.545  -65.786  17.272 0.0000000000
13167  -24.763  -65.935  15.535 0.0000000000
13168  -25.074  -65.238  15.404 0.0000000000
13169  -29.471  -65.774  16.117 0.0000000000
13176  -24.742  -65.721  14.491 0.0000000000
13177  -24.934  -64.893  14.643 0.0000000000
13178  -29.300  -65.283  15.016 0.0000000000
13186  -24.716  -65.589  13.338 0.0000000000
13187  -28.900  -65.368  13.420 0.0000000000
13188  -29.174  -65.000  14.221 0.0000000000
13204  -24.960  -65.551  12.430 0.0000000000
13205  -25.485  -65.358  11.746 0.0000000000
13206  -28.519  -65.239  12.353 0.0000000000
13220  -26.122  -65.153  11.375 0.0000000000
13221  -26.829  -65.396  11.184 0.0000000000
13222  -27.622  -65.535  11.435 0.0000000000
13223  -28.142  -65.599  11.791 0.0000000000
14064  -18.360  -63.898  22.356 0.0000000000
14080  -18.524  -64.100  21.553 0.0000000000
14081  -30.207  -64.138  21.905 0.0000000000
14096  -18.869  -64.147  20.762 0.0000000000
14097  -19.379  -64.267  20.209 0.0000000000
14098  -30.404  -64.440  20.944 0.0000000000
14113  -19.844  -64.449  19.849 0.0000000000
14114  -20.336  -64.321  19.447 0.0000000000
14115  -21.143  -64.616  19.288 0.0000000000
14116  -22.100  -64.773  19.228 0.0000000000
14117  -23.070  -65.075  19.128 0.0000000000
14118  -30.387  -64.766  20.134 0.0000000000
14132  -20.789  -64.070  18.985 0.0000000000
14133  -21.483  -64.152  18.751 0.0000000000
14134  -22.512  -64.378  18.511 0.0000000000
14135  -23.819  -65.038  18.550 0.0000000000
14136  -24.490  -65.124  17.984 0.0000000000
14137  -29.726  -65.443  18.675 0.0000000000
14138  -30.200  -64.707  19.098 0.0000000000
14150  -23.057  -64.285  17.924 0.0000000000
14151  -23.801  -64.435  17.546 0.0000000000
14152  -24.726  -64.857  17.285 0.0000000000
14153  -25.130  -65.028  16.742 0.0000000000
14154  -29.705  -64.963  17.959 0.0000000000
14155  -30.094  -64.110  18.195 0.0000000000
14168  -24.077  -64.221  16.900 0.0000000000
14169  -24.587  -64.329  16.426 0.0000000000
14170  -25.092  -64.779  16.011 0.0000000000
14171  -29.592  -64.789  16.875 0.0000000000
14179  -24.657  -64.133  15.748 0.0000000000
14180  -24.843  -64.328  15.132 0.0000000000
14181  -29.468  -64.498  15.824 0.0000000000
14188  -24.782  -65.001  13.982 0.0000000000
14189  -24.746  -64.110  14.067 0.0000000000
14190  -29.311  -64.143  14.705 0.0000000000
14201  -24.764  -64.686  13.267 0.0000000000
14202  -24.816  -63.944  13.114 0.0000000000
14203  -28.872  -64.207  12.914 0.0000000000
14204  -29.133  -64.426  13.781 0.0000000000
14222  -24.814  -65.062  12.813 0.0000000000
14223  -25.096  -64.452  12.361 0.0000000000
14224  -28.447  -64.339  12.161 0.0000000000
14243  -25.814  -64.367  11.634 0.0000000000
14244  -26.618  -64.389  11.369 0.0000000000
14245  -27.446  -64.581  11.417 0.0000000000
14246  -28.113  -64.867  11.717 0.0000000000
15093  -29.828  -62.560  22.363 0.0000000000
15112  -18.381  -63.188  21.956 0.0000000000
15113  -29.680  -62.525  22.049 0.0000000000
15114  -29.899  -63.067  22.020 0.0000000000
15130  -18.610  -63.204  21.079 0.0000000000
15131  -19.060  -63.399  20.355 0.0000000000
15132  -30.285  -63.401  20.992 0.0000000000
15147  -19.680  -63.525  19.584 0.0000000000
15148  -20.340  -63.683  19.097 0.0000000000
15149  -30.573  -63.872  19.978 0.0000000000
15159  -20.166  -63.071  18.929 0.0000000000
15160  -20.831  -63.402  18.589 0.0000000000
15161  -21.666  -63.509  18.084 0.0000000000
15162  -22.401  -63.837  17.840 0.0000000000
15163  -30.558  -63.490  18.835 0.0000000000
15176  -22.062  -63.314  17.493 0.0000000000
15177  -22.814  -63.621  17.203 0.0000000000
15178  -23.494  -63.863  16.925 0.0000000000
15179  -29.801  -64.141  17.473 0.0000000000
15180  -30.241  -63.295  17.682 0.0000000000
15192  -23.124  -63.424  16.672 0.0000000000
15193  -23.684  -63.547  16.325 0.0000000000
15194  -24.264  -63.722  15.891 0.0000000000
15195  -29.722  -63.644  16.667 0.0000000000
15196  -30.079  -62.862  16.933 0.0000000000
15208  -23.879  -63.198  15.680 0.0000000000
15209  -24.372  -63.383  15.231 0.0000000000
15210  -24.621  -63.605  14.658 0.0000000000
15211  -29.519  -63.395  15.603 0.0000000000
15221  -24.450  -63.032  14.619 0.0000000000
15222  -24.627  -63.131  14.122 0.0000000000
15223  -29.376  -63.024  14.765 0.0000000000
15234  -24.778  -63.225  13.402 0.0000000000
15235  -28.891  -63.186  12.961 0.0000000000
15236  -29.176  -63.397  13.798 0.0000000000
15248  -25.102  -63.298  12.592 0.0000000000
15249  -28.521  -63.468  12.318 0.0000000000
15259  -25.590  -63.452  11.906 0.0000000000
15260  -26.312  -63.467  11.533 0.0000000000
15261  -27.270  -63.412  11.468 0.0000000000
15262  -28.044  -63.896  11.730 0.0000000000
16090  -18.487  -62.374  21.600 0.0000000000
16091  -29.543  -62.079  22.009 0.0000000000
16092  -29.640  -62.445  21.696 0.0000000000
16110  -18.623  -62.415  20.967 0.0000000000
16111  -18.817  -62.740  20.576 0.0000000000
16112  -29.409  -62.045  21.206 0.0000000000
16113  -29.772  -62.609  21.039 0.0000000000
16128  -18.734  -62.160  20.546 0.0000000000
16129  -19.073  -62.488  19.959 0.0000000000
16130  -29.553  -62.076  20.433 0.0000000000
16131  -30.307  -62.477  19.770 0.0000000000
16143  -19.649  -62.385  19.141 0.0000000000
16144  -20.473  -62.328  18.328 0.0000000000
16145  -21.073  -62.938  18.076 0.0000000000
16146  -30.524  -62.459  18.382 0.0000000000
16161  -20.759  -61.839  17.781 0.0000000000
16162  -21.437  -62.453  17.370 0.0000000000
16163  -22.177  -63.031  17.055 0.0000000000
16164  -30.392  -62.389  17.389 0.0000000000
16177  -21.793  -61.999  16.670 0.0000000000
16178  -22.596  -62.582  16.306 0.0000000000
16179  -23.432  -62.936  15.847 0.0000000000
16180  -29.868  -62.639  16.253 0.0000000000
16181  -30.215  -62.344  16.746 0.0000000000
16195  -22.828  -61.734  15.519 0.0000000000
16196  -23.617  -62.330  15.142 0.0000000000
16197  -24.235  -62.755  14.806 0.0000000000
16198  -29.669  -62.471  15.385 0.0000000000
16209  -23.926  -61.764  14.490 0.0000000000
16210  -24.375  -62.230  14.218 0.0000000000
16211  -24.722  -62.580  13.632 0.0000000000
16212  -29.544  -62.392  14.817 0.0000000000
16223  -24.785  -61.966  13.462 0.0000000000
16224  -25.039  -62.362  12.921 0.0000000000
16225  -29.102  -62.410  13.377 0.0000000000
16226  -29.386  -62.396  14.245 0.0000000000
16235  -25.597  -62.455  12.142 0.0000000000
16236  -26.182  -62.162  11.775 0.0000000000
16237  -28.649  -62.459  12.553 0.0000000000
16249  -26.029  -62.780  11.696 0.0000000000
16250  -26.736  -62.473  11.546 0.0000000000
16251  -27.470  -62.436  11.602 0.0000000000
16252  -28.077  -62.729  11.822 0.0000000000
17074  -29.805  -61.407  22.135 0.0000000000
17091  -29.449  -61.406  21.410 0.0000000000
17107  -18.576  -61.566  21.086 0.0000000000
17108  -28.847  -61.098  19.643 0.0000000000
17109  -29.218  -61.428  20.477 0.0000000000
17123  -18.817  -61.537  20.252 0.0000000000
17124  -19.203  -61.532  19.585 0.0000000000
17125  -28.700  -61.084  19.045 0.0000000000
17126  -29.514  -61.605  19.576 0.0000000000
17127  -30.079  -61.849  19.397 0.0000000000
17135  -19.746  -61.236  18.827 0.0000000000
17136  -20.348  -61.241  18.050 0.0000000000
17137  -28.759  -60.866  18.716 0.0000000000
17138  -29.329  -61.115  18.800 0.0000000000
17139  -30.195  -61.548  18.750 0.0000000000
17148  -20.872  -61.289  17.436 0.0000000000
17149  -21.395  -61.373  16.829 0.0000000000
17150  -30.463  -61.760  17.801 0.0000000000
17163  -21.896  -61.478  16.283 0.0000000000
17164  -22.332  -61.381  15.818 0.0000000000
17165  -30.181  -62.105  16.430 0.0000000000
17166  -30.369  -61.680  16.851 0.0000000000
17180  -22.646  -61.056  15.416 0.0000000000
17181  -23.101  -61.216  15.071 0.0000000000
17182  -30.095  -61.715  15.989 0.0000000000
17183  -30.288  -61.368  16.386 0.0000000000
17193  -23.614  -61.227  14.603 0.0000000000
17194  -24.148  -61.191  14.123 0.0000000000
17195  -29.746  -61.659  14.898 0.0000000000
17207  -24.679  -61.254  13.573 0.0000000000
17208  -25.167  -61.406  12.980 0.0000000000
17209  -28.933  -61.522  12.969 0.0000000000
17210  -29.410  -61.517  13.860 0.0000000000
17220  -25.526  -61.705  12.480 0.0000000000
17221  -26.044  -61.578  12.035 0.0000000000
17222  -27.723  -61.268  11.893 0.0000000000
17223  -28.181  -61.488  12.099 0.0000000000
17233  -26.637  -61.632  11.734 0.0000000000
17234  -27.365  -61.584  11.712 0.0000000000
17235  -27.815  -62.039  11.743 0.0000000000
18109  -29.642  -60.543  21.592 0.0000000000
18124  -18.854  -60.444  20.597 0.0000000000
18125  -19.132  -59.967  20.114 0.0000000000
18129  -28.802  -60.658  20.061 0.0000000000
18130  -29.241  -60.803  20.851 0.0000000000
18151  -18.966  -60.996  19.972 0.0000000000
18152  -19.275  -60.479  19.618 0.0000000000
18153  -27.349  -60.257  18.695 0.0000000000
18154  -28.098  -60.529  19.082 0.0000000000
18162  -19.640  -60.290  18.967 0.0000000000
18163  -20.013  -60.346  18.408 0.0000000000
18164  -26.594  -60.331  17.934 0.0000000000
18165  -27.145  -60.384  18.263 0.0000000000
18166  -28.188  -60.571  18.446 0.0000000000
18167  -29.042  -60.541  18.357 0.0000000000
18168  -29.796  -60.773  18.281 0.0000000000
18175  -20.499  -60.339  17.725 0.0000000000
18176  -21.036  -60.383  17.036 0.0000000000
18177  -26.815  -60.251  17.783 0.0000000000
18178  -27.543  -60.231  17.768 0.0000000000
18179  -28.525  -60.054  17.807 0.0000000000
18180  -29.558  -60.146  17.601 0.0000000000
18181  -30.288  -60.932  17.560 0.0000000000
18188  -21.592  -60.506  16.337 0.0000000000
18189  -21.958  -60.856  15.962 0.0000000000
18190  -30.072  -60.214  16.791 0.0000000000
18191  -30.311  -60.963  16.578 0.0000000000
18203  -21.912  -60.368  15.931 0.0000000000
18204  -22.277  -60.465  15.600 0.0000000000
18205  -22.795  -60.436  15.155 0.0000000000
18206  -30.082  -60.603  15.734 0.0000000000
18207  -30.247  -61.152  16.156 0.0000000000
18213  -23.261  -60.429  14.765 0.0000000000
18214  -23.837  -60.310  14.294 0.0000000000
18215  -29.661  -60.476  14.409 0.0000000000
18226  -24.530  -60.278  13.737 0.0000000000
18227  -25.250  -60.407  13.145 0.0000000000
18228  -28.662  -60.680  12.769 0.0000000000
18229  -29.207  -60.650  13.469 0.0000000000
18241  -25.857  -60.798  12.472 0.0000000000
18242  -26.676  -60.859  11.957 0.0000000000
18243  -27.542  -60.803  12.007 0.0000000000
18244  -28.172  -60.591  12.358 0.0000000000
18255  -26.941  -61.265  11.731 0.0000000000
18256  -27.131  -61.093  11.787 0.0000000000
19157  -29.692  -59.433  21.442 0.0000000000
19180  -28.383  -59.864  19.752 0.0000000000
19181  -29.086  -59.862  20.653 0.0000000000
19203  -19.332  -59.551  19.778 0.0000000000
19207  -26.684  -60.144  18.630 0.0000000000
19208  -27.545  -59.959  19.195 0.0000000000
19220  -19.503  -59.811  19.278 0.0000000000
19221  -19.734  -59.572  18.792 0.0000000000
19223  -26.189  -59.934  17.862 0.0000000000
19224  -26.589  -60.299  18.153 0.0000000000
19232  -20.189  -59.400  18.163 0.0000000000
19233  -20.752  -59.358  17.418 0.0000000000
19234  -27.115  -59.721  17.462 0.0000000000
19235  -28.016  -59.563  17.341 0.0000000000
19236  -28.982  -59.375  17.014 0.0000000000
19237  -29.587  -59.754  16.928 0.0000000000
19245  -21.349  -59.388  16.637 0.0000000000
19246  -29.149  -59.025  16.422 0.0000000000
19247  -29.590  -59.436  16.211 0.0000000000
19263  -21.936  -59.611  15.895 0.0000000000
19264  -22.622  -59.488  15.239 0.0000000000
19265  -22.977  -59.942  14.926 0.0000000000
19266  -29.714  -59.506  15.068 0.0000000000
19280  -22.942  -58.920  14.973 0.0000000000
19281  -23.338  -59.404  14.646 0.0000000000
19282  -24.219  -59.295  14.035 0.0000000000
19283  -29.509  -59.568  14.267 0.0000000000
19294  -25.148  -59.197  13.437 0.0000000000
19295  -26.144  -59.559  12.764 0.0000000000
19296  -26.796  -59.214  12.613 0.0000000000
19297  -28.854  -59.840  13.246 0.0000000000
19298  -29.336  -59.954  13.807 0.0000000000
19312  -26.429  -60.245  12.355 0.0000000000
19313  -27.058  -59.808  12.302 0.0000000000
19314  -27.923  -59.977  12.411 0.0000000000
19315  -28.419  -60.107  12.699 0.0000000000
20256  -28.820  -58.669  20.909 0.0000000000
20274  -27.903  -59.127  19.885 0.0000000000
20275  -28.567  -59.312  20.267 0.0000000000
20300  -27.086  -59.652  19.362 0.0000000000
20311  -19.519  -59.165  19.291 0.0000000000
20312  -19.910  -58.472  18.897 0.0000000000
20313  -25.767  -58.917  18.165 0.0000000000
20314  -26.277  -58.785  17.794 0.0000000000
20321  -20.548  -58.364  17.985 0.0000000000
20322  -21.192  -58.304  17.188 0.0000000000
20323  -26.855  -58.908  17.490 0.0000000000
20324  -27.813  -58.701  17.092 0.0000000000
20325  -28.377  -59.035  16.969 0.0000000000
20335  -21.944  -58.180  16.210 0.0000000000
20336  -22.442  -57.716  15.795 0.0000000000
20337  -28.197  -58.118  16.629 0.0000000000
20338  -28.734  -58.498  16.331 0.0000000000
20339  -29.211  -58.862  16.116 0.0000000000
20360  -22.282  -58.880  15.650 0.0000000000
20361  -22.742  -58.243  15.347 0.0000000000
20362  -23.401  -57.941  14.895 0.0000000000
20363  -28.935  -58.260  15.743 0.0000000000
20364  -29.243  -58.593  15.503 0.0000000000
20381  -23.242  -58.559  14.840 0.0000000000
20382  -23.890  -58.296  14.426 0.0000000000
20383  -24.688  -58.302  13.839 0.0000000000
20384  -28.963  -58.282  14.058 0.0000000000
20385  -29.305  -58.722  14.376 0.0000000000
20400  -25.332  -58.186  13.526 0.0000000000
20401  -25.967  -58.426  13.241 0.0000000000
20402  -26.800  -58.546  12.882 0.0000000000
20403  -27.677  -58.479  12.965 0.0000000000
20404  -28.623  -58.728  13.448 0.0000000000
20405  -29.209  -59.325  13.782 0.0000000000
20421  -27.224  -59.026  12.640 0.0000000000
20422  -27.844  -59.204  12.657 0.0000000000
20423  -28.370  -59.542  12.847 0.0000000000
21452  -20.522  -57.468  18.634 0.0000000000
21453  -25.744  -57.940  18.623 0.0000000000
21454  -26.226  -57.948  18.097 0.0000000000
21466  -21.058  -57.277  17.862 0.0000000000
21467  -21.580  -57.263  17.079 0.0000000000
21468  -26.720  -57.947  17.646 0.0000000000
21469  -27.313  -57.923  17.236 0.0000000000
21482  -22.034  -57.082  16.552 0.0000000000
21483  -22.388  -57.209  16.088 0.0000000000
21484  -27.829  -57.721  16.753 0.0000000000
21485  -28.260  -57.627  16.184 0.0000000000
21503  -22.810  -57.250  15.628 0.0000000000
21504  -23.315  -57.306  15.189 0.0000000000
21505  -28.720  -57.781  15.398 0.0000000000
21506  -29.084  -58.123  14.757 0.0000000000
21518  -23.882  -57.308  14.727 0.0000000000
21519  -24.639  -57.316  14.204 0.0000000000
21520  -25.337  -57.085  13.915 0.0000000000
21521  -27.813  -57.334  13.752 0.0000000000
21522  -28.607  -57.718  14.194 0.0000000000
21523  -29.019  -58.182  14.345 0.0000000000
21534  -25.138  -57.646  13.765 0.0000000000
21535  -25.817  -57.489  13.593 0.0000000000
21536  -26.600  -57.695  13.352 0.0000000000
21537  -27.362  -57.811  13.276 0.0000000000
21538  -28.086  -57.921  13.430 0.0000000000
22497  -25.818  -56.838  19.092 0.0000000000
22510  -20.968  -56.465  18.423 0.0000000000
22511  -21.242  -55.978  18.183 0.0000000000
22512  -26.271  -56.952  18.417 0.0000000000
22513  -26.636  -57.003  17.848 0.0000000000
22527  -21.142  -56.699  17.999 0.0000000000
22528  -21.401  -56.355  17.728 0.0000000000
22529  -27.104  -57.052  17.372 0.0000000000
22530  -27.493  -57.195  16.932 0.0000000000
22546  -21.926  -56.392  16.985 0.0000000000
22547  -22.434  -56.381  16.461 0.0000000000
22548  -22.982  -56.036  16.109 0.0000000000
22549  -27.735  -56.853  16.314 0.0000000000
22550  -28.099  -57.038  15.618 0.0000000000
22567  -22.778  -56.654  15.953 0.0000000000
22568  -23.377  -56.414  15.555 0.0000000000
22569  -23.989  -56.198  15.244 0.0000000000
22570  -26.796  -55.970  15.010 0.0000000000
22571  -27.356  -56.251  15.307 0.0000000000
22572  -28.130  -56.992  14.798 0.0000000000
22585  -23.785  -56.710  15.081 0.0000000000
22586  -24.441  -56.381  14.795 0.0000000000
22587  -25.333  -56.421  14.354 0.0000000000
22588  -26.457  -56.211  14.504 0.0000000000
22589  -27.406  -56.727  14.188 0.0000000000
22590  -28.031  -57.117  14.200 0.0000000000
22603  -25.881  -56.749  13.934 0.0000000000
22604  -26.550  -56.920  13.756 0.0000000000
22605  -27.156  -57.218  13.594 0.0000000000
23560  -25.529  -55.603  19.478 0.0000000000
23577  -21.495  -55.408  18.126 0.0000000000
23578  -26.123  -55.698  18.328 0.0000000000
23579  -26.468  -56.346  17.990 0.0000000000
23594  -22.054  -55.448  17.380 0.0000000000
23595  -22.509  -54.996  17.218 0.0000000000
23596  -26.189  -55.319  17.582 0.0000000000
23597  -26.749  -55.902  17.289 0.0000000000
23598  -27.322  -56.558  16.879 0.0000000000
23613  -22.269  -55.897  16.868 0.0000000000
23614  -22.740  -55.397  16.705 0.0000000000
23615  -23.697  -55.384  15.978 0.0000000000
23616  -24.448  -55.092  15.879 0.0000000000
23617  -26.060  -55.250  15.964 0.0000000000
23618  -26.696  -55.576  16.225 0.0000000000
23619  -27.244  -56.054  16.326 0.0000000000
23637  -23.871  -55.883  15.496 0.0000000000
23638  -24.500  -55.636  15.345 0.0000000000
23639  -25.485  -55.406  15.387 0.0000000000
23640  -26.478  -55.695  15.339 0.0000000000
23641  -26.998  -55.807  15.792 0.0000000000
23653  -24.640  -55.930  14.976 0.0000000000
23654  -25.000  -55.829  14.844 0.0000000000
23655  -25.745  -55.814  14.802 0.0000000000
24643  -24.651  -53.999  19.083 0.0000000000
24644  -25.343  -54.620  18.677 0.0000000000
24657  -21.909  -54.810  17.969 0.0000000000
24658  -22.460  -54.497  17.699 0.0000000000
24659  -23.189  -54.199  17.557 0.0000000000
24660  -24.271  -53.961  17.864 0.0000000000
24661  -25.586  -54.744  17.527 0.0000000000
24662  -26.169  -55.142  17.115 0.0000000000
24681  -22.853  -54.709  17.174 0.0000000000
24682  -23.523  -54.621  16.890 0.0000000000
24683  -24.618  -54.660  16.573 0.0000000000
24684  -25.653  -54.930  16.485 0.0000000000
24685  -26.310  -55.291  16.619 0.0000000000
24704  -25.047  -54.989  15.835 0.0000000000
24705  -25.562  -55.104  15.898 0.0000000000
25728  -23.973  -53.542  18.854 0.0000000000
25741  -22.829  -53.999  17.900 0.0000000000
25742  -23.272  -53.765  18.096 0.0000000000
25743  -23.688  -53.644  18.366 0.0000000000
