#!ascii label  , from subject ab_data vox2ras=TkReg
1643
62283  -26.907  -21.102  15.022 0.0000000000
62284  -27.588  -20.664  14.932 0.0000000000
62295  -25.204  -21.354  13.901 0.0000000000
62296  -26.317  -21.266  14.043 0.0000000000
62297  -27.181  -20.878  14.199 0.0000000000
62298  -27.626  -20.548  14.378 0.0000000000
63543  -28.041  -20.556  15.333 0.0000000000
63565  -28.126  -20.284  14.720 0.0000000000
63579  -24.481  -20.467  13.177 0.0000000000
63580  -25.757  -20.904  13.085 0.0000000000
63581  -26.809  -20.825  13.285 0.0000000000
63582  -27.683  -20.400  13.703 0.0000000000
63583  -28.533  -19.878  13.945 0.0000000000
63584  -29.391  -19.509  14.208 0.0000000000
63596  -24.764  -19.635  12.263 0.0000000000
63597  -25.392  -20.333  12.159 0.0000000000
63598  -26.419  -20.629  12.279 0.0000000000
63599  -27.394  -20.492  12.565 0.0000000000
63600  -28.250  -20.069  12.887 0.0000000000
63601  -29.056  -19.570  13.212 0.0000000000
63617  -24.872  -19.223  11.823 0.0000000000
63618  -25.300  -19.547  11.341 0.0000000000
63619  -26.111  -20.239  11.304 0.0000000000
63620  -27.106  -20.506  11.490 0.0000000000
63621  -28.040  -20.298  11.820 0.0000000000
63622  -28.895  -19.898  12.157 0.0000000000
63641  -25.539  -19.291  10.673 0.0000000000
63642  -25.945  -19.634  10.585 0.0000000000
63643  -26.854  -20.023  10.424 0.0000000000
63644  -27.800  -20.364  10.804 0.0000000000
63645  -28.699  -20.139  11.070 0.0000000000
63665  -27.160  -19.829  9.873 0.0000000000
63666  -27.613  -20.003  10.008 0.0000000000
63667  -28.356  -20.144  10.245 0.0000000000
64974  -23.599  -19.699  13.757 0.0000000000
64975  -24.103  -19.322  12.950 0.0000000000
64991  -24.564  -18.797  12.270 0.0000000000
64992  -29.888  -19.256  13.579 0.0000000000
64993  -30.552  -19.205  13.059 0.0000000000
65010  -24.905  -18.818  11.481 0.0000000000
65011  -25.234  -18.893  10.746 0.0000000000
65012  -29.685  -19.362  12.572 0.0000000000
65013  -30.429  -19.233  12.044 0.0000000000
65014  -31.231  -18.912  11.683 0.0000000000
65034  -25.714  -19.033  10.069 0.0000000000
65035  -26.339  -19.443  9.903 0.0000000000
65036  -26.848  -19.647  9.739 0.0000000000
65037  -29.580  -19.667  11.451 0.0000000000
65038  -30.441  -19.400  10.917 0.0000000000
65039  -31.404  -18.941  10.614 0.0000000000
65040  -32.074  -18.873  10.114 0.0000000000
65063  -26.082  -19.040  9.445 0.0000000000
65064  -26.591  -19.232  9.180 0.0000000000
65065  -27.296  -19.630  9.331 0.0000000000
65066  -28.182  -19.911  9.403 0.0000000000
65067  -29.362  -19.955  9.978 0.0000000000
65068  -30.574  -19.456  9.691 0.0000000000
65069  -31.456  -19.096  9.446 0.0000000000
65070  -32.282  -18.830  9.235 0.0000000000
65098  -27.031  -19.180  8.683 0.0000000000
65099  -27.722  -19.381  8.470 0.0000000000
65100  -28.760  -19.652  8.572 0.0000000000
65101  -29.837  -19.559  8.629 0.0000000000
65102  -30.814  -19.320  8.578 0.0000000000
65103  -31.649  -19.025  8.424 0.0000000000
65104  -32.402  -18.697  8.154 0.0000000000
65125  -28.289  -19.180  7.760 0.0000000000
65126  -29.202  -19.281  7.380 0.0000000000
65127  -30.280  -19.374  7.624 0.0000000000
65128  -31.130  -19.223  7.668 0.0000000000
65129  -31.864  -18.841  7.456 0.0000000000
65130  -32.259  -18.661  7.649 0.0000000000
65147  -29.417  -18.949  6.651 0.0000000000
65148  -29.944  -19.199  6.704 0.0000000000
65149  -30.797  -19.222  6.894 0.0000000000
65150  -31.334  -19.087  7.098 0.0000000000
66276  -23.833  -18.209  15.306 0.0000000000
66289  -23.425  -18.895  14.502 0.0000000000
66290  -23.902  -18.115  14.255 0.0000000000
66310  -23.719  -18.831  13.661 0.0000000000
66311  -24.241  -18.269  13.220 0.0000000000
66333  -24.556  -18.027  12.530 0.0000000000
66353  -24.780  -18.110  11.868 0.0000000000
66354  -25.013  -18.137  11.045 0.0000000000
66355  -31.916  -18.290  11.510 0.0000000000
66356  -32.597  -17.957  11.236 0.0000000000
66373  -25.411  -18.245  10.175 0.0000000000
66374  -32.116  -18.410  10.768 0.0000000000
66375  -32.804  -18.307  10.209 0.0000000000
66376  -33.435  -18.063  9.783 0.0000000000
66391  -25.865  -18.403  9.251 0.0000000000
66392  -26.212  -18.829  9.010 0.0000000000
66393  -33.115  -18.407  8.981 0.0000000000
66394  -33.806  -17.896  9.146 0.0000000000
66408  -26.052  -18.062  8.757 0.0000000000
66409  -26.607  -18.439  8.437 0.0000000000
66410  -27.209  -18.917  8.275 0.0000000000
66411  -33.041  -18.364  8.017 0.0000000000
66412  -33.599  -17.951  8.257 0.0000000000
66424  -27.200  -17.987  7.793 0.0000000000
66425  -27.616  -18.543  7.692 0.0000000000
66426  -28.444  -18.610  7.032 0.0000000000
66427  -32.083  -18.589  6.902 0.0000000000
66428  -32.549  -18.430  7.344 0.0000000000
66429  -33.296  -17.924  7.444 0.0000000000
66441  -29.038  -18.638  6.603 0.0000000000
66442  -29.588  -18.491  6.039 0.0000000000
66443  -30.516  -18.838  6.085 0.0000000000
66444  -31.506  -18.748  6.456 0.0000000000
66445  -32.398  -18.202  6.392 0.0000000000
66446  -32.984  -17.931  6.816 0.0000000000
66459  -29.692  -18.076  5.492 0.0000000000
66460  -30.203  -18.203  5.289 0.0000000000
66461  -31.077  -18.492  5.456 0.0000000000
66462  -31.921  -18.257  5.527 0.0000000000
66476  -30.370  -17.882  4.827 0.0000000000
66477  -30.794  -18.038  4.818 0.0000000000
66478  -31.480  -18.145  4.901 0.0000000000
67599  -25.402  -17.470  16.703 0.0000000000
67600  -26.071  -17.128  16.807 0.0000000000
67603  -24.549  -17.760  16.050 0.0000000000
67604  -25.174  -17.238  15.750 0.0000000000
67610  -24.479  -17.585  15.029 0.0000000000
67611  -25.151  -17.027  14.802 0.0000000000
67629  -24.497  -17.440  14.006 0.0000000000
67630  -25.219  -16.820  13.747 0.0000000000
67652  -24.649  -17.444  13.072 0.0000000000
67653  -25.065  -16.901  12.674 0.0000000000
67673  -24.781  -17.535  12.344 0.0000000000
67674  -25.090  -17.285  11.679 0.0000000000
67675  -33.324  -17.722  10.966 0.0000000000
67690  -25.367  -17.413  10.648 0.0000000000
67691  -33.384  -17.929  10.305 0.0000000000
67692  -33.999  -17.651  10.138 0.0000000000
67706  -25.742  -17.429  9.588 0.0000000000
67707  -26.070  -16.909  9.179 0.0000000000
67708  -34.344  -17.599  9.225 0.0000000000
67709  -34.813  -17.361  9.633 0.0000000000
67723  -25.859  -17.855  8.993 0.0000000000
67724  -26.231  -17.419  8.676 0.0000000000
67725  -34.247  -17.559  8.438 0.0000000000
67726  -34.836  -17.316  8.727 0.0000000000
67727  -35.397  -17.042  9.023 0.0000000000
67738  -26.933  -17.441  7.944 0.0000000000
67739  -27.723  -17.501  7.183 0.0000000000
67740  -28.096  -18.096  6.973 0.0000000000
67741  -33.993  -17.448  7.576 0.0000000000
67742  -34.909  -17.020  7.793 0.0000000000
67743  -35.245  -16.991  8.374 0.0000000000
67754  -28.095  -17.068  6.548 0.0000000000
67755  -28.760  -17.635  6.138 0.0000000000
67756  -29.399  -17.959  5.661 0.0000000000
67757  -33.085  -17.696  6.212 0.0000000000
67758  -33.635  -17.429  6.696 0.0000000000
67759  -34.412  -16.969  6.874 0.0000000000
67770  -29.165  -17.170  5.257 0.0000000000
67771  -29.653  -17.533  5.036 0.0000000000
67772  -30.128  -17.796  4.855 0.0000000000
67773  -32.772  -17.802  5.490 0.0000000000
67774  -33.718  -17.223  5.643 0.0000000000
67775  -34.120  -17.060  6.278 0.0000000000
67788  -29.893  -17.228  4.475 0.0000000000
67789  -30.372  -17.413  4.348 0.0000000000
67790  -31.318  -17.691  4.321 0.0000000000
67791  -32.222  -17.795  4.609 0.0000000000
67792  -33.164  -17.358  4.665 0.0000000000
67806  -30.605  -16.977  3.747 0.0000000000
67807  -31.084  -17.140  3.688 0.0000000000
67808  -31.943  -17.278  3.782 0.0000000000
67809  -32.686  -17.222  4.002 0.0000000000
68808  -26.511  -16.934  17.213 0.0000000000
68813  -25.782  -17.042  16.275 0.0000000000
68814  -26.515  -16.740  16.473 0.0000000000
68818  -25.841  -16.795  15.592 0.0000000000
68819  -26.683  -16.426  15.520 0.0000000000
68823  -25.929  -16.597  14.674 0.0000000000
68824  -26.734  -16.118  14.504 0.0000000000
68825  -27.473  -15.641  14.605 0.0000000000
68843  -26.006  -16.431  13.906 0.0000000000
68844  -26.407  -16.065  13.535 0.0000000000
68867  -25.710  -16.414  13.121 0.0000000000
68868  -26.180  -15.972  12.693 0.0000000000
68888  -25.576  -16.473  12.173 0.0000000000
68889  -26.125  -15.868  11.712 0.0000000000
68905  -25.577  -16.620  11.196 0.0000000000
68906  -25.997  -16.079  10.685 0.0000000000
68919  -25.705  -16.779  10.353 0.0000000000
68920  -26.071  -16.406  9.728 0.0000000000
68934  -26.451  -16.403  8.864 0.0000000000
68935  -26.931  -16.154  8.292 0.0000000000
68936  -36.018  -16.643  9.424 0.0000000000
68937  -36.578  -16.219  9.058 0.0000000000
68949  -26.732  -16.771  8.232 0.0000000000
68950  -27.346  -16.448  7.615 0.0000000000
68951  -27.898  -15.998  6.993 0.0000000000
68952  -35.316  -16.627  7.593 0.0000000000
68953  -35.805  -16.456  8.076 0.0000000000
68954  -36.572  -16.031  8.394 0.0000000000
68966  -27.844  -16.687  6.882 0.0000000000
68967  -28.296  -16.346  6.215 0.0000000000
68968  -35.237  -16.355  7.040 0.0000000000
68969  -35.706  -16.146  7.339 0.0000000000
68984  -28.917  -16.482  5.019 0.0000000000
68985  -29.327  -16.993  4.827 0.0000000000
68986  -34.205  -16.750  5.281 0.0000000000
68987  -34.580  -16.501  5.944 0.0000000000
69000  -29.190  -16.128  4.289 0.0000000000
69001  -29.719  -16.642  4.097 0.0000000000
69002  -30.327  -16.880  3.827 0.0000000000
69003  -33.898  -16.844  4.685 0.0000000000
69004  -34.533  -16.364  4.859 0.0000000000
69020  -30.009  -16.151  3.311 0.0000000000
69021  -30.658  -16.435  3.142 0.0000000000
69022  -31.707  -16.683  3.102 0.0000000000
69023  -32.602  -16.734  3.287 0.0000000000
69024  -33.417  -16.768  3.787 0.0000000000
69025  -34.229  -16.449  3.926 0.0000000000
69039  -31.086  -15.903  2.488 0.0000000000
69040  -31.557  -16.142  2.527 0.0000000000
69041  -32.418  -16.210  2.349 0.0000000000
69042  -33.441  -16.340  2.671 0.0000000000
69043  -33.907  -16.445  3.308 0.0000000000
69050  -32.617  -15.956  1.902 0.0000000000
69051  -32.923  -16.092  1.941 0.0000000000
70100  -27.082  -15.642  13.856 0.0000000000
70101  -27.875  -15.212  14.162 0.0000000000
70119  -26.754  -15.683  13.140 0.0000000000
70120  -27.457  -15.241  13.156 0.0000000000
70121  -28.352  -14.664  13.668 0.0000000000
70143  -26.761  -15.542  12.440 0.0000000000
70144  -27.342  -15.096  12.195 0.0000000000
70162  -26.793  -15.417  11.750 0.0000000000
70163  -27.219  -15.085  11.367 0.0000000000
70179  -26.584  -15.519  11.036 0.0000000000
70180  -27.071  -15.142  10.541 0.0000000000
70196  -26.482  -15.655  10.175 0.0000000000
70197  -26.983  -15.250  9.700 0.0000000000
70211  -26.553  -15.814  9.435 0.0000000000
70212  -27.025  -15.512  8.814 0.0000000000
70213  -27.508  -15.235  8.377 0.0000000000
70214  -37.101  -15.759  8.837 0.0000000000
70215  -37.485  -15.240  8.610 0.0000000000
70227  -27.305  -15.725  8.132 0.0000000000
70228  -27.836  -15.377  7.712 0.0000000000
70229  -36.004  -15.983  7.485 0.0000000000
70230  -36.712  -15.532  7.764 0.0000000000
70231  -37.326  -15.014  8.089 0.0000000000
70244  -28.289  -15.126  6.691 0.0000000000
70245  -35.439  -15.983  6.729 0.0000000000
70246  -35.830  -15.767  6.911 0.0000000000
70247  -36.511  -15.242  6.766 0.0000000000
70262  -28.474  -15.287  5.423 0.0000000000
70263  -35.335  -15.862  6.313 0.0000000000
70264  -36.014  -15.202  6.008 0.0000000000
70265  -36.572  -14.949  6.281 0.0000000000
70278  -28.845  -15.401  4.128 0.0000000000
70279  -29.308  -15.941  3.908 0.0000000000
70280  -35.252  -15.665  5.245 0.0000000000
70281  -35.896  -14.984  5.216 0.0000000000
70295  -28.985  -15.051  3.410 0.0000000000
70296  -29.579  -15.507  3.163 0.0000000000
70297  -30.186  -15.896  2.931 0.0000000000
70298  -34.921  -15.848  4.078 0.0000000000
70299  -35.701  -15.066  4.285 0.0000000000
70300  -36.050  -14.719  3.880 0.0000000000
70314  -29.949  -14.973  2.446 0.0000000000
70315  -30.623  -15.347  2.247 0.0000000000
70316  -31.540  -15.667  2.044 0.0000000000
70317  -32.004  -15.897  2.088 0.0000000000
70318  -34.037  -16.082  2.285 0.0000000000
70319  -34.504  -16.068  2.930 0.0000000000
70320  -35.367  -15.487  3.246 0.0000000000
70321  -35.912  -15.011  3.329 0.0000000000
70330  -31.047  -14.841  1.540 0.0000000000
70331  -31.503  -15.127  1.500 0.0000000000
70332  -32.548  -15.519  1.466 0.0000000000
70333  -33.652  -15.850  1.742 0.0000000000
70334  -34.514  -15.788  1.962 0.0000000000
70335  -35.351  -15.467  2.192 0.0000000000
70336  -35.721  -15.240  2.753 0.0000000000
70344  -33.135  -15.019  0.744 0.0000000000
70345  -33.645  -15.280  0.966 0.0000000000
70346  -34.463  -15.429  1.279 0.0000000000
70347  -34.972  -15.466  1.610 0.0000000000
71325  -29.273  -14.417  13.997 0.0000000000
71339  -28.004  -14.551  12.706 0.0000000000
71340  -28.980  -14.002  13.165 0.0000000000
71341  -30.050  -13.915  13.874 0.0000000000
71360  -27.832  -14.598  11.773 0.0000000000
71361  -28.498  -14.028  12.172 0.0000000000
71378  -27.710  -14.687  10.908 0.0000000000
71379  -28.394  -14.237  11.278 0.0000000000
71395  -27.537  -14.717  10.059 0.0000000000
71396  -28.230  -14.315  10.418 0.0000000000
71415  -27.455  -14.861  9.229 0.0000000000
71416  -28.059  -14.393  9.560 0.0000000000
71433  -27.450  -15.013  8.730 0.0000000000
71434  -27.985  -14.643  8.594 0.0000000000
71452  -28.440  -14.482  7.657 0.0000000000
71453  -36.944  -15.072  7.172 0.0000000000
71454  -37.487  -14.616  7.603 0.0000000000
71469  -28.595  -14.134  6.882 0.0000000000
71470  -36.972  -14.786  6.678 0.0000000000
71471  -37.427  -14.228  6.628 0.0000000000
71483  -28.430  -14.170  5.919 0.0000000000
71484  -36.243  -14.841  5.571 0.0000000000
71485  -36.739  -14.457  5.860 0.0000000000
71486  -37.344  -13.947  6.144 0.0000000000
71499  -28.423  -14.098  4.604 0.0000000000
71500  -36.274  -14.636  5.324 0.0000000000
71501  -36.454  -14.293  5.158 0.0000000000
71515  -28.702  -14.372  3.457 0.0000000000
71516  -29.070  -14.770  3.001 0.0000000000
71517  -36.105  -14.645  4.879 0.0000000000
71518  -36.361  -14.373  4.406 0.0000000000
71519  -36.725  -14.090  3.943 0.0000000000
71533  -28.985  -14.183  2.775 0.0000000000
71534  -29.528  -14.483  2.489 0.0000000000
71535  -30.180  -14.435  1.997 0.0000000000
71536  -36.375  -14.566  3.516 0.0000000000
71537  -36.882  -14.180  3.195 0.0000000000
71547  -30.763  -14.404  1.507 0.0000000000
71548  -31.425  -14.371  1.063 0.0000000000
71549  -32.029  -14.750  0.944 0.0000000000
71550  -35.714  -15.166  1.863 0.0000000000
71551  -36.188  -14.855  2.348 0.0000000000
71552  -37.035  -14.108  2.210 0.0000000000
71560  -32.031  -14.133  0.539 0.0000000000
71561  -32.787  -14.429  0.401 0.0000000000
71562  -33.637  -14.690  0.341 0.0000000000
71563  -34.472  -14.918  0.516 0.0000000000
71564  -35.510  -14.996  1.188 0.0000000000
71565  -36.688  -14.273  1.166 0.0000000000
71566  -37.197  -13.898  1.569 0.0000000000
71574  -33.557  -14.090  -0.140 0.0000000000
71575  -34.316  -14.248  -0.200 0.0000000000
71576  -35.280  -14.426  -0.025 0.0000000000
71577  -36.203  -14.268  0.328 0.0000000000
71578  -36.663  -14.032  0.504 0.0000000000
72700  -29.236  -13.642  12.417 0.0000000000
72701  -30.020  -13.477  13.004 0.0000000000
72718  -29.058  -13.700  11.640 0.0000000000
72719  -29.865  -13.280  12.075 0.0000000000
72720  -31.016  -12.968  12.616 0.0000000000
72737  -28.941  -13.879  10.776 0.0000000000
72738  -29.647  -13.352  11.166 0.0000000000
72739  -30.465  -12.837  11.605 0.0000000000
72753  -28.720  -13.913  9.909 0.0000000000
72754  -29.466  -13.472  10.260 0.0000000000
72755  -30.168  -12.878  10.692 0.0000000000
72769  -28.561  -14.100  9.157 0.0000000000
72770  -29.254  -13.572  9.276 0.0000000000
72771  -30.014  -13.057  9.776 0.0000000000
72787  -28.768  -13.961  8.445 0.0000000000
72788  -29.396  -13.357  8.416 0.0000000000
72804  -28.962  -13.598  7.574 0.0000000000
72805  -29.465  -13.025  7.846 0.0000000000
72806  -37.971  -13.986  7.175 0.0000000000
72819  -28.765  -13.199  6.548 0.0000000000
72820  -37.978  -13.532  6.506 0.0000000000
72821  -38.686  -13.154  6.760 0.0000000000
72831  -28.462  -13.112  5.394 0.0000000000
72832  -36.791  -14.045  5.421 0.0000000000
72833  -37.295  -13.662  5.696 0.0000000000
72845  -28.476  -12.965  4.471 0.0000000000
72846  -36.735  -13.849  5.041 0.0000000000
72847  -37.248  -13.430  4.990 0.0000000000
72862  -28.641  -13.232  3.618 0.0000000000
72863  -29.063  -13.003  2.919 0.0000000000
72864  -36.830  -13.831  4.504 0.0000000000
72865  -37.270  -13.586  4.096 0.0000000000
72882  -28.842  -13.656  2.972 0.0000000000
72883  -29.409  -13.444  2.403 0.0000000000
72884  -29.854  -13.830  1.975 0.0000000000
72885  -37.482  -13.606  3.083 0.0000000000
72896  -29.948  -13.205  1.846 0.0000000000
72897  -30.483  -13.488  1.419 0.0000000000
72898  -31.052  -13.792  1.023 0.0000000000
72899  -37.589  -13.563  2.084 0.0000000000
72906  -31.089  -13.151  0.778 0.0000000000
72907  -31.659  -13.474  0.503 0.0000000000
72908  -32.431  -13.496  0.046 0.0000000000
72909  -36.916  -13.892  0.633 0.0000000000
72910  -37.462  -13.572  0.967 0.0000000000
72917  -33.156  -13.532  -0.362 0.0000000000
72918  -33.978  -13.485  -0.761 0.0000000000
72919  -35.046  -13.655  -0.854 0.0000000000
72920  -36.044  -13.798  -0.510 0.0000000000
72921  -36.897  -13.680  0.020 0.0000000000
72922  -37.685  -13.124  -0.011 0.0000000000
72929  -34.589  -13.098  -1.360 0.0000000000
72930  -35.249  -13.032  -1.489 0.0000000000
72931  -35.956  -13.181  -1.273 0.0000000000
72932  -36.808  -13.204  -0.872 0.0000000000
72933  -37.298  -13.182  -0.480 0.0000000000
74080  -31.395  -12.621  11.869 0.0000000000
74096  -31.048  -12.432  11.107 0.0000000000
74097  -32.170  -12.440  11.468 0.0000000000
74112  -30.693  -12.422  10.228 0.0000000000
74113  -31.718  -12.213  10.598 0.0000000000
74114  -32.872  -12.093  10.933 0.0000000000
74128  -29.883  -13.138  9.008 0.0000000000
74129  -30.442  -12.521  9.291 0.0000000000
74144  -29.948  -12.707  8.427 0.0000000000
74145  -30.472  -12.187  8.708 0.0000000000
74158  -29.216  -12.924  7.279 0.0000000000
74159  -29.604  -12.336  7.667 0.0000000000
74160  -39.295  -12.818  6.941 0.0000000000
74172  -29.093  -12.300  6.902 0.0000000000
74173  -29.442  -11.773  7.237 0.0000000000
74174  -37.909  -13.219  6.044 0.0000000000
74175  -38.679  -12.786  6.338 0.0000000000
74186  -28.670  -12.061  5.952 0.0000000000
74187  -37.913  -13.091  5.622 0.0000000000
74188  -38.652  -12.549  5.693 0.0000000000
74199  -28.507  -12.143  4.867 0.0000000000
74200  -37.907  -13.012  4.911 0.0000000000
74201  -38.647  -12.538  4.933 0.0000000000
74215  -28.659  -12.205  3.965 0.0000000000
74216  -29.153  -12.312  3.256 0.0000000000
74217  -38.002  -13.067  4.004 0.0000000000
74218  -38.670  -12.545  3.962 0.0000000000
74235  -29.608  -12.404  2.547 0.0000000000
74236  -30.068  -12.155  2.024 0.0000000000
74237  -38.104  -13.054  2.972 0.0000000000
74238  -38.678  -12.441  2.893 0.0000000000
74252  -29.840  -12.737  2.050 0.0000000000
74253  -30.334  -12.494  1.561 0.0000000000
74254  -38.141  -12.950  1.888 0.0000000000
74255  -38.702  -12.242  1.837 0.0000000000
74261  -30.866  -12.486  0.869 0.0000000000
74262  -31.584  -12.458  0.258 0.0000000000
74263  -32.123  -12.852  -0.076 0.0000000000
74264  -38.249  -12.691  0.758 0.0000000000
74265  -38.818  -11.938  0.954 0.0000000000
74272  -32.119  -12.245  -0.415 0.0000000000
74273  -32.838  -12.585  -0.808 0.0000000000
74274  -33.440  -13.068  -0.858 0.0000000000
74275  -38.162  -12.605  -0.147 0.0000000000
74276  -38.604  -12.136  0.065 0.0000000000
74283  -33.360  -12.073  -1.427 0.0000000000
74284  -33.878  -12.604  -1.427 0.0000000000
74285  -34.938  -12.417  -1.901 0.0000000000
74286  -35.795  -12.564  -1.763 0.0000000000
74287  -36.737  -12.357  -1.630 0.0000000000
74288  -37.728  -12.532  -0.841 0.0000000000
74289  -38.325  -12.229  -0.460 0.0000000000
74296  -35.281  -11.915  -2.230 0.0000000000
74297  -35.739  -12.077  -2.133 0.0000000000
74298  -36.203  -12.179  -1.961 0.0000000000
75444  -31.213  -11.993  9.819 0.0000000000
75445  -32.299  -11.839  10.078 0.0000000000
75463  -30.874  -11.935  9.159 0.0000000000
75464  -31.653  -11.622  9.323 0.0000000000
75465  -32.847  -11.363  9.476 0.0000000000
75479  -30.191  -12.071  8.200 0.0000000000
75480  -30.872  -11.530  8.547 0.0000000000
75481  -31.924  -11.108  8.852 0.0000000000
75482  -32.807  -10.850  8.907 0.0000000000
75497  -30.113  -11.496  7.669 0.0000000000
75498  -30.785  -11.097  7.950 0.0000000000
75499  -39.786  -12.193  6.773 0.0000000000
75512  -29.153  -11.490  6.659 0.0000000000
75513  -29.584  -11.298  7.123 0.0000000000
75514  -39.506  -12.139  6.288 0.0000000000
75525  -28.969  -11.220  5.987 0.0000000000
75526  -39.456  -12.063  5.835 0.0000000000
75527  -39.765  -11.774  5.710 0.0000000000
75537  -28.870  -11.187  5.178 0.0000000000
75538  -29.262  -10.954  4.462 0.0000000000
75539  -39.318  -12.097  4.969 0.0000000000
75540  -39.801  -11.652  4.947 0.0000000000
75550  -28.848  -11.527  4.389 0.0000000000
75551  -29.439  -11.347  3.683 0.0000000000
75552  -30.061  -11.091  2.971 0.0000000000
75553  -39.266  -12.011  3.932 0.0000000000
75554  -39.782  -11.459  3.848 0.0000000000
75565  -29.659  -11.715  2.934 0.0000000000
75566  -30.148  -11.478  2.309 0.0000000000
75567  -39.240  -11.849  2.834 0.0000000000
75568  -39.776  -11.277  2.711 0.0000000000
75581  -30.438  -11.668  1.659 0.0000000000
75582  -39.226  -11.638  1.826 0.0000000000
75583  -39.652  -11.076  1.665 0.0000000000
75593  -30.763  -11.701  1.090 0.0000000000
75594  -31.282  -11.570  0.410 0.0000000000
75595  -39.244  -11.448  1.074 0.0000000000
75596  -39.501  -11.014  0.739 0.0000000000
75604  -31.805  -11.485  -0.472 0.0000000000
75605  -32.363  -11.788  -0.910 0.0000000000
75606  -39.077  -11.545  0.295 0.0000000000
75607  -39.388  -11.006  -0.109 0.0000000000
75615  -32.228  -11.165  -1.203 0.0000000000
75616  -32.923  -11.423  -1.596 0.0000000000
75617  -33.850  -11.660  -1.871 0.0000000000
75618  -34.362  -12.051  -1.864 0.0000000000
75619  -37.042  -11.733  -1.943 0.0000000000
75620  -37.691  -11.468  -1.717 0.0000000000
75621  -38.727  -11.509  -0.745 0.0000000000
75622  -39.243  -10.863  -0.593 0.0000000000
75629  -33.523  -10.985  -2.216 0.0000000000
75630  -34.116  -11.025  -2.400 0.0000000000
75631  -34.783  -11.547  -2.334 0.0000000000
75632  -35.695  -11.549  -2.472 0.0000000000
75633  -36.553  -11.644  -2.218 0.0000000000
75634  -37.182  -11.399  -2.113 0.0000000000
76868  -33.559  -10.846  9.263 0.0000000000
76881  -31.338  -10.918  8.319 0.0000000000
76882  -32.173  -10.470  8.397 0.0000000000
76883  -33.484  -10.304  8.667 0.0000000000
76901  -30.491  -10.953  7.608 0.0000000000
76902  -31.054  -10.408  7.777 0.0000000000
76903  -31.970  -9.927  7.911 0.0000000000
76904  -39.860  -11.674  6.628 0.0000000000
76905  -39.940  -11.404  6.995 0.0000000000
76906  -40.236  -11.066  7.071 0.0000000000
76918  -29.479  -11.073  6.842 0.0000000000
76919  -30.061  -10.764  7.066 0.0000000000
76920  -30.683  -9.910  6.881 0.0000000000
76921  -39.827  -11.620  6.424 0.0000000000
76922  -39.979  -11.429  6.632 0.0000000000
76923  -40.616  -11.165  6.504 0.0000000000
76924  -41.352  -10.514  6.330 0.0000000000
76936  -29.405  -10.869  6.417 0.0000000000
76937  -29.990  -10.244  6.112 0.0000000000
76938  -30.444  -9.853  6.276 0.0000000000
76939  -39.855  -11.630  6.196 0.0000000000
76940  -40.202  -11.530  5.890 0.0000000000
76941  -40.954  -10.730  5.519 0.0000000000
76942  -41.449  -10.194  5.818 0.0000000000
76956  -29.317  -10.729  5.724 0.0000000000
76957  -29.676  -10.281  5.037 0.0000000000
76958  -30.209  -10.018  4.281 0.0000000000
76959  -40.327  -11.166  4.794 0.0000000000
76960  -40.797  -10.570  4.499 0.0000000000
76973  -29.740  -10.579  4.162 0.0000000000
76974  -30.307  -10.438  3.501 0.0000000000
76975  -40.340  -10.927  3.670 0.0000000000
76976  -40.875  -10.347  3.541 0.0000000000
76989  -30.731  -10.435  2.462 0.0000000000
76990  -31.326  -10.008  2.117 0.0000000000
76991  -40.354  -10.632  2.452 0.0000000000
76992  -40.984  -9.990  2.684 0.0000000000
77000  -30.666  -10.952  1.674 0.0000000000
77001  -31.196  -10.266  1.639 0.0000000000
77002  -40.031  -10.559  1.248 0.0000000000
77003  -40.618  -10.029  1.686 0.0000000000
77012  -30.745  -11.266  1.318 0.0000000000
77013  -31.163  -10.743  0.863 0.0000000000
77014  -39.823  -10.524  0.346 0.0000000000
77015  -40.318  -10.070  0.670 0.0000000000
77028  -31.436  -10.583  -0.264 0.0000000000
77029  -39.665  -10.281  -0.442 0.0000000000
77030  -40.054  -10.142  0.069 0.0000000000
77037  -31.804  -10.562  -1.150 0.0000000000
77038  -32.403  -10.530  -1.795 0.0000000000
77039  -37.978  -10.800  -2.039 0.0000000000
77040  -38.591  -10.519  -1.664 0.0000000000
77041  -39.179  -10.593  -0.988 0.0000000000
77047  -33.022  -10.503  -2.361 0.0000000000
77048  -33.772  -10.323  -2.825 0.0000000000
77049  -34.644  -10.683  -2.850 0.0000000000
77050  -35.484  -10.922  -2.862 0.0000000000
77051  -36.363  -10.974  -2.736 0.0000000000
77052  -37.426  -10.687  -2.472 0.0000000000
77053  -38.140  -10.430  -2.163 0.0000000000
77058  -33.959  -9.806  -3.230 0.0000000000
77059  -34.466  -10.011  -3.276 0.0000000000
77060  -35.287  -10.215  -3.297 0.0000000000
77061  -36.180  -10.372  -3.177 0.0000000000
77062  -36.782  -10.479  -2.933 0.0000000000
78206  -32.786  -9.943  8.097 0.0000000000
78207  -33.679  -9.471  8.197 0.0000000000
78217  -31.483  -9.741  7.464 0.0000000000
78218  -32.529  -9.350  7.515 0.0000000000
78221  -41.906  -10.137  6.825 0.0000000000
78228  -31.446  -9.418  6.975 0.0000000000
78229  -31.911  -8.862  6.735 0.0000000000
78230  -41.928  -9.673  6.209 0.0000000000
78231  -42.584  -8.943  6.458 0.0000000000
78236  -30.344  -9.822  6.023 0.0000000000
78237  -30.809  -9.398  6.167 0.0000000000
78238  -31.399  -8.609  5.827 0.0000000000
78239  -41.147  -10.282  4.920 0.0000000000
78240  -41.511  -9.712  5.232 0.0000000000
78250  -30.244  -9.797  5.630 0.0000000000
78251  -30.551  -9.252  4.954 0.0000000000
78252  -31.180  -8.380  4.971 0.0000000000
78253  -41.243  -10.023  4.345 0.0000000000
78254  -41.556  -9.319  4.253 0.0000000000
78265  -30.722  -9.448  3.771 0.0000000000
78266  -31.232  -9.221  3.198 0.0000000000
78267  -41.305  -9.741  3.523 0.0000000000
78268  -41.598  -9.140  3.384 0.0000000000
78285  -30.908  -9.835  3.095 0.0000000000
78286  -31.412  -9.488  2.539 0.0000000000
78287  -41.346  -9.493  2.845 0.0000000000
78288  -41.544  -9.018  2.538 0.0000000000
78302  -31.623  -9.595  1.765 0.0000000000
78303  -41.107  -9.455  2.081 0.0000000000
78304  -41.361  -8.846  1.688 0.0000000000
78308  -31.495  -9.719  0.974 0.0000000000
78309  -40.811  -9.352  1.036 0.0000000000
78310  -41.204  -8.671  0.972 0.0000000000
78325  -31.315  -9.579  -0.069 0.0000000000
78326  -39.812  -9.824  -0.650 0.0000000000
78327  -40.301  -9.566  -0.199 0.0000000000
78334  -31.471  -9.619  -1.173 0.0000000000
78335  -31.976  -9.925  -1.776 0.0000000000
78336  -38.869  -9.932  -1.782 0.0000000000
78337  -39.515  -9.626  -1.300 0.0000000000
78338  -40.293  -9.054  -0.834 0.0000000000
78344  -31.948  -9.281  -1.983 0.0000000000
78345  -32.601  -9.574  -2.557 0.0000000000
78346  -33.156  -10.005  -2.820 0.0000000000
78347  -37.736  -9.926  -2.758 0.0000000000
78348  -38.500  -9.634  -2.348 0.0000000000
78349  -39.249  -9.142  -1.997 0.0000000000
78354  -32.976  -9.031  -3.056 0.0000000000
78355  -33.451  -9.435  -3.167 0.0000000000
78356  -34.225  -9.379  -3.466 0.0000000000
78357  -35.007  -9.485  -3.611 0.0000000000
78358  -35.975  -9.583  -3.550 0.0000000000
78359  -37.109  -9.789  -3.184 0.0000000000
78360  -37.839  -9.524  -2.897 0.0000000000
79462  -33.010  -8.450  7.209 0.0000000000
79473  -32.476  -7.916  6.582 0.0000000000
79475  -42.244  -8.956  5.735 0.0000000000
79476  -42.844  -8.361  6.263 0.0000000000
79481  -31.825  -7.818  5.557 0.0000000000
79482  -41.963  -8.804  4.892 0.0000000000
79483  -42.549  -8.270  5.457 0.0000000000
79487  -31.116  -8.657  4.113 0.0000000000
79488  -31.661  -7.895  4.474 0.0000000000
79489  -41.901  -8.656  3.982 0.0000000000
79490  -42.346  -8.133  4.578 0.0000000000
79497  -31.215  -8.912  3.533 0.0000000000
79498  -31.961  -8.397  3.203 0.0000000000
79499  -32.849  -7.946  2.784 0.0000000000
79500  -41.958  -8.624  3.043 0.0000000000
79501  -42.307  -8.089  3.577 0.0000000000
79512  -32.080  -8.871  2.054 0.0000000000
79513  -32.765  -8.220  2.245 0.0000000000
79514  -41.822  -8.471  2.182 0.0000000000
79515  -42.234  -8.083  2.567 0.0000000000
79530  -31.895  -8.988  1.235 0.0000000000
79531  -32.519  -8.377  1.399 0.0000000000
79532  -41.708  -8.098  1.337 0.0000000000
79533  -42.030  -8.046  1.942 0.0000000000
79539  -31.532  -8.935  0.486 0.0000000000
79540  -32.102  -8.485  0.759 0.0000000000
79541  -40.909  -8.875  0.363 0.0000000000
79542  -41.328  -8.239  0.441 0.0000000000
79557  -31.297  -8.677  -0.178 0.0000000000
79558  -40.818  -8.492  -0.363 0.0000000000
79559  -41.342  -7.794  -0.092 0.0000000000
79564  -31.230  -8.718  -0.915 0.0000000000
79565  -39.634  -8.722  -1.795 0.0000000000
79566  -40.279  -8.393  -1.273 0.0000000000
79572  -31.625  -8.632  -1.796 0.0000000000
79573  -32.199  -8.654  -2.495 0.0000000000
79574  -38.624  -8.709  -2.727 0.0000000000
79575  -39.198  -8.506  -2.367 0.0000000000
79581  -32.662  -8.600  -3.022 0.0000000000
79582  -33.237  -8.494  -3.389 0.0000000000
79583  -33.895  -8.720  -3.588 0.0000000000
79584  -34.638  -8.775  -3.796 0.0000000000
79585  -35.538  -8.784  -3.856 0.0000000000
79586  -36.694  -8.670  -3.733 0.0000000000
79587  -37.962  -8.713  -3.209 0.0000000000
79591  -33.658  -8.121  -3.693 0.0000000000
79592  -34.212  -8.100  -3.936 0.0000000000
79593  -35.020  -8.127  -4.180 0.0000000000
79594  -35.951  -8.042  -4.178 0.0000000000
79595  -36.757  -7.868  -4.171 0.0000000000
80699  -43.116  -7.787  6.040 0.0000000000
80700  -43.305  -7.110  5.849 0.0000000000
80706  -42.868  -7.636  5.211 0.0000000000
80707  -43.246  -7.030  5.010 0.0000000000
80713  -32.379  -7.527  4.108 0.0000000000
80716  -42.780  -7.460  4.189 0.0000000000
80717  -43.305  -6.916  4.281 0.0000000000
80726  -42.623  -7.513  2.997 0.0000000000
80741  -41.916  -7.653  1.205 0.0000000000
80742  -42.247  -7.437  1.724 0.0000000000
80751  -31.701  -8.269  0.237 0.0000000000
80752  -32.392  -7.861  0.792 0.0000000000
80753  -41.779  -7.410  0.582 0.0000000000
80754  -42.278  -6.851  0.933 0.0000000000
80769  -31.146  -7.973  -0.513 0.0000000000
80770  -31.699  -7.860  0.195 0.0000000000
80771  -40.969  -7.389  -0.709 0.0000000000
80772  -41.442  -7.293  -0.167 0.0000000000
80788  -31.270  -7.829  -1.560 0.0000000000
80789  -39.850  -7.934  -1.948 0.0000000000
80790  -40.370  -7.348  -1.545 0.0000000000
80794  -31.935  -7.700  -2.621 0.0000000000
80795  -32.347  -8.164  -2.958 0.0000000000
80796  -38.776  -7.984  -2.919 0.0000000000
80797  -39.460  -7.326  -2.513 0.0000000000
80798  -39.982  -7.300  -2.034 0.0000000000
80804  -32.280  -7.228  -3.171 0.0000000000
80805  -32.751  -7.609  -3.424 0.0000000000
80806  -33.320  -7.905  -3.616 0.0000000000
80807  -37.488  -7.881  -3.868 0.0000000000
80808  -38.322  -7.339  -3.508 0.0000000000
80809  -38.907  -7.301  -2.998 0.0000000000
80815  -33.079  -7.015  -3.908 0.0000000000
80816  -33.599  -7.423  -3.985 0.0000000000
80817  -34.493  -7.442  -4.368 0.0000000000
80818  -35.393  -7.418  -4.522 0.0000000000
80819  -36.344  -7.352  -4.554 0.0000000000
80820  -37.244  -7.306  -4.380 0.0000000000
80821  -37.786  -7.295  -4.045 0.0000000000
81889  -43.545  -6.444  5.587 0.0000000000
81896  -43.530  -6.380  4.768 0.0000000000
81904  -43.081  -6.937  3.458 0.0000000000
81905  -43.558  -6.399  3.868 0.0000000000
81914  -42.819  -6.808  2.475 0.0000000000
81915  -43.365  -6.360  2.868 0.0000000000
81929  -42.779  -6.368  1.530 0.0000000000
81930  -43.114  -6.314  2.193 0.0000000000
81942  -30.074  -6.948  0.055 0.0000000000
81943  -30.989  -7.565  0.230 0.0000000000
81944  -31.891  -7.547  0.523 0.0000000000
81945  -42.027  -6.674  0.363 0.0000000000
81946  -42.412  -6.250  0.614 0.0000000000
81950  -30.058  -6.632  -0.632 0.0000000000
81951  -30.558  -7.356  -0.487 0.0000000000
81952  -31.248  -7.687  -0.018 0.0000000000
81953  -41.138  -6.803  -0.745 0.0000000000
81954  -41.557  -6.557  -0.343 0.0000000000
81955  -42.068  -6.262  0.128 0.0000000000
81971  -30.242  -6.665  -1.108 0.0000000000
81972  -30.752  -7.222  -1.276 0.0000000000
81973  -40.948  -6.502  -1.198 0.0000000000
81974  -41.358  -6.048  -0.890 0.0000000000
81986  -30.498  -6.420  -1.610 0.0000000000
81987  -31.121  -6.730  -2.186 0.0000000000
81988  -39.660  -6.429  -2.658 0.0000000000
81989  -40.198  -6.620  -2.091 0.0000000000
81993  -31.921  -6.670  -3.137 0.0000000000
81994  -32.417  -6.913  -3.442 0.0000000000
81995  -38.611  -6.420  -3.689 0.0000000000
81996  -39.091  -6.626  -3.120 0.0000000000
82001  -32.254  -6.513  -3.611 0.0000000000
82002  -32.632  -6.599  -3.905 0.0000000000
82003  -33.251  -6.505  -4.380 0.0000000000
82004  -34.006  -6.725  -4.573 0.0000000000
82005  -34.840  -6.745  -4.782 0.0000000000
82006  -35.780  -6.739  -4.950 0.0000000000
82007  -36.886  -6.620  -4.933 0.0000000000
82008  -37.960  -6.586  -4.310 0.0000000000
82012  -33.690  -6.072  -4.723 0.0000000000
82013  -34.312  -6.032  -4.963 0.0000000000
82014  -35.160  -6.060  -5.215 0.0000000000
82015  -36.107  -6.040  -5.356 0.0000000000
82016  -36.925  -5.894  -5.350 0.0000000000
83012  -43.844  -5.700  4.409 0.0000000000
83013  -44.304  -4.948  4.033 0.0000000000
83023  -43.903  -5.751  3.337 0.0000000000
83024  -44.378  -5.026  2.891 0.0000000000
83031  -30.456  -4.534  0.435 0.0000000000
83034  -43.062  -5.914  1.470 0.0000000000
83035  -43.593  -5.698  1.910 0.0000000000
83036  -44.357  -4.894  1.973 0.0000000000
83048  -29.847  -5.507  0.125 0.0000000000
83049  -30.868  -4.789  -0.066 0.0000000000
83050  -31.642  -4.755  -0.217 0.0000000000
83051  -42.910  -5.672  0.974 0.0000000000
83052  -43.422  -5.071  1.012 0.0000000000
83056  -30.027  -5.756  -0.471 0.0000000000
83057  -30.741  -4.943  -0.643 0.0000000000
83058  -31.782  -4.892  -0.645 0.0000000000
83059  -41.636  -5.687  -0.671 0.0000000000
83060  -42.226  -5.537  -0.014 0.0000000000
83067  -30.040  -5.793  -0.990 0.0000000000
83068  -30.626  -5.037  -1.205 0.0000000000
83069  -31.574  -4.776  -1.256 0.0000000000
83070  -40.691  -5.829  -1.877 0.0000000000
83071  -41.290  -5.465  -1.321 0.0000000000
83085  -30.195  -5.887  -1.431 0.0000000000
83086  -30.430  -5.349  -1.925 0.0000000000
83087  -30.973  -4.415  -1.648 0.0000000000
83088  -39.508  -6.056  -2.998 0.0000000000
83089  -40.109  -5.605  -2.684 0.0000000000
83094  -31.187  -5.679  -2.964 0.0000000000
83095  -38.529  -6.016  -4.027 0.0000000000
83096  -39.197  -5.612  -3.601 0.0000000000
83097  -39.955  -4.896  -3.314 0.0000000000
83102  -31.903  -5.881  -3.917 0.0000000000
83103  -32.629  -5.767  -4.573 0.0000000000
83104  -33.239  -5.807  -4.734 0.0000000000
83105  -37.552  -5.990  -4.938 0.0000000000
83106  -38.368  -5.485  -4.597 0.0000000000
83107  -39.012  -4.851  -4.250 0.0000000000
83112  -32.990  -5.348  -4.935 0.0000000000
83113  -33.622  -5.418  -5.200 0.0000000000
83114  -34.532  -5.370  -5.611 0.0000000000
83115  -35.453  -5.465  -5.693 0.0000000000
83116  -36.423  -5.305  -5.760 0.0000000000
83117  -37.512  -5.292  -5.425 0.0000000000
83118  -38.206  -4.828  -5.253 0.0000000000
83123  -34.955  -5.046  -6.031 0.0000000000
83124  -35.602  -4.896  -6.141 0.0000000000
83125  -36.299  -4.695  -6.205 0.0000000000
84141  -44.981  -4.089  3.639 0.0000000000
84142  -45.459  -3.617  3.424 0.0000000000
84151  -44.852  -4.410  2.465 0.0000000000
84152  -45.383  -3.922  2.777 0.0000000000
84158  -31.487  -4.165  0.800 0.0000000000
84160  -44.049  -4.803  1.277 0.0000000000
84161  -44.767  -4.248  1.510 0.0000000000
84162  -45.156  -4.055  2.113 0.0000000000
84172  -31.694  -4.553  0.152 0.0000000000
84173  -32.271  -4.312  0.195 0.0000000000
84174  -42.898  -4.779  0.458 0.0000000000
84175  -43.692  -4.271  0.604 0.0000000000
84176  -44.291  -4.298  0.953 0.0000000000
84179  -32.416  -4.376  -0.827 0.0000000000
84180  -41.837  -4.886  -0.804 0.0000000000
84181  -42.536  -4.225  -0.348 0.0000000000
84182  -43.098  -4.163  0.207 0.0000000000
84187  -32.049  -4.272  -1.636 0.0000000000
84188  -40.894  -4.985  -2.083 0.0000000000
84189  -41.484  -4.293  -1.565 0.0000000000
84190  -42.012  -4.210  -0.980 0.0000000000
84203  -30.576  -4.267  -3.173 0.0000000000
84204  -30.623  -4.356  -2.576 0.0000000000
84205  -31.303  -4.012  -1.953 0.0000000000
84206  -40.634  -4.399  -2.800 0.0000000000
84207  -41.047  -4.313  -2.205 0.0000000000
84217  -30.721  -4.149  -3.517 0.0000000000
84218  -31.049  -4.647  -3.755 0.0000000000
84219  -39.550  -4.601  -3.847 0.0000000000
84220  -40.140  -4.194  -3.577 0.0000000000
84225  -31.936  -4.821  -4.860 0.0000000000
84226  -32.588  -5.177  -4.956 0.0000000000
84227  -38.701  -4.559  -4.847 0.0000000000
84228  -39.318  -4.061  -4.520 0.0000000000
84229  -39.768  -4.075  -4.012 0.0000000000
84233  -32.130  -4.355  -5.449 0.0000000000
84234  -32.802  -4.716  -5.412 0.0000000000
84235  -33.825  -4.618  -6.062 0.0000000000
84236  -34.507  -4.882  -6.056 0.0000000000
84237  -37.050  -4.721  -6.005 0.0000000000
84238  -37.810  -4.547  -5.741 0.0000000000
84239  -38.452  -4.109  -5.520 0.0000000000
84240  -38.863  -4.035  -5.040 0.0000000000
84245  -34.102  -4.103  -6.557 0.0000000000
84246  -34.776  -4.445  -6.463 0.0000000000
84247  -35.775  -4.299  -6.584 0.0000000000
84248  -36.664  -4.193  -6.507 0.0000000000
84249  -37.521  -4.130  -6.241 0.0000000000
84250  -38.038  -4.107  -5.951 0.0000000000
85343  -46.046  -2.712  3.690 0.0000000000
85354  -45.831  -3.363  3.166 0.0000000000
85355  -46.340  -2.871  2.971 0.0000000000
85365  -45.023  -3.883  1.255 0.0000000000
85366  -45.587  -3.549  1.798 0.0000000000
85367  -46.398  -2.807  2.084 0.0000000000
85377  -32.576  -3.231  1.019 0.0000000000
85378  -43.868  -3.794  0.435 0.0000000000
85379  -44.567  -3.680  0.668 0.0000000000
85380  -45.406  -3.038  0.810 0.0000000000
85384  -32.586  -3.486  -0.155 0.0000000000
85385  -42.674  -3.386  -0.481 0.0000000000
85386  -43.406  -3.447  0.073 0.0000000000
85387  -44.197  -2.877  0.133 0.0000000000
85392  -32.627  -3.581  -1.242 0.0000000000
85393  -41.638  -3.567  -1.732 0.0000000000
85394  -42.121  -3.438  -1.120 0.0000000000
85402  -30.725  -4.128  -3.221 0.0000000000
85403  -31.047  -4.382  -3.227 0.0000000000
85404  -32.024  -3.683  -2.457 0.0000000000
85405  -40.862  -3.888  -2.825 0.0000000000
85406  -41.219  -3.613  -2.441 0.0000000000
85418  -30.588  -3.923  -3.262 0.0000000000
85419  -31.143  -3.676  -3.530 0.0000000000
85420  -32.223  -3.171  -3.324 0.0000000000
85421  -40.715  -3.646  -3.261 0.0000000000
85422  -41.123  -2.987  -3.138 0.0000000000
85427  -30.919  -3.628  -5.085 0.0000000000
85428  -31.219  -3.731  -4.719 0.0000000000
85429  -39.547  -3.468  -4.737 0.0000000000
85430  -40.078  -3.461  -4.185 0.0000000000
85435  -31.080  -3.628  -5.302 0.0000000000
85436  -31.567  -3.781  -5.511 0.0000000000
85437  -32.235  -4.031  -5.933 0.0000000000
85438  -32.976  -4.073  -6.090 0.0000000000
85439  -38.595  -3.706  -5.702 0.0000000000
85440  -39.047  -3.459  -5.385 0.0000000000
85445  -31.815  -3.378  -6.149 0.0000000000
85446  -32.548  -3.413  -6.376 0.0000000000
85447  -33.531  -3.538  -6.633 0.0000000000
85448  -34.391  -3.666  -6.876 0.0000000000
85449  -35.220  -3.737  -7.019 0.0000000000
85450  -36.148  -3.679  -7.032 0.0000000000
85451  -37.180  -3.510  -6.885 0.0000000000
85452  -38.286  -3.540  -6.219 0.0000000000
85453  -38.947  -2.878  -6.123 0.0000000000
85458  -34.078  -3.046  -7.130 0.0000000000
85459  -34.748  -3.047  -7.389 0.0000000000
85460  -35.605  -3.086  -7.528 0.0000000000
85461  -36.488  -3.054  -7.475 0.0000000000
85462  -37.190  -2.856  -7.429 0.0000000000
86534  -46.542  -2.041  3.959 0.0000000000
86535  -47.032  -1.711  3.778 0.0000000000
86545  -46.977  -2.259  2.839 0.0000000000
86546  -47.066  -1.932  3.525 0.0000000000
86555  -46.019  -2.724  1.264 0.0000000000
86556  -46.624  -2.308  1.686 0.0000000000
86564  -32.698  -2.428  0.618 0.0000000000
86565  -44.934  -2.732  0.292 0.0000000000
86566  -45.715  -2.280  0.493 0.0000000000
86567  -46.243  -2.256  1.022 0.0000000000
86571  -32.348  -2.034  -0.802 0.0000000000
86572  -32.524  -2.668  -0.534 0.0000000000
86573  -42.776  -2.531  -0.637 0.0000000000
86574  -43.652  -2.355  -0.178 0.0000000000
86575  -44.540  -2.205  -0.027 0.0000000000
86576  -45.140  -2.212  0.096 0.0000000000
86580  -32.437  -1.935  -1.190 0.0000000000
86581  -32.728  -2.501  -1.566 0.0000000000
86582  -41.791  -2.975  -1.894 0.0000000000
86583  -42.259  -2.459  -1.511 0.0000000000
86588  -32.847  -2.594  -2.710 0.0000000000
86589  -41.676  -2.463  -2.670 0.0000000000
86590  -42.017  -2.408  -2.089 0.0000000000
86602  -31.943  -3.107  -4.091 0.0000000000
86603  -32.613  -2.507  -3.625 0.0000000000
86604  -40.751  -2.854  -3.801 0.0000000000
86605  -41.248  -2.333  -3.575 0.0000000000
86610  -31.033  -3.286  -5.248 0.0000000000
86611  -31.687  -2.575  -4.825 0.0000000000
86612  -32.283  -2.526  -4.213 0.0000000000
86613  -39.780  -2.903  -4.944 0.0000000000
86614  -40.441  -2.362  -4.598 0.0000000000
86615  -40.884  -2.286  -4.093 0.0000000000
86619  -31.087  -3.421  -5.582 0.0000000000
86620  -31.420  -2.799  -5.796 0.0000000000
86621  -39.594  -2.367  -5.698 0.0000000000
86622  -40.031  -2.316  -5.161 0.0000000000
86626  -32.087  -2.634  -6.403 0.0000000000
86627  -32.915  -2.677  -6.696 0.0000000000
86628  -33.611  -2.523  -7.044 0.0000000000
86629  -37.885  -2.888  -7.099 0.0000000000
86630  -38.585  -2.690  -6.732 0.0000000000
86631  -39.146  -2.255  -6.543 0.0000000000
86635  -34.287  -2.301  -7.454 0.0000000000
86636  -35.136  -2.170  -7.875 0.0000000000
86637  -36.033  -2.529  -7.976 0.0000000000
86638  -36.809  -2.502  -7.856 0.0000000000
86639  -37.583  -2.281  -7.837 0.0000000000
86640  -38.392  -2.281  -7.378 0.0000000000
86641  -38.824  -2.230  -7.010 0.0000000000
86648  -35.309  -1.655  -8.232 0.0000000000
86649  -35.762  -1.880  -8.292 0.0000000000
86650  -36.525  -2.061  -8.266 0.0000000000
86651  -37.061  -2.156  -8.132 0.0000000000
87764  -47.099  -1.412  4.194 0.0000000000
87770  -47.324  -1.993  2.783 0.0000000000
87771  -47.461  -1.621  3.179 0.0000000000
87777  -47.210  -1.925  2.207 0.0000000000
87778  -47.580  -1.262  1.924 0.0000000000
87784  -45.908  -1.863  0.324 0.0000000000
87785  -46.563  -1.659  0.827 0.0000000000
87786  -47.369  -0.902  0.993 0.0000000000
87791  -32.343  -1.635  -0.555 0.0000000000
87792  -32.592  -1.565  0.096 0.0000000000
87793  -42.853  -1.994  -0.768 0.0000000000
87794  -43.236  -1.757  -0.655 0.0000000000
87795  -44.108  -1.561  -0.340 0.0000000000
87796  -45.367  -1.568  -0.079 0.0000000000
87797  -46.146  -0.936  0.066 0.0000000000
87802  -32.275  -1.597  -0.919 0.0000000000
87803  -32.558  -1.546  -1.347 0.0000000000
87804  -42.739  -1.795  -1.199 0.0000000000
87805  -43.232  -1.231  -1.155 0.0000000000
87810  -32.996  -1.596  -2.064 0.0000000000
87811  -41.919  -1.959  -2.739 0.0000000000
87812  -42.284  -1.695  -2.318 0.0000000000
87822  -33.198  -1.662  -3.082 0.0000000000
87823  -41.786  -1.694  -3.261 0.0000000000
87824  -42.254  -0.934  -3.136 0.0000000000
87834  -32.241  -1.875  -4.899 0.0000000000
87835  -32.696  -1.717  -4.217 0.0000000000
87836  -40.589  -1.838  -4.794 0.0000000000
87837  -41.083  -1.565  -4.421 0.0000000000
87842  -31.926  -1.831  -5.443 0.0000000000
87843  -39.838  -1.861  -5.781 0.0000000000
87844  -40.279  -1.598  -5.401 0.0000000000
87845  -40.858  -0.746  -5.161 0.0000000000
87849  -32.078  -1.687  -6.205 0.0000000000
87850  -32.633  -1.901  -6.643 0.0000000000
87851  -33.240  -1.971  -6.871 0.0000000000
87852  -39.664  -1.623  -6.259 0.0000000000
87853  -40.077  -0.907  -6.221 0.0000000000
87858  -32.540  -1.169  -6.662 0.0000000000
87859  -33.153  -1.240  -6.886 0.0000000000
87860  -33.779  -1.497  -7.348 0.0000000000
87861  -34.488  -1.454  -7.856 0.0000000000
87862  -37.701  -1.908  -8.118 0.0000000000
87863  -38.158  -1.719  -8.009 0.0000000000
87864  -39.068  -1.582  -7.303 0.0000000000
87873  -34.948  -1.320  -8.266 0.0000000000
87874  -35.460  -1.245  -8.545 0.0000000000
87875  -36.249  -1.431  -8.626 0.0000000000
87876  -37.298  -1.609  -8.398 0.0000000000
87877  -38.018  -1.066  -8.431 0.0000000000
88832  -47.652  -0.808  3.863 0.0000000000
88833  -48.137  0.006  3.589 0.0000000000
88843  -47.905  -0.632  2.832 0.0000000000
88844  -48.222  0.312  2.581 0.0000000000
88854  -47.973  -0.302  1.615 0.0000000000
88855  -48.303  0.548  1.721 0.0000000000
88863  -33.679  -0.654  0.772 0.0000000000
88865  -46.796  -0.765  0.429 0.0000000000
88866  -47.475  -0.163  0.448 0.0000000000
88874  -32.421  -1.292  -0.511 0.0000000000
88875  -32.805  -0.548  -0.174 0.0000000000
88876  -43.676  -1.070  -0.775 0.0000000000
88877  -44.481  -0.622  -0.666 0.0000000000
88878  -45.565  -0.469  -0.469 0.0000000000
88879  -46.548  -0.180  -0.251 0.0000000000
88880  -47.202  0.344  -0.255 0.0000000000
88886  -32.318  -1.075  -0.879 0.0000000000
88887  -32.516  -0.518  -1.315 0.0000000000
88888  -42.975  -1.120  -1.759 0.0000000000
88889  -43.643  -0.430  -1.525 0.0000000000
88890  -44.371  0.141  -1.262 0.0000000000
88895  -33.001  -0.547  -2.403 0.0000000000
88896  -42.953  -0.367  -2.624 0.0000000000
88897  -43.580  0.258  -2.284 0.0000000000
88902  -33.303  -0.583  -3.462 0.0000000000
88903  -41.862  -0.769  -3.923 0.0000000000
88904  -42.355  -0.082  -3.557 0.0000000000
88914  -32.547  -1.205  -5.004 0.0000000000
88915  -33.101  -0.480  -4.452 0.0000000000
88916  -41.460  -0.244  -4.772 0.0000000000
88917  -41.934  0.084  -4.190 0.0000000000
88925  -32.195  -0.912  -5.703 0.0000000000
88926  -32.740  -0.270  -5.224 0.0000000000
88927  -40.575  -0.351  -5.884 0.0000000000
88928  -41.062  -0.056  -5.435 0.0000000000
88934  -32.352  -0.539  -6.406 0.0000000000
88935  -32.315  -0.140  -5.809 0.0000000000
88936  -39.713  -0.805  -6.907 0.0000000000
88937  -40.196  -0.175  -6.677 0.0000000000
88944  -32.850  -0.474  -6.968 0.0000000000
88945  -33.486  -0.469  -7.431 0.0000000000
88946  -34.212  -0.490  -8.033 0.0000000000
88947  -34.619  -0.918  -8.224 0.0000000000
88948  -38.635  -0.864  -8.058 0.0000000000
88949  -39.340  -0.375  -7.676 0.0000000000
88950  -39.836  -0.102  -7.233 0.0000000000
88959  -34.347  -0.016  -8.552 0.0000000000
88960  -34.854  -0.383  -8.778 0.0000000000
88961  -35.827  -0.713  -8.981 0.0000000000
88962  -36.737  -0.860  -8.980 0.0000000000
88963  -37.564  -0.709  -8.848 0.0000000000
88964  -38.325  -0.299  -8.709 0.0000000000
88965  -38.908  -0.126  -8.279 0.0000000000
88974  -35.055  0.205  -9.236 0.0000000000
88975  -35.508  0.017  -9.344 0.0000000000
88976  -36.345  -0.216  -9.427 0.0000000000
88977  -37.177  -0.287  -9.400 0.0000000000
88978  -37.848  -0.123  -9.239 0.0000000000
89929  -48.436  0.975  3.305 0.0000000000
89936  -48.458  1.314  2.226 0.0000000000
89943  -48.164  0.415  0.890 0.0000000000
89944  -48.454  1.119  1.193 0.0000000000
89949  -47.841  0.685  0.017 0.0000000000
89950  -48.272  0.992  0.491 0.0000000000
89953  -33.356  0.596  -0.396 0.0000000000
89955  -45.063  0.217  -0.949 0.0000000000
89956  -45.914  0.326  -0.833 0.0000000000
89957  -46.732  0.700  -0.793 0.0000000000
89958  -47.374  0.851  -0.545 0.0000000000
89962  -32.673  0.682  -1.571 0.0000000000
89963  -44.040  0.564  -1.831 0.0000000000
89964  -44.763  0.924  -1.537 0.0000000000
89965  -45.515  0.848  -1.274 0.0000000000
89966  -46.161  0.939  -1.187 0.0000000000
89970  -32.945  0.570  -2.758 0.0000000000
89973  -44.312  1.301  -2.091 0.0000000000
89977  -33.135  0.524  -3.850 0.0000000000
89987  -33.129  0.552  -4.810 0.0000000000
89999  -32.604  0.556  -5.549 0.0000000000
90000  -41.022  0.336  -5.902 0.0000000000
90001  -41.462  0.689  -5.478 0.0000000000
90009  -32.409  0.270  -6.994 0.0000000000
90010  -32.100  0.388  -6.294 0.0000000000
90011  -40.756  0.564  -6.520 0.0000000000
90012  -41.218  0.853  -6.140 0.0000000000
90018  -33.057  0.362  -7.444 0.0000000000
90019  -33.775  0.538  -8.062 0.0000000000
90020  -34.168  0.189  -8.374 0.0000000000
90021  -39.714  0.289  -7.624 0.0000000000
90022  -40.208  0.567  -7.272 0.0000000000
90029  -33.963  1.150  -8.451 0.0000000000
90030  -34.363  0.754  -8.869 0.0000000000
90031  -34.820  0.340  -9.160 0.0000000000
90032  -38.785  0.311  -8.672 0.0000000000
90033  -39.387  0.647  -8.244 0.0000000000
90034  -39.843  0.693  -7.734 0.0000000000
90043  -34.559  1.366  -9.576 0.0000000000
90044  -35.131  0.876  -9.682 0.0000000000
90045  -36.049  0.449  -9.851 0.0000000000
90046  -36.884  0.244  -9.874 0.0000000000
90047  -37.630  0.280  -9.672 0.0000000000
90048  -38.402  0.617  -9.348 0.0000000000
90049  -38.908  0.724  -8.811 0.0000000000
90061  -35.420  1.351  -10.242 0.0000000000
90062  -35.889  1.104  -10.256 0.0000000000
90063  -36.680  0.890  -10.268 0.0000000000
90064  -37.451  0.763  -10.098 0.0000000000
90065  -37.925  0.689  -9.847 0.0000000000
91006  -48.614  2.238  2.168 0.0000000000
91014  -48.548  1.971  1.381 0.0000000000
91020  -48.160  1.262  0.009 0.0000000000
91021  -48.393  1.672  0.451 0.0000000000
91026  -47.219  1.207  -0.921 0.0000000000
91027  -47.814  1.488  -0.593 0.0000000000
91028  -48.202  1.638  -0.145 0.0000000000
91032  -45.354  1.368  -1.643 0.0000000000
91033  -45.943  1.350  -1.548 0.0000000000
91034  -46.750  1.568  -1.421 0.0000000000
91035  -47.372  1.585  -1.075 0.0000000000
91038  -32.846  1.659  -3.191 0.0000000000
91040  -44.943  1.824  -2.124 0.0000000000
91041  -45.739  1.792  -1.959 0.0000000000
91042  -46.193  1.702  -1.758 0.0000000000
91045  -32.958  1.546  -4.308 0.0000000000
91052  -32.780  1.469  -5.251 0.0000000000
91060  -32.113  1.340  -6.075 0.0000000000
91070  -32.616  1.093  -7.389 0.0000000000
91071  -32.158  1.029  -6.857 0.0000000000
91072  -41.115  1.236  -6.516 0.0000000000
91083  -33.223  1.245  -7.787 0.0000000000
91084  -33.629  1.557  -8.245 0.0000000000
91085  -40.789  1.574  -7.099 0.0000000000
91086  -41.187  1.691  -6.603 0.0000000000
91099  -33.882  1.703  -8.791 0.0000000000
91100  -34.145  1.810  -9.389 0.0000000000
91101  -39.717  1.793  -8.514 0.0000000000
91102  -40.075  1.266  -7.806 0.0000000000
91111  -34.439  1.945  -10.045 0.0000000000
91112  -34.756  1.468  -9.942 0.0000000000
91113  -38.690  1.718  -9.709 0.0000000000
91114  -39.085  1.316  -9.026 0.0000000000
91124  -34.673  2.252  -10.406 0.0000000000
91125  -35.016  1.773  -10.395 0.0000000000
91126  -35.736  1.716  -10.584 0.0000000000
91127  -36.494  1.601  -10.598 0.0000000000
91128  -37.382  1.506  -10.460 0.0000000000
91129  -38.099  1.245  -10.075 0.0000000000
92193  -48.833  2.990  2.536 0.0000000000
92200  -48.607  2.880  1.551 0.0000000000
92207  -48.538  2.596  0.612 0.0000000000
92213  -47.967  2.029  -0.779 0.0000000000
92214  -48.260  2.214  -0.327 0.0000000000
92219  -47.014  2.576  -1.859 0.0000000000
92220  -47.614  2.194  -1.200 0.0000000000
92221  -48.014  2.314  -0.835 0.0000000000
92227  -44.736  2.775  -2.747 0.0000000000
92228  -45.642  2.521  -2.436 0.0000000000
92229  -46.335  2.191  -2.031 0.0000000000
92241  -32.594  2.561  -4.852 0.0000000000
92248  -32.377  2.418  -5.911 0.0000000000
92255  -32.249  1.814  -6.902 0.0000000000
92256  -32.601  2.080  -7.034 0.0000000000
92267  -32.963  1.684  -7.547 0.0000000000
92268  -33.252  2.256  -7.855 0.0000000000
92269  -40.933  2.605  -7.264 0.0000000000
92270  -41.332  2.396  -6.654 0.0000000000
92281  -33.506  2.446  -8.602 0.0000000000
92282  -33.686  2.519  -9.254 0.0000000000
92283  -39.968  2.720  -8.614 0.0000000000
92284  -40.393  2.388  -7.873 0.0000000000
92292  -34.026  2.612  -9.833 0.0000000000
92293  -38.768  2.241  -9.835 0.0000000000
92294  -39.269  2.483  -9.436 0.0000000000
92304  -34.433  2.717  -10.326 0.0000000000
92305  -34.947  2.708  -10.730 0.0000000000
92306  -35.537  2.377  -10.871 0.0000000000
92307  -36.239  2.284  -10.951 0.0000000000
92308  -37.123  2.286  -10.870 0.0000000000
92309  -38.330  2.554  -10.339 0.0000000000
92310  -38.962  3.090  -9.864 0.0000000000
92325  -35.435  3.014  -11.145 0.0000000000
92326  -35.950  2.905  -11.349 0.0000000000
92327  -36.692  2.966  -11.314 0.0000000000
92328  -37.543  3.100  -11.109 0.0000000000
92329  -38.047  3.296  -10.877 0.0000000000
93257  -48.688  3.792  1.695 0.0000000000
93265  -48.685  3.592  0.770 0.0000000000
93273  -48.553  3.244  -0.192 0.0000000000
93279  -47.074  3.132  -2.056 0.0000000000
93280  -47.564  3.347  -1.703 0.0000000000
93281  -48.094  2.869  -0.907 0.0000000000
93287  -44.831  3.386  -2.864 0.0000000000
93288  -45.377  3.625  -2.744 0.0000000000
93289  -46.527  3.230  -2.361 0.0000000000
93290  -47.106  3.436  -2.158 0.0000000000
93300  -44.847  3.670  -2.908 0.0000000000
93323  -32.618  3.467  -6.725 0.0000000000
93335  -32.885  3.340  -7.659 0.0000000000
93336  -40.732  3.347  -7.496 0.0000000000
93347  -33.215  3.332  -8.404 0.0000000000
93348  -33.356  3.318  -9.091 0.0000000000
93349  -39.855  3.533  -8.903 0.0000000000
93350  -40.317  3.470  -8.137 0.0000000000
93358  -33.651  3.371  -9.691 0.0000000000
93359  -39.374  3.631  -9.558 0.0000000000
93369  -34.019  3.394  -10.266 0.0000000000
93370  -34.534  3.425  -10.733 0.0000000000
93371  -38.419  3.752  -10.748 0.0000000000
93372  -38.920  3.704  -10.161 0.0000000000
93386  -35.041  3.491  -11.225 0.0000000000
93387  -35.656  3.613  -11.654 0.0000000000
93388  -36.289  3.519  -11.733 0.0000000000
93389  -37.116  3.831  -11.784 0.0000000000
93390  -37.925  3.819  -11.323 0.0000000000
93406  -36.000  3.883  -12.013 0.0000000000
93407  -36.414  4.081  -12.153 0.0000000000
93408  -36.916  4.332  -12.297 0.0000000000
94316  -48.989  4.428  1.764 0.0000000000
94325  -49.019  4.608  0.943 0.0000000000
94326  -49.228  4.801  1.407 0.0000000000
94335  -48.892  4.323  -0.134 0.0000000000
94344  -47.846  4.616  -1.812 0.0000000000
94345  -48.374  3.946  -1.054 0.0000000000
94352  -45.310  4.810  -2.808 0.0000000000
94353  -46.244  4.483  -2.625 0.0000000000
94354  -47.149  4.082  -2.323 0.0000000000
94367  -44.815  4.195  -2.983 0.0000000000
94403  -40.628  4.373  -7.485 0.0000000000
94414  -32.994  4.354  -8.278 0.0000000000
94415  -33.214  4.243  -8.947 0.0000000000
94416  -39.720  4.476  -9.091 0.0000000000
94417  -40.160  4.451  -8.352 0.0000000000
94430  -33.412  4.100  -9.501 0.0000000000
94431  -39.359  4.534  -9.782 0.0000000000
94445  -33.658  4.319  -10.209 0.0000000000
94446  -34.099  3.998  -10.724 0.0000000000
94447  -38.357  4.477  -11.190 0.0000000000
94448  -38.912  4.744  -10.541 0.0000000000
94464  -33.942  4.731  -11.024 0.0000000000
94465  -34.541  4.196  -11.323 0.0000000000
94466  -35.169  4.109  -11.720 0.0000000000
94467  -37.272  4.417  -12.174 0.0000000000
94468  -37.818  4.711  -11.903 0.0000000000
94485  -34.230  4.938  -11.708 0.0000000000
94486  -34.850  4.785  -12.096 0.0000000000
94487  -35.732  4.482  -12.376 0.0000000000
94488  -36.515  4.578  -12.643 0.0000000000
94489  -37.246  4.868  -12.675 0.0000000000
94490  -37.721  5.360  -12.440 0.0000000000
94507  -36.153  4.939  -12.966 0.0000000000
94508  -36.664  5.018  -13.234 0.0000000000
94509  -37.163  5.276  -13.351 0.0000000000
95510  -49.271  5.112  0.710 0.0000000000
95511  -49.477  5.446  1.070 0.0000000000
95518  -49.185  5.340  0.135 0.0000000000
95519  -49.397  6.168  0.261 0.0000000000
95529  -47.878  5.471  -1.836 0.0000000000
95530  -48.574  5.385  -1.135 0.0000000000
95542  -45.871  5.666  -2.682 0.0000000000
95543  -47.082  5.500  -2.367 0.0000000000
95599  -40.416  5.330  -7.829 0.0000000000
95614  -33.085  5.062  -8.814 0.0000000000
95615  -39.630  5.195  -9.338 0.0000000000
95616  -39.993  5.491  -8.659 0.0000000000
95632  -32.967  5.818  -9.004 0.0000000000
95633  -33.305  5.245  -9.584 0.0000000000
95634  -39.396  5.481  -9.904 0.0000000000
95647  -33.555  5.442  -10.604 0.0000000000
95648  -38.577  5.473  -11.294 0.0000000000
95649  -39.112  5.864  -10.553 0.0000000000
95666  -33.802  5.573  -11.509 0.0000000000
95667  -38.122  5.720  -12.083 0.0000000000
95683  -34.303  5.605  -12.394 0.0000000000
95684  -35.176  5.423  -13.054 0.0000000000
95685  -35.793  5.096  -12.997 0.0000000000
95686  -37.559  5.761  -12.982 0.0000000000
95687  -37.829  5.824  -12.512 0.0000000000
95698  -35.308  5.815  -14.141 0.0000000000
95699  -36.000  5.260  -13.780 0.0000000000
95700  -36.839  5.325  -13.898 0.0000000000
95701  -37.294  5.721  -13.774 0.0000000000
95716  -35.300  5.998  -14.691 0.0000000000
95717  -35.764  5.845  -14.792 0.0000000000
95718  -36.553  5.783  -14.532 0.0000000000
95719  -37.044  5.689  -14.226 0.0000000000
95737  -34.191  6.576  -16.013 0.0000000000
95738  -34.670  6.639  -15.944 0.0000000000
95739  -34.986  6.672  -15.824 0.0000000000
95740  -36.027  6.099  -15.148 0.0000000000
95741  -36.207  5.969  -14.931 0.0000000000
95767  -34.323  6.843  -16.213 0.0000000000
95768  -34.535  6.746  -16.150 0.0000000000
95769  -35.217  6.575  -16.015 0.0000000000
96746  -49.927  6.300  1.581 0.0000000000
96754  -49.647  6.757  0.745 0.0000000000
96761  -49.001  6.480  -0.511 0.0000000000
96762  -49.380  6.897  0.018 0.0000000000
96768  -47.821  6.363  -1.846 0.0000000000
96769  -48.469  6.625  -1.256 0.0000000000
96777  -46.334  6.621  -2.571 0.0000000000
96778  -47.098  6.662  -2.332 0.0000000000
96853  -39.700  5.970  -9.305 0.0000000000
96854  -40.039  6.488  -8.858 0.0000000000
96866  -32.867  6.403  -9.596 0.0000000000
96867  -33.123  6.291  -10.276 0.0000000000
96868  -39.485  6.566  -9.864 0.0000000000
96869  -39.774  6.540  -9.320 0.0000000000
96880  -33.438  6.415  -11.115 0.0000000000
96881  -38.935  6.259  -11.053 0.0000000000
96882  -39.228  6.658  -10.660 0.0000000000
96892  -33.811  6.454  -12.032 0.0000000000
96893  -38.633  6.607  -11.637 0.0000000000
96894  -39.029  6.704  -11.111 0.0000000000
96907  -34.235  6.494  -12.932 0.0000000000
96908  -34.600  5.949  -13.022 0.0000000000
96909  -37.731  6.301  -13.037 0.0000000000
96910  -38.011  6.439  -12.614 0.0000000000
96922  -34.370  6.716  -13.441 0.0000000000
96923  -34.681  6.279  -13.697 0.0000000000
96924  -37.635  6.373  -13.525 0.0000000000
96925  -37.831  6.608  -13.117 0.0000000000
96936  -34.887  6.264  -14.673 0.0000000000
96937  -35.265  6.181  -15.071 0.0000000000
96938  -36.774  6.130  -14.699 0.0000000000
96939  -37.203  6.271  -14.413 0.0000000000
96951  -33.826  6.834  -15.830 0.0000000000
96952  -34.455  6.703  -15.704 0.0000000000
96953  -34.823  6.532  -15.520 0.0000000000
96954  -35.630  6.550  -15.494 0.0000000000
96955  -36.520  6.447  -15.058 0.0000000000
96956  -37.090  6.845  -14.874 0.0000000000
96979  -34.069  7.092  -16.140 0.0000000000
96980  -34.474  7.093  -16.275 0.0000000000
96981  -35.015  6.915  -16.046 0.0000000000
96982  -35.446  6.984  -15.959 0.0000000000
97910  -50.053  7.238  1.334 0.0000000000
97916  -49.919  7.810  0.749 0.0000000000
97917  -50.189  7.797  1.235 0.0000000000
97922  -49.181  7.643  -0.467 0.0000000000
97923  -49.552  7.475  0.200 0.0000000000
97929  -48.030  7.568  -1.603 0.0000000000
97930  -48.686  7.318  -1.016 0.0000000000
97938  -46.729  7.508  -2.452 0.0000000000
97939  -47.409  7.278  -2.126 0.0000000000
98007  -40.312  7.327  -8.597 0.0000000000
98020  -32.914  6.897  -10.062 0.0000000000
98021  -39.720  7.523  -9.832 0.0000000000
98022  -39.913  7.104  -9.301 0.0000000000
98032  -33.106  7.364  -10.623 0.0000000000
98033  -39.436  7.242  -10.331 0.0000000000
98042  -33.486  7.349  -11.639 0.0000000000
98043  -38.831  7.536  -11.694 0.0000000000
98044  -39.206  7.311  -11.070 0.0000000000
98064  -33.782  7.294  -12.586 0.0000000000
98065  -38.474  7.364  -12.298 0.0000000000
98081  -34.117  7.152  -13.354 0.0000000000
98082  -34.385  6.884  -13.799 0.0000000000
98083  -37.643  6.771  -13.964 0.0000000000
98084  -38.051  7.296  -13.384 0.0000000000
98099  -34.151  7.400  -14.100 0.0000000000
98100  -34.480  6.774  -14.426 0.0000000000
98101  -37.543  7.240  -14.480 0.0000000000
98102  -38.001  8.026  -14.232 0.0000000000
98117  -34.082  7.006  -15.599 0.0000000000
98118  -34.201  7.188  -15.282 0.0000000000
98119  -34.535  6.627  -14.994 0.0000000000
98120  -35.679  7.034  -15.899 0.0000000000
98121  -36.133  7.121  -15.786 0.0000000000
98122  -37.057  7.495  -15.500 0.0000000000
98138  -34.318  7.103  -15.872 0.0000000000
98139  -34.067  7.485  -16.163 0.0000000000
98140  -34.746  7.703  -16.652 0.0000000000
98141  -35.520  7.500  -16.383 0.0000000000
98142  -36.384  7.795  -16.346 0.0000000000
98143  -37.029  8.190  -16.306 0.0000000000
99136  -50.049  8.794  0.584 0.0000000000
99142  -49.176  8.792  -0.607 0.0000000000
99143  -49.593  8.309  0.054 0.0000000000
99149  -47.873  8.840  -1.625 0.0000000000
99150  -48.632  8.273  -1.135 0.0000000000
99159  -47.243  8.239  -2.109 0.0000000000
99240  -39.858  7.914  -9.870 0.0000000000
99241  -40.201  8.140  -9.420 0.0000000000
99251  -39.639  8.080  -10.356 0.0000000000
99252  -40.029  8.925  -10.132 0.0000000000
99263  -38.774  7.919  -12.011 0.0000000000
99264  -39.218  8.400  -11.563 0.0000000000
99285  -33.365  8.241  -12.318 0.0000000000
99286  -38.711  8.311  -12.597 0.0000000000
99287  -39.229  9.153  -12.342 0.0000000000
99312  -33.637  7.966  -13.344 0.0000000000
99313  -38.484  8.601  -13.668 0.0000000000
99330  -33.745  8.189  -14.441 0.0000000000
99331  -37.721  8.061  -14.958 0.0000000000
99332  -38.262  8.909  -14.739 0.0000000000
99350  -33.818  8.391  -15.531 0.0000000000
99351  -37.683  8.702  -15.817 0.0000000000
99352  -38.205  9.410  -15.446 0.0000000000
99369  -34.090  8.475  -16.518 0.0000000000
99370  -34.858  8.395  -17.216 0.0000000000
99371  -35.861  8.249  -17.045 0.0000000000
99372  -36.574  8.457  -16.853 0.0000000000
99373  -37.154  8.830  -16.688 0.0000000000
99393  -34.875  8.797  -17.936 0.0000000000
99394  -35.502  8.815  -17.775 0.0000000000
99395  -36.223  8.834  -17.442 0.0000000000
99396  -36.705  8.999  -17.138 0.0000000000
99415  -34.853  9.109  -18.299 0.0000000000
99416  -35.182  8.974  -18.183 0.0000000000
100323  -49.186  9.702  -0.617 0.0000000000
100324  -49.693  9.378  -0.047 0.0000000000
100333  -48.557  9.486  -1.164 0.0000000000
100415  -40.683  8.887  -8.753 0.0000000000
100429  -40.600  9.447  -9.556 0.0000000000
100430  -41.212  10.201  -9.420 0.0000000000
100440  -39.717  9.023  -10.846 0.0000000000
100441  -40.275  9.805  -10.643 0.0000000000
100455  -39.729  9.772  -11.714 0.0000000000
100456  -40.276  10.364  -11.353 0.0000000000
100485  -38.995  9.308  -13.119 0.0000000000
100486  -39.415  9.971  -12.730 0.0000000000
100518  -38.849  9.726  -14.013 0.0000000000
100519  -39.228  10.030  -13.411 0.0000000000
100535  -38.566  9.967  -14.958 0.0000000000
100546  -33.609  9.738  -15.970 0.0000000000
100547  -38.026  9.536  -16.000 0.0000000000
100548  -38.346  9.990  -15.672 0.0000000000
100566  -33.884  9.329  -17.338 0.0000000000
100567  -34.449  8.811  -17.693 0.0000000000
100568  -37.543  9.535  -16.571 0.0000000000
100569  -38.067  10.175  -16.335 0.0000000000
100590  -33.634  9.573  -18.354 0.0000000000
100591  -34.341  9.106  -18.089 0.0000000000
100592  -35.990  9.244  -17.897 0.0000000000
100593  -36.517  9.576  -17.557 0.0000000000
100594  -37.004  9.401  -17.044 0.0000000000
100609  -33.653  9.708  -19.101 0.0000000000
100610  -34.430  9.481  -18.642 0.0000000000
100611  -35.418  9.626  -18.324 0.0000000000
100612  -36.085  9.693  -17.971 0.0000000000
100630  -33.784  9.911  -19.511 0.0000000000
100631  -34.341  9.858  -19.226 0.0000000000
100632  -34.852  9.893  -18.812 0.0000000000
101576  -48.849  10.342  -0.864 0.0000000000
101672  -40.809  10.354  -10.066 0.0000000000
101673  -41.310  10.879  -9.793 0.0000000000
101680  -40.714  10.824  -10.824 0.0000000000
101681  -41.029  10.849  -10.305 0.0000000000
101694  -40.091  10.563  -11.865 0.0000000000
101695  -40.401  10.966  -11.627 0.0000000000
101724  -39.843  10.794  -12.481 0.0000000000
101725  -40.165  10.956  -12.089 0.0000000000
101747  -39.205  10.422  -13.809 0.0000000000
101748  -39.458  10.693  -13.331 0.0000000000
101759  -39.072  10.765  -14.412 0.0000000000
101760  -39.298  10.798  -13.856 0.0000000000
101768  -38.689  10.918  -15.534 0.0000000000
101781  -33.308  10.430  -16.839 0.0000000000
101782  -37.594  10.070  -16.740 0.0000000000
101800  -36.669  10.020  -17.623 0.0000000000
101801  -37.147  10.082  -17.269 0.0000000000
101802  -37.748  10.385  -16.886 0.0000000000
101817  -32.806  9.928  -18.920 0.0000000000
101818  -35.709  10.178  -18.524 0.0000000000
101819  -36.474  10.302  -18.153 0.0000000000
101820  -37.350  10.579  -17.719 0.0000000000
101836  -33.146  10.148  -19.747 0.0000000000
101837  -34.051  10.226  -19.819 0.0000000000
101838  -35.299  10.526  -19.182 0.0000000000
101839  -36.309  10.762  -18.879 0.0000000000
101861  -33.325  10.700  -20.531 0.0000000000
101862  -34.339  10.776  -20.304 0.0000000000
101863  -35.019  11.130  -20.163 0.0000000000
101885  -33.161  11.109  -21.247 0.0000000000
102948  -41.706  11.704  -9.512 0.0000000000
102949  -41.997  11.760  -8.965 0.0000000000
102955  -40.925  11.269  -10.866 0.0000000000
102956  -41.208  11.405  -10.496 0.0000000000
102970  -40.860  11.586  -11.275 0.0000000000
102971  -41.239  11.935  -10.858 0.0000000000
103000  -40.044  11.236  -12.691 0.0000000000
103001  -40.348  11.500  -12.349 0.0000000000
103020  -39.914  11.447  -13.185 0.0000000000
103021  -40.329  11.905  -13.000 0.0000000000
103032  -39.428  11.203  -13.867 0.0000000000
103037  -39.194  11.392  -14.883 0.0000000000
103057  -37.694  10.668  -17.334 0.0000000000
103068  -36.885  10.881  -18.689 0.0000000000
103069  -37.883  11.446  -17.963 0.0000000000
103070  -38.617  12.704  -17.882 0.0000000000
103082  -35.581  11.201  -19.846 0.0000000000
103083  -36.548  11.394  -19.460 0.0000000000
103084  -37.496  12.160  -19.167 0.0000000000
103099  -33.782  11.039  -20.976 0.0000000000
103100  -34.478  11.325  -20.969 0.0000000000
103101  -35.472  11.742  -20.620 0.0000000000
103102  -36.380  12.171  -20.293 0.0000000000
104119  -41.911  12.534  -9.742 0.0000000000
104120  -42.188  12.276  -9.048 0.0000000000
104129  -41.544  12.325  -10.402 0.0000000000
104143  -40.780  12.357  -11.931 0.0000000000
104144  -41.236  12.448  -11.213 0.0000000000
104166  -40.557  12.379  -12.686 0.0000000000
104187  -39.668  11.807  -14.047 0.0000000000
104188  -40.238  12.413  -13.651 0.0000000000
104205  -40.128  12.917  -14.316 0.0000000000
104224  -39.422  12.948  -16.073 0.0000000000
104230  -38.737  13.341  -17.408 0.0000000000
104237  -38.175  12.778  -18.672 0.0000000000
104238  -38.596  13.529  -18.078 0.0000000000
104247  -36.996  12.327  -19.844 0.0000000000
104248  -37.427  13.147  -19.530 0.0000000000
104262  -35.832  12.653  -20.783 0.0000000000
104263  -36.654  13.059  -20.279 0.0000000000
104264  -36.943  13.705  -19.925 0.0000000000
105210  -42.585  12.821  -8.861 0.0000000000
105218  -41.876  12.971  -10.194 0.0000000000
105219  -42.389  13.305  -9.690 0.0000000000
105220  -42.749  13.300  -9.011 0.0000000000
105229  -41.615  13.235  -10.846 0.0000000000
105230  -42.002  13.417  -10.356 0.0000000000
105243  -40.769  12.848  -12.308 0.0000000000
105244  -41.115  13.300  -11.833 0.0000000000
105256  -40.698  13.325  -12.813 0.0000000000
105257  -41.009  13.843  -12.324 0.0000000000
105269  -40.439  13.412  -13.769 0.0000000000
105283  -39.822  13.141  -15.068 0.0000000000
105284  -40.128  13.529  -14.660 0.0000000000
105296  -39.755  13.547  -15.401 0.0000000000
105297  -40.067  14.047  -14.977 0.0000000000
105305  -38.940  13.734  -16.761 0.0000000000
105306  -39.394  13.874  -16.104 0.0000000000
105312  -38.596  14.045  -17.420 0.0000000000
105318  -37.977  13.954  -18.739 0.0000000000
105319  -38.453  14.245  -18.034 0.0000000000
105324  -36.939  14.613  -19.880 0.0000000000
105325  -37.206  14.192  -19.608 0.0000000000
105335  -36.000  13.438  -20.803 0.0000000000
105336  -36.564  14.194  -20.324 0.0000000000
105337  -36.869  14.016  -19.912 0.0000000000
106276  -42.666  14.402  -9.962 0.0000000000
106277  -43.008  14.090  -9.160 0.0000000000
106287  -41.553  13.939  -11.320 0.0000000000
106288  -42.113  14.167  -10.679 0.0000000000
106301  -41.359  14.341  -11.956 0.0000000000
106302  -41.751  14.564  -11.381 0.0000000000
106312  -40.644  14.000  -13.272 0.0000000000
106313  -40.976  14.365  -12.749 0.0000000000
106327  -40.558  14.365  -13.855 0.0000000000
106328  -40.775  14.489  -13.281 0.0000000000
106342  -40.285  14.560  -14.612 0.0000000000
106355  -39.599  14.595  -15.790 0.0000000000
106356  -39.980  14.609  -15.189 0.0000000000
106364  -38.795  14.644  -17.012 0.0000000000
106365  -39.198  14.628  -16.428 0.0000000000
106370  -38.520  14.773  -17.605 0.0000000000
106377  -37.657  14.928  -18.965 0.0000000000
106378  -38.160  14.870  -18.256 0.0000000000
106385  -36.822  15.067  -20.095 0.0000000000
106386  -37.210  15.072  -19.604 0.0000000000
106393  -36.435  15.111  -20.577 0.0000000000
107274  -42.947  15.286  -9.643 0.0000000000
107285  -42.578  15.282  -10.433 0.0000000000
107297  -41.735  15.023  -11.765 0.0000000000
107298  -42.176  15.294  -11.255 0.0000000000
107303  -41.536  15.287  -12.410 0.0000000000
107304  -41.932  15.623  -11.851 0.0000000000
107315  -40.619  15.385  -14.118 0.0000000000
107316  -41.056  15.200  -13.313 0.0000000000
107326  -40.251  15.470  -14.830 0.0000000000
107340  -39.528  15.496  -16.146 0.0000000000
107341  -39.899  15.491  -15.493 0.0000000000
107356  -38.789  15.261  -17.319 0.0000000000
107357  -39.183  15.513  -16.859 0.0000000000
107360  -38.577  15.654  -17.880 0.0000000000
107361  -39.002  15.868  -17.403 0.0000000000
107366  -37.645  15.838  -19.321 0.0000000000
107367  -38.114  15.751  -18.630 0.0000000000
107373  -37.236  15.907  -20.081 0.0000000000
108246  -42.794  16.356  -10.025 0.0000000000
108259  -42.511  16.294  -10.836 0.0000000000
108269  -41.917  16.283  -12.191 0.0000000000
108270  -42.248  16.276  -11.569 0.0000000000
108280  -41.081  16.339  -13.716 0.0000000000
108281  -41.580  16.280  -12.932 0.0000000000
108286  -40.557  16.406  -14.425 0.0000000000
108298  -39.861  16.433  -15.808 0.0000000000
108299  -40.176  16.418  -15.118 0.0000000000
108314  -39.529  16.452  -16.484 0.0000000000
108318  -38.776  16.626  -17.616 0.0000000000
108319  -39.191  16.535  -17.089 0.0000000000
108322  -37.856  16.751  -18.931 0.0000000000
108323  -38.362  16.684  -18.270 0.0000000000
109126  -41.902  18.123  -10.657 0.0000000000
109127  -42.440  17.360  -10.329 0.0000000000
109137  -41.835  17.810  -11.496 0.0000000000
109138  -42.285  17.189  -11.165 0.0000000000
109149  -41.712  17.334  -12.323 0.0000000000
109150  -42.085  17.000  -11.801 0.0000000000
109162  -40.789  17.485  -13.970 0.0000000000
109163  -41.353  17.386  -13.185 0.0000000000
109177  -40.359  17.402  -14.715 0.0000000000
109195  -39.707  17.473  -16.044 0.0000000000
109196  -40.074  17.383  -15.361 0.0000000000
109210  -39.337  17.430  -16.721 0.0000000000
109215  -38.461  17.688  -17.818 0.0000000000
109216  -38.918  17.500  -17.218 0.0000000000
110032  -41.392  18.318  -11.858 0.0000000000
110045  -40.888  18.626  -13.194 0.0000000000
110046  -41.358  18.126  -12.589 0.0000000000
110063  -39.788  18.945  -14.665 0.0000000000
110064  -40.187  18.676  -14.336 0.0000000000
110081  -39.719  18.537  -15.220 0.0000000000
110082  -40.176  18.024  -14.964 0.0000000000
110094  -39.110  18.553  -16.280 0.0000000000
110102  -39.078  18.073  -16.893 0.0000000000
111015  -23.132  19.874  -14.608 0.0000000000
111958  -23.414  20.744  -13.679 0.0000000000
111977  -21.689  20.658  -14.093 0.0000000000
111979  -23.018  20.396  -14.441 0.0000000000
112870  -21.136  21.602  -14.102 0.0000000000
113762  -20.528  22.523  -15.296 0.0000000000
113763  -20.905  22.103  -14.843 0.0000000000
148588  -38.530  11.886  -16.851 0.0000000000
148589  -39.047  12.300  -16.176 0.0000000000
148590  -39.351  12.509  -15.801 0.0000000000
148591  -39.381  11.518  -14.462 0.0000000000
148592  -39.527  12.382  -15.130 0.0000000000
148593  -39.610  12.939  -15.538 0.0000000000
148594  -38.676  11.659  -16.209 0.0000000000
148595  -38.713  12.621  -16.989 0.0000000000
148596  -38.214  10.927  -16.772 0.0000000000
148597  -38.343  11.462  -16.953 0.0000000000
