#!ascii label  , from subject ab_data vox2ras=TkReg
2109
4142  -10.912  -76.017  18.948 0.0000000000
4143  -11.259  -76.121  18.932 0.0000000000
4144  -11.924  -76.222  19.046 0.0000000000
4748  -12.668  -76.022  20.147 0.0000000000
4749  -13.199  -75.543  19.812 0.0000000000
4758  -10.932  -75.455  18.858 0.0000000000
4759  -11.818  -75.492  18.617 0.0000000000
4760  -12.687  -75.677  19.034 0.0000000000
4761  -13.319  -75.372  19.113 0.0000000000
5351  -13.492  -74.541  26.382 0.0000000000
5357  -13.695  -74.496  25.683 0.0000000000
5362  -13.753  -74.415  24.793 0.0000000000
5367  -13.782  -74.269  23.873 0.0000000000
5371  -14.129  -74.177  22.903 0.0000000000
5383  -13.648  -74.707  21.966 0.0000000000
5384  -14.802  -74.011  21.880 0.0000000000
5385  -15.199  -73.367  21.461 0.0000000000
5402  -13.638  -75.069  20.592 0.0000000000
5403  -14.573  -74.308  20.779 0.0000000000
5404  -15.052  -73.727  21.054 0.0000000000
5417  -13.762  -75.054  19.370 0.0000000000
5418  -14.344  -74.466  19.675 0.0000000000
5428  -11.502  -74.413  18.526 0.0000000000
5429  -12.548  -74.599  18.197 0.0000000000
5430  -13.427  -74.868  18.531 0.0000000000
5431  -14.127  -74.433  18.760 0.0000000000
5442  -13.325  -74.201  17.891 0.0000000000
5443  -13.924  -74.160  18.095 0.0000000000
5444  -14.288  -73.986  18.387 0.0000000000
6081  -8.849  -72.907  27.783 0.0000000000
6082  -9.207  -73.118  27.908 0.0000000000
6084  -11.394  -73.478  28.184 0.0000000000
6086  -12.792  -74.411  27.463 0.0000000000
6091  -13.334  -74.044  27.012 0.0000000000
6092  -13.850  -73.803  26.324 0.0000000000
6098  -14.291  -73.723  25.420 0.0000000000
6099  -14.799  -73.351  24.862 0.0000000000
6106  -14.334  -73.797  24.464 0.0000000000
6107  -15.022  -73.266  24.209 0.0000000000
6115  -14.558  -73.686  23.609 0.0000000000
6116  -15.272  -73.028  23.440 0.0000000000
6124  -14.972  -73.543  22.757 0.0000000000
6125  -15.330  -72.604  22.561 0.0000000000
6142  -15.254  -73.302  22.060 0.0000000000
6143  -15.313  -72.654  21.608 0.0000000000
6157  -14.978  -73.598  20.438 0.0000000000
6158  -15.172  -72.946  20.753 0.0000000000
6165  -14.810  -73.779  19.812 0.0000000000
6166  -15.013  -73.064  19.871 0.0000000000
6175  -11.110  -73.084  18.956 0.0000000000
6176  -12.056  -73.451  18.152 0.0000000000
6177  -14.640  -73.674  18.864 0.0000000000
6178  -14.892  -73.282  19.359 0.0000000000
6188  -12.919  -73.560  17.669 0.0000000000
6189  -13.734  -73.517  17.663 0.0000000000
6190  -14.342  -73.552  18.036 0.0000000000
6883  -10.002  -73.190  28.069 0.0000000000
6884  -10.244  -73.256  28.143 0.0000000000
6887  -8.694  -72.552  27.859 0.0000000000
6888  -9.003  -72.608  27.515 0.0000000000
6889  -9.773  -72.953  27.823 0.0000000000
6890  -10.767  -72.944  27.924 0.0000000000
6891  -11.830  -73.064  27.832 0.0000000000
6892  -12.735  -73.494  27.511 0.0000000000
6895  -9.406  -72.343  27.304 0.0000000000
6896  -10.132  -72.268  27.207 0.0000000000
6897  -11.248  -72.226  27.164 0.0000000000
6898  -12.468  -72.405  27.146 0.0000000000
6899  -13.566  -72.875  26.839 0.0000000000
6900  -14.328  -72.956  26.100 0.0000000000
6903  -14.800  -72.816  25.366 0.0000000000
6904  -15.119  -72.850  24.703 0.0000000000
6908  -14.978  -72.266  24.804 0.0000000000
6909  -15.224  -72.401  24.115 0.0000000000
6914  -15.304  -72.155  23.352 0.0000000000
6920  -15.219  -71.737  22.789 0.0000000000
6934  -15.273  -71.676  21.960 0.0000000000
6947  -15.294  -71.961  20.950 0.0000000000
6961  -15.340  -72.229  19.986 0.0000000000
6971  -11.308  -72.073  18.843 0.0000000000
6972  -11.865  -72.332  18.418 0.0000000000
6973  -14.775  -73.016  18.233 0.0000000000
6974  -15.178  -72.631  18.948 0.0000000000
6984  -12.569  -72.574  17.816 0.0000000000
6985  -13.382  -72.659  17.517 0.0000000000
6986  -14.325  -72.667  17.638 0.0000000000
6987  -14.971  -72.357  18.089 0.0000000000
7674  -8.154  -71.275  27.924 0.0000000000
7681  -8.320  -71.142  27.571 0.0000000000
7682  -8.632  -71.712  27.393 0.0000000000
7683  -9.049  -72.111  27.235 0.0000000000
7688  -8.903  -71.331  26.975 0.0000000000
7689  -9.370  -71.653  26.874 0.0000000000
7690  -10.520  -71.370  26.337 0.0000000000
7691  -11.838  -71.583  26.273 0.0000000000
7692  -13.136  -71.720  26.306 0.0000000000
7693  -14.085  -72.149  26.056 0.0000000000
7694  -14.457  -72.469  25.727 0.0000000000
7699  -10.702  -70.729  25.763 0.0000000000
7700  -11.306  -70.914  25.600 0.0000000000
7701  -12.441  -70.996  25.149 0.0000000000
7702  -13.774  -71.396  25.300 0.0000000000
7703  -14.539  -72.027  25.320 0.0000000000
7709  -12.650  -70.588  24.454 0.0000000000
7710  -13.343  -70.818  24.187 0.0000000000
7711  -14.574  -71.554  24.309 0.0000000000
7712  -15.132  -71.819  23.818 0.0000000000
7717  -13.558  -70.542  23.588 0.0000000000
7718  -14.161  -70.830  23.385 0.0000000000
7719  -14.903  -71.479  23.389 0.0000000000
7721  -14.380  -70.663  22.971 0.0000000000
7722  -14.775  -70.944  22.684 0.0000000000
7727  -15.154  -70.829  21.933 0.0000000000
7737  -15.427  -71.041  21.224 0.0000000000
7751  -15.658  -71.223  20.270 0.0000000000
7761  -11.678  -71.415  18.515 0.0000000000
7762  -12.426  -71.571  18.081 0.0000000000
7763  -12.967  -71.274  17.795 0.0000000000
7764  -15.625  -71.471  19.222 0.0000000000
7775  -9.458  -70.985  17.660 0.0000000000
7776  -12.968  -71.897  17.630 0.0000000000
7777  -13.725  -71.619  17.567 0.0000000000
7778  -14.725  -71.663  17.746 0.0000000000
7779  -15.278  -71.637  18.353 0.0000000000
7790  -8.183  -71.323  16.893 0.0000000000
7791  -8.946  -71.153  17.295 0.0000000000
7799  -6.918  -71.241  16.125 0.0000000000
7800  -7.484  -71.333  16.382 0.0000000000
8482  -7.834  -70.538  28.267 0.0000000000
8489  -8.073  -70.651  27.683 0.0000000000
8490  -8.421  -70.856  27.323 0.0000000000
8496  -8.704  -71.046  27.046 0.0000000000
8497  -9.112  -70.821  26.701 0.0000000000
8498  -9.714  -70.931  26.401 0.0000000000
8502  -9.542  -70.365  26.286 0.0000000000
8503  -10.160  -70.428  25.895 0.0000000000
8504  -10.890  -70.232  25.328 0.0000000000
8505  -11.628  -70.450  25.068 0.0000000000
8509  -11.435  -69.935  24.877 0.0000000000
8510  -12.147  -70.152  24.510 0.0000000000
8511  -12.754  -70.341  24.121 0.0000000000
8518  -12.596  -69.923  23.996 0.0000000000
8519  -13.128  -70.153  23.598 0.0000000000
8520  -13.695  -70.344  23.297 0.0000000000
8526  -13.556  -69.962  23.138 0.0000000000
8527  -14.191  -70.229  22.860 0.0000000000
8528  -14.825  -70.216  22.219 0.0000000000
8532  -15.318  -70.222  21.560 0.0000000000
8541  -15.702  -70.223  20.712 0.0000000000
8557  -11.268  -71.147  18.638 0.0000000000
8558  -15.888  -70.221  19.524 0.0000000000
8568  -10.124  -70.789  18.050 0.0000000000
8569  -10.845  -70.683  18.225 0.0000000000
8570  -11.558  -70.795  18.295 0.0000000000
8571  -12.311  -70.924  18.126 0.0000000000
8572  -12.710  -71.019  18.001 0.0000000000
8573  -15.562  -70.662  18.504 0.0000000000
8581  -9.960  -70.639  17.284 0.0000000000
8582  -10.613  -70.434  17.456 0.0000000000
8583  -11.465  -70.312  17.431 0.0000000000
8584  -12.324  -70.491  17.689 0.0000000000
8585  -13.214  -70.669  17.677 0.0000000000
8586  -14.388  -70.724  17.653 0.0000000000
8587  -15.132  -70.951  17.920 0.0000000000
8596  -8.418  -71.059  16.165 0.0000000000
8597  -9.186  -70.847  16.607 0.0000000000
8598  -10.292  -70.304  16.463 0.0000000000
8599  -10.909  -70.201  16.977 0.0000000000
8609  -6.699  -70.806  15.594 0.0000000000
8610  -7.637  -71.081  15.708 0.0000000000
8611  -8.578  -70.835  15.522 0.0000000000
8612  -9.461  -70.515  15.516 0.0000000000
8624  -6.460  -70.346  15.350 0.0000000000
8625  -6.925  -70.424  14.863 0.0000000000
8626  -7.880  -70.667  14.699 0.0000000000
8627  -8.779  -70.549  14.601 0.0000000000
8628  -9.617  -70.342  14.551 0.0000000000
8641  -7.436  -70.108  14.227 0.0000000000
8642  -8.124  -70.236  13.889 0.0000000000
8643  -8.999  -70.282  13.723 0.0000000000
8644  -9.782  -70.193  13.766 0.0000000000
9298  -7.654  -69.668  28.642 0.0000000000
9302  -7.800  -69.852  27.893 0.0000000000
9303  -8.256  -70.045  27.367 0.0000000000
9309  -8.684  -70.384  26.960 0.0000000000
9310  -9.128  -69.945  26.494 0.0000000000
9316  -9.688  -69.713  25.994 0.0000000000
9317  -10.330  -69.581  25.545 0.0000000000
9318  -11.015  -69.381  25.123 0.0000000000
9321  -11.680  -69.308  24.649 0.0000000000
9322  -12.292  -69.346  24.193 0.0000000000
9328  -12.789  -69.426  23.736 0.0000000000
9329  -13.275  -69.448  23.331 0.0000000000
9339  -13.811  -69.421  22.916 0.0000000000
9340  -14.530  -69.370  22.436 0.0000000000
9341  -15.071  -69.632  21.922 0.0000000000
9350  -15.047  -69.005  21.964 0.0000000000
9351  -15.497  -69.279  21.317 0.0000000000
9357  -15.831  -69.216  20.297 0.0000000000
9369  -15.887  -69.008  19.333 0.0000000000
9385  -15.657  -69.570  18.533 0.0000000000
9396  -11.807  -70.111  16.821 0.0000000000
9397  -12.322  -70.158  17.023 0.0000000000
9398  -13.172  -70.075  17.178 0.0000000000
9399  -14.241  -69.705  17.403 0.0000000000
9400  -15.099  -70.055  17.885 0.0000000000
9409  -10.662  -70.029  15.916 0.0000000000
9410  -11.240  -70.009  16.378 0.0000000000
9411  -12.138  -69.909  16.322 0.0000000000
9412  -12.954  -69.823  16.498 0.0000000000
9413  -13.767  -69.500  16.695 0.0000000000
9423  -10.229  -70.173  15.386 0.0000000000
9424  -10.920  -69.961  15.358 0.0000000000
9425  -11.745  -69.830  15.452 0.0000000000
9426  -12.731  -69.681  15.544 0.0000000000
9427  -13.476  -69.532  15.995 0.0000000000
9441  -6.990  -69.478  14.454 0.0000000000
9442  -10.399  -70.112  14.470 0.0000000000
9443  -11.238  -69.861  14.459 0.0000000000
9444  -12.156  -69.618  14.542 0.0000000000
9445  -13.072  -69.483  14.552 0.0000000000
9460  -7.661  -69.459  13.848 0.0000000000
9461  -8.455  -69.493  13.295 0.0000000000
9462  -9.372  -69.834  13.029 0.0000000000
9463  -10.492  -69.906  13.379 0.0000000000
9464  -11.579  -69.567  13.565 0.0000000000
9465  -12.558  -69.342  13.620 0.0000000000
9466  -13.376  -69.189  13.818 0.0000000000
9480  -9.005  -69.009  12.583 0.0000000000
9481  -9.892  -69.348  12.359 0.0000000000
9482  -11.002  -69.411  12.566 0.0000000000
9483  -11.956  -69.215  12.842 0.0000000000
9484  -12.534  -69.098  12.986 0.0000000000
10174  -7.489  -68.622  28.990 0.0000000000
10175  -7.860  -68.411  28.325 0.0000000000
10186  -7.761  -69.121  28.275 0.0000000000
10187  -8.216  -68.895  27.646 0.0000000000
10188  -8.815  -68.572  27.057 0.0000000000
10195  -8.696  -69.464  26.941 0.0000000000
10196  -9.383  -68.846  26.425 0.0000000000
10197  -10.026  -68.401  26.062 0.0000000000
10205  -9.947  -69.040  25.836 0.0000000000
10206  -10.578  -68.606  25.577 0.0000000000
10207  -11.367  -68.484  25.082 0.0000000000
10213  -12.088  -68.375  24.510 0.0000000000
10214  -12.613  -68.687  23.955 0.0000000000
10221  -13.033  -68.782  23.573 0.0000000000
10222  -13.508  -68.737  23.187 0.0000000000
10229  -14.062  -68.623  22.761 0.0000000000
10230  -14.662  -68.407  22.276 0.0000000000
10241  -15.206  -68.312  21.644 0.0000000000
10242  -15.631  -68.293  20.855 0.0000000000
10252  -15.838  -68.220  19.956 0.0000000000
10259  -15.823  -68.159  19.188 0.0000000000
10274  -15.705  -68.635  18.616 0.0000000000
10286  -14.633  -69.189  17.367 0.0000000000
10287  -15.119  -68.833  17.674 0.0000000000
10298  -14.449  -69.041  16.985 0.0000000000
10299  -14.964  -68.401  16.571 0.0000000000
10309  -13.528  -69.443  15.296 0.0000000000
10310  -14.312  -69.094  15.773 0.0000000000
10311  -15.086  -68.375  15.506 0.0000000000
10321  -6.739  -68.765  14.940 0.0000000000
10322  -7.527  -68.449  14.395 0.0000000000
10323  -8.153  -68.143  13.805 0.0000000000
10324  -13.895  -69.145  14.541 0.0000000000
10325  -14.676  -68.533  14.484 0.0000000000
10326  -15.224  -68.252  14.844 0.0000000000
10337  -7.972  -68.816  13.588 0.0000000000
10338  -8.463  -68.460  13.098 0.0000000000
10339  -13.064  -68.929  13.122 0.0000000000
10340  -13.932  -68.518  13.477 0.0000000000
10341  -14.489  -68.328  13.751 0.0000000000
10356  -8.877  -68.207  12.569 0.0000000000
10357  -9.476  -68.269  11.933 0.0000000000
10358  -10.463  -68.800  11.733 0.0000000000
10359  -11.511  -68.916  11.974 0.0000000000
10360  -12.460  -68.789  12.413 0.0000000000
10361  -13.258  -68.399  12.591 0.0000000000
10379  -9.690  -67.842  11.583 0.0000000000
10380  -10.096  -67.895  11.229 0.0000000000
10381  -11.116  -68.339  11.067 0.0000000000
10382  -12.008  -68.479  11.546 0.0000000000
10383  -12.760  -68.360  11.888 0.0000000000
10403  -10.366  -67.430  10.902 0.0000000000
10404  -10.706  -67.682  10.751 0.0000000000
11077  -6.453  -67.577  30.048 0.0000000000
11078  -7.202  -67.592  29.492 0.0000000000
11087  -7.735  -67.564  28.705 0.0000000000
11088  -8.172  -67.769  28.063 0.0000000000
11101  -8.651  -67.787  27.483 0.0000000000
11102  -9.212  -67.785  26.935 0.0000000000
11112  -9.791  -67.725  26.468 0.0000000000
11113  -10.415  -67.625  26.059 0.0000000000
11124  -11.088  -67.574  25.594 0.0000000000
11125  -11.774  -67.502  25.098 0.0000000000
11134  -12.284  -67.394  24.643 0.0000000000
11135  -12.728  -67.753  24.094 0.0000000000
11136  -13.110  -67.415  23.849 0.0000000000
11149  -12.888  -68.311  23.776 0.0000000000
11150  -13.248  -67.945  23.541 0.0000000000
11151  -13.703  -67.456  23.214 0.0000000000
11159  -13.738  -68.089  23.080 0.0000000000
11160  -14.217  -67.624  22.720 0.0000000000
11166  -14.847  -67.467  22.051 0.0000000000
11167  -15.352  -67.383  21.316 0.0000000000
11178  -15.641  -67.331  20.463 0.0000000000
11185  -15.801  -67.313  19.557 0.0000000000
11198  -15.790  -67.644  18.471 0.0000000000
11214  -15.573  -67.569  17.226 0.0000000000
11225  -15.462  -67.729  16.105 0.0000000000
11237  -15.504  -67.858  15.188 0.0000000000
11252  -8.355  -67.408  14.676 0.0000000000
11253  -14.806  -68.127  13.833 0.0000000000
11254  -15.251  -67.904  14.316 0.0000000000
11268  -8.673  -67.568  13.541 0.0000000000
11269  -9.144  -67.064  13.550 0.0000000000
11270  -14.133  -68.039  13.072 0.0000000000
11271  -14.443  -68.052  13.352 0.0000000000
11272  -14.918  -67.711  13.491 0.0000000000
11286  -8.714  -67.880  12.933 0.0000000000
11287  -9.160  -67.357  12.754 0.0000000000
11288  -13.828  -68.051  12.761 0.0000000000
11289  -14.331  -67.650  12.760 0.0000000000
11290  -15.033  -67.356  13.041 0.0000000000
11306  -9.673  -67.322  11.751 0.0000000000
11307  -10.104  -67.050  11.095 0.0000000000
11308  -11.775  -68.161  10.948 0.0000000000
11309  -12.454  -68.085  11.110 0.0000000000
11310  -13.470  -67.848  11.819 0.0000000000
11311  -14.306  -67.319  11.847 0.0000000000
11328  -10.623  -67.039  10.582 0.0000000000
11329  -11.592  -67.500  10.363 0.0000000000
11330  -12.894  -67.515  10.515 0.0000000000
11331  -13.849  -67.346  10.950 0.0000000000
11332  -14.483  -67.014  11.158 0.0000000000
11345  -12.378  -66.958  9.850 0.0000000000
11346  -12.928  -67.050  9.959 0.0000000000
11970  -5.918  -67.005  29.977 0.0000000000
11983  -5.586  -66.384  29.299 0.0000000000
11984  -6.657  -66.613  29.398 0.0000000000
11985  -7.422  -66.884  29.107 0.0000000000
11993  -5.019  -66.243  28.458 0.0000000000
11994  -5.473  -66.144  28.758 0.0000000000
11995  -7.222  -66.407  28.869 0.0000000000
11996  -7.762  -66.558  28.462 0.0000000000
11997  -8.059  -67.152  28.306 0.0000000000
12010  -4.617  -66.574  27.266 0.0000000000
12011  -5.173  -66.119  26.833 0.0000000000
12012  -8.057  -66.174  28.027 0.0000000000
12013  -8.370  -66.782  27.849 0.0000000000
12014  -8.961  -66.838  27.272 0.0000000000
12023  -4.614  -66.961  26.210 0.0000000000
12024  -5.087  -66.441  26.287 0.0000000000
12025  -9.496  -66.807  26.803 0.0000000000
12026  -10.065  -66.703  26.415 0.0000000000
12037  -5.044  -66.930  25.374 0.0000000000
12038  -5.710  -66.433  25.304 0.0000000000
12039  -10.731  -66.533  25.997 0.0000000000
12040  -11.453  -66.491  25.488 0.0000000000
12048  -5.978  -66.494  24.645 0.0000000000
12049  -6.702  -66.226  24.397 0.0000000000
12050  -12.117  -66.508  24.981 0.0000000000
12051  -12.628  -66.728  24.443 0.0000000000
12052  -13.024  -67.001  24.074 0.0000000000
12066  -5.747  -66.356  23.942 0.0000000000
12067  -6.905  -66.372  23.728 0.0000000000
12068  -7.824  -66.493  23.132 0.0000000000
12069  -8.465  -66.473  22.802 0.0000000000
12070  -13.399  -66.896  23.644 0.0000000000
12071  -13.937  -66.670  23.091 0.0000000000
12083  -6.646  -66.197  23.279 0.0000000000
12084  -7.317  -66.478  22.697 0.0000000000
12085  -8.052  -66.684  22.376 0.0000000000
12086  -8.733  -66.583  22.188 0.0000000000
12087  -14.507  -66.575  22.498 0.0000000000
12096  -7.702  -66.629  22.024 0.0000000000
12097  -8.258  -66.534  21.804 0.0000000000
12098  -8.842  -66.334  21.662 0.0000000000
12099  -15.058  -66.449  21.792 0.0000000000
12100  -15.455  -66.414  20.967 0.0000000000
12112  -10.950  -66.667  19.770 0.0000000000
12113  -11.159  -66.677  19.484 0.0000000000
12114  -15.713  -66.356  20.099 0.0000000000
12123  -10.671  -66.594  19.368 0.0000000000
12124  -11.047  -66.603  19.021 0.0000000000
12125  -15.961  -66.226  19.109 0.0000000000
12126  -16.131  -65.718  18.864 0.0000000000
12134  -10.828  -66.472  18.916 0.0000000000
12135  -11.020  -66.490  18.794 0.0000000000
12136  -16.023  -66.718  18.014 0.0000000000
12137  -16.194  -65.913  18.397 0.0000000000
12152  -16.043  -66.750  17.211 0.0000000000
12153  -16.298  -66.076  17.583 0.0000000000
12167  -15.902  -67.035  16.465 0.0000000000
12168  -16.346  -66.320  16.702 0.0000000000
12183  -15.843  -67.243  15.572 0.0000000000
12184  -16.241  -66.672  15.920 0.0000000000
12197  -9.195  -66.124  14.404 0.0000000000
12198  -15.747  -67.445  14.755 0.0000000000
12199  -16.299  -66.791  14.905 0.0000000000
12209  -9.076  -66.862  14.206 0.0000000000
12210  -9.468  -66.422  13.618 0.0000000000
12211  -15.619  -67.271  13.822 0.0000000000
12212  -16.385  -66.545  13.658 0.0000000000
12224  -9.829  -66.299  12.531 0.0000000000
12225  -10.241  -65.849  11.888 0.0000000000
12226  -14.830  -67.238  12.439 0.0000000000
12227  -15.555  -66.869  12.703 0.0000000000
12228  -16.429  -66.235  12.493 0.0000000000
12241  -10.034  -66.522  11.633 0.0000000000
12242  -10.541  -66.088  11.029 0.0000000000
12243  -14.975  -66.913  11.774 0.0000000000
12244  -15.713  -66.440  11.628 0.0000000000
12245  -16.436  -65.930  11.447 0.0000000000
12261  -11.118  -66.352  10.269 0.0000000000
12262  -11.793  -66.421  9.856 0.0000000000
12263  -13.463  -67.000  10.156 0.0000000000
12264  -14.227  -66.824  10.424 0.0000000000
12265  -15.012  -66.541  10.795 0.0000000000
12266  -15.860  -65.988  10.539 0.0000000000
12267  -16.447  -65.684  10.815 0.0000000000
12282  -12.324  -66.294  9.664 0.0000000000
12283  -12.967  -66.491  9.666 0.0000000000
12284  -13.814  -66.427  9.762 0.0000000000
12285  -14.659  -66.355  9.915 0.0000000000
12286  -15.231  -66.217  10.150 0.0000000000
12948  -6.287  -66.136  29.043 0.0000000000
12949  -6.579  -66.225  29.056 0.0000000000
12958  -5.358  -65.952  28.053 0.0000000000
12959  -5.799  -65.910  28.471 0.0000000000
12960  -6.755  -65.998  28.673 0.0000000000
12961  -7.341  -66.132  28.512 0.0000000000
12974  -5.105  -66.088  27.802 0.0000000000
12975  -5.507  -65.788  27.416 0.0000000000
12976  -6.503  -65.511  27.740 0.0000000000
12977  -7.539  -65.699  27.963 0.0000000000
12978  -8.356  -65.898  27.603 0.0000000000
12979  -8.700  -66.274  27.418 0.0000000000
12988  -5.594  -65.888  26.400 0.0000000000
12989  -6.319  -65.354  26.642 0.0000000000
12990  -7.177  -65.101  27.023 0.0000000000
12991  -8.100  -65.185  27.078 0.0000000000
12992  -9.072  -65.721  26.918 0.0000000000
12993  -9.685  -66.131  26.615 0.0000000000
13003  -5.524  -66.290  25.762 0.0000000000
13004  -6.190  -65.797  25.586 0.0000000000
13005  -6.838  -65.531  25.212 0.0000000000
13006  -9.301  -64.976  26.327 0.0000000000
13007  -9.995  -65.465  26.190 0.0000000000
13008  -10.901  -65.482  25.569 0.0000000000
13013  -6.606  -65.990  24.849 0.0000000000
13014  -7.249  -65.728  24.538 0.0000000000
13015  -7.967  -65.502  24.215 0.0000000000
13016  -11.627  -65.490  25.053 0.0000000000
13017  -12.363  -65.560  24.491 0.0000000000
13018  -13.035  -66.145  24.094 0.0000000000
13031  -6.077  -65.843  23.452 0.0000000000
13032  -7.685  -66.074  23.809 0.0000000000
13033  -8.413  -65.854  23.557 0.0000000000
13034  -9.156  -65.973  22.890 0.0000000000
13035  -9.827  -65.516  22.596 0.0000000000
13036  -12.827  -65.237  23.915 0.0000000000
13037  -13.554  -65.583  23.483 0.0000000000
13038  -14.174  -65.854  22.899 0.0000000000
13051  -6.751  -66.014  22.796 0.0000000000
13052  -7.300  -66.101  22.142 0.0000000000
13053  -7.809  -65.770  21.689 0.0000000000
13054  -9.436  -66.235  21.986 0.0000000000
13055  -10.317  -65.558  21.835 0.0000000000
13056  -14.053  -65.139  22.921 0.0000000000
13057  -14.618  -65.360  22.266 0.0000000000
13070  -7.858  -66.332  21.663 0.0000000000
13071  -8.446  -66.003  21.243 0.0000000000
13072  -9.625  -65.918  20.956 0.0000000000
13073  -10.878  -65.951  20.878 0.0000000000
13074  -11.471  -65.788  20.642 0.0000000000
13075  -15.203  -65.492  21.406 0.0000000000
13076  -15.589  -65.476  20.639 0.0000000000
13088  -9.761  -66.064  19.987 0.0000000000
13089  -10.450  -66.459  20.061 0.0000000000
13090  -11.541  -66.343  20.008 0.0000000000
13091  -12.216  -65.946  19.590 0.0000000000
13092  -15.915  -65.397  19.815 0.0000000000
13093  -16.087  -64.984  19.619 0.0000000000
13108  -9.777  -65.933  19.706 0.0000000000
13109  -10.061  -66.196  19.467 0.0000000000
13110  -11.489  -66.529  19.105 0.0000000000
13111  -12.106  -66.244  19.070 0.0000000000
13112  -15.982  -65.652  19.395 0.0000000000
13113  -16.131  -65.337  19.234 0.0000000000
13127  -10.545  -66.160  18.923 0.0000000000
13128  -11.081  -66.296  18.521 0.0000000000
13129  -11.766  -66.300  18.497 0.0000000000
13130  -16.277  -65.393  18.684 0.0000000000
13143  -11.175  -65.721  18.047 0.0000000000
13144  -11.644  -65.889  17.893 0.0000000000
13145  -16.447  -65.319  18.061 0.0000000000
13155  -16.671  -65.396  17.063 0.0000000000
13156  -17.050  -65.052  16.382 0.0000000000
13165  -16.760  -65.918  15.898 0.0000000000
13166  -17.343  -65.060  15.524 0.0000000000
13173  -9.275  -65.642  14.068 0.0000000000
13174  -16.980  -65.899  14.639 0.0000000000
13175  -17.613  -65.021  14.362 0.0000000000
13182  -8.988  -64.941  14.016 0.0000000000
13183  -9.568  -65.311  13.366 0.0000000000
13184  -17.102  -65.751  13.410 0.0000000000
13185  -17.725  -64.953  13.154 0.0000000000
13200  -10.089  -65.091  12.468 0.0000000000
13201  -10.596  -65.166  11.688 0.0000000000
13202  -17.126  -65.479  12.146 0.0000000000
13203  -17.767  -64.780  12.124 0.0000000000
13216  -11.126  -65.126  10.950 0.0000000000
13217  -11.488  -64.768  10.617 0.0000000000
13218  -16.852  -65.432  11.101 0.0000000000
13219  -17.349  -64.980  11.286 0.0000000000
13232  -11.073  -65.710  10.535 0.0000000000
13233  -11.729  -65.359  10.071 0.0000000000
13234  -12.356  -65.114  9.731 0.0000000000
13235  -15.953  -65.618  9.916 0.0000000000
13236  -16.580  -65.274  10.202 0.0000000000
13237  -17.051  -65.072  10.717 0.0000000000
13251  -12.046  -65.921  9.678 0.0000000000
13252  -12.575  -65.625  9.597 0.0000000000
13253  -13.354  -65.849  9.500 0.0000000000
13254  -14.152  -65.712  9.453 0.0000000000
13255  -15.265  -65.704  9.583 0.0000000000
13256  -15.989  -65.260  9.549 0.0000000000
13989  -6.541  -65.266  26.027 0.0000000000
13990  -6.950  -64.959  26.204 0.0000000000
13991  -7.734  -64.778  26.291 0.0000000000
13992  -8.643  -64.777  26.341 0.0000000000
14004  -6.773  -65.254  25.692 0.0000000000
14005  -7.348  -64.995  25.438 0.0000000000
14006  -8.227  -64.636  25.476 0.0000000000
14007  -9.259  -64.624  25.535 0.0000000000
14008  -10.225  -64.747  25.203 0.0000000000
14009  -10.960  -64.861  24.903 0.0000000000
14019  -7.838  -64.988  24.771 0.0000000000
14020  -8.602  -64.883  24.484 0.0000000000
14021  -9.561  -64.676  24.434 0.0000000000
14022  -10.414  -64.616  24.212 0.0000000000
14023  -11.435  -64.666  24.186 0.0000000000
14024  -12.231  -64.738  23.879 0.0000000000
14034  -6.481  -64.936  23.220 0.0000000000
14035  -6.950  -64.123  23.188 0.0000000000
14036  -9.091  -65.184  23.731 0.0000000000
14037  -9.744  -64.975  23.451 0.0000000000
14038  -10.589  -64.701  23.058 0.0000000000
14039  -11.675  -64.345  23.155 0.0000000000
14040  -12.756  -64.483  23.284 0.0000000000
14041  -13.545  -64.673  23.025 0.0000000000
14055  -6.996  -65.615  22.655 0.0000000000
14056  -7.475  -64.944  22.543 0.0000000000
14057  -8.335  -65.072  21.536 0.0000000000
14058  -8.858  -64.662  21.341 0.0000000000
14059  -11.167  -64.641  22.136 0.0000000000
14060  -12.156  -63.977  22.221 0.0000000000
14061  -13.182  -64.044  22.559 0.0000000000
14062  -14.017  -64.445  22.486 0.0000000000
14063  -14.476  -64.451  22.018 0.0000000000
14073  -8.559  -65.518  21.168 0.0000000000
14074  -8.935  -65.252  20.947 0.0000000000
14075  -10.995  -65.298  21.500 0.0000000000
14076  -11.716  -64.857  21.119 0.0000000000
14077  -12.294  -64.552  20.625 0.0000000000
14078  -14.903  -64.638  21.601 0.0000000000
14079  -15.394  -64.632  21.025 0.0000000000
14090  -9.538  -65.356  20.220 0.0000000000
14091  -9.825  -64.830  19.947 0.0000000000
14092  -11.750  -65.642  20.495 0.0000000000
14093  -12.248  -65.307  20.113 0.0000000000
14094  -15.776  -64.608  20.405 0.0000000000
14095  -16.039  -64.562  19.889 0.0000000000
14107  -9.696  -65.757  19.851 0.0000000000
14108  -9.961  -65.373  19.528 0.0000000000
14109  -10.345  -65.300  18.998 0.0000000000
14110  -12.646  -65.400  19.030 0.0000000000
14111  -12.910  -64.941  18.684 0.0000000000
14112  -16.195  -64.649  19.463 0.0000000000
14127  -10.290  -65.722  19.061 0.0000000000
14128  -10.685  -65.422  18.431 0.0000000000
14129  -12.336  -65.901  18.185 0.0000000000
14130  -12.829  -65.005  18.047 0.0000000000
14131  -16.410  -64.654  18.798 0.0000000000
14145  -11.383  -65.077  17.575 0.0000000000
14146  -12.188  -65.258  17.245 0.0000000000
14147  -12.883  -64.607  16.880 0.0000000000
14148  -16.759  -64.449  17.775 0.0000000000
14149  -17.137  -64.014  17.189 0.0000000000
14163  -11.826  -64.570  16.800 0.0000000000
14164  -12.331  -64.438  16.412 0.0000000000
14165  -12.826  -64.158  16.158 0.0000000000
14166  -17.007  -64.626  16.973 0.0000000000
14167  -17.391  -64.214  16.388 0.0000000000
14177  -17.931  -64.064  15.320 0.0000000000
14178  -18.408  -63.464  14.829 0.0000000000
14186  -18.252  -64.139  14.011 0.0000000000
14187  -18.689  -63.229  14.164 0.0000000000
14197  -9.009  -64.317  13.544 0.0000000000
14198  -9.501  -64.353  12.914 0.0000000000
14199  -18.204  -64.274  12.815 0.0000000000
14200  -18.607  -63.553  13.253 0.0000000000
14218  -9.843  -64.188  12.414 0.0000000000
14219  -10.306  -64.319  11.997 0.0000000000
14220  -18.153  -64.269  11.994 0.0000000000
14221  -18.483  -63.712  12.286 0.0000000000
14239  -10.812  -64.341  11.453 0.0000000000
14240  -11.266  -64.271  10.937 0.0000000000
14241  -17.818  -64.451  11.328 0.0000000000
14242  -18.240  -63.884  11.411 0.0000000000
14261  -11.787  -64.256  10.444 0.0000000000
14262  -12.535  -64.460  9.853 0.0000000000
14263  -13.162  -64.177  9.650 0.0000000000
14264  -16.858  -64.836  9.888 0.0000000000
14265  -17.365  -64.504  10.284 0.0000000000
14266  -17.928  -64.103  10.858 0.0000000000
14277  -12.689  -65.028  9.620 0.0000000000
14278  -13.319  -64.928  9.461 0.0000000000
14279  -14.453  -64.749  9.145 0.0000000000
14280  -15.470  -64.832  9.082 0.0000000000
14281  -16.492  -64.562  9.312 0.0000000000
14282  -17.205  -64.019  9.370 0.0000000000
14291  -14.964  -64.218  8.854 0.0000000000
14292  -15.600  -64.099  8.717 0.0000000000
14293  -16.185  -63.847  8.625 0.0000000000
15068  -6.332  -63.768  23.201 0.0000000000
15069  -6.823  -63.563  23.131 0.0000000000
15084  -6.516  -63.041  22.754 0.0000000000
15085  -7.356  -63.466  22.927 0.0000000000
15086  -8.235  -63.913  22.519 0.0000000000
15087  -8.913  -64.061  21.921 0.0000000000
15088  -12.449  -63.833  21.715 0.0000000000
15089  -12.912  -63.692  21.861 0.0000000000
15090  -13.735  -63.811  22.024 0.0000000000
15091  -14.205  -64.097  22.049 0.0000000000
15105  -9.427  -64.144  21.253 0.0000000000
15106  -9.946  -63.635  21.089 0.0000000000
15107  -12.179  -64.044  21.551 0.0000000000
15108  -12.570  -63.851  21.077 0.0000000000
15109  -13.563  -63.505  21.297 0.0000000000
15110  -14.517  -63.862  21.507 0.0000000000
15111  -15.092  -64.152  21.209 0.0000000000
15123  -9.366  -64.792  20.644 0.0000000000
15124  -9.890  -64.247  20.490 0.0000000000
15125  -12.719  -64.331  20.137 0.0000000000
15126  -13.467  -63.500  20.271 0.0000000000
15127  -14.322  -63.310  20.710 0.0000000000
15128  -15.396  -63.677  20.512 0.0000000000
15129  -15.921  -64.088  20.189 0.0000000000
15141  -10.270  -64.302  19.754 0.0000000000
15142  -10.507  -64.619  19.013 0.0000000000
15143  -12.697  -64.832  19.587 0.0000000000
15144  -13.125  -64.230  19.029 0.0000000000
15145  -15.703  -63.383  19.928 0.0000000000
15146  -16.099  -63.757  19.615 0.0000000000
15156  -11.037  -64.162  18.170 0.0000000000
15157  -13.338  -64.025  17.582 0.0000000000
15158  -16.530  -63.671  18.515 0.0000000000
15172  -11.444  -63.940  17.054 0.0000000000
15173  -13.320  -63.875  16.427 0.0000000000
15174  -16.886  -63.430  17.661 0.0000000000
15175  -17.258  -63.319  16.923 0.0000000000
15188  -11.884  -63.812  16.058 0.0000000000
15189  -12.492  -63.861  15.759 0.0000000000
15190  -13.079  -63.717  15.613 0.0000000000
15191  -17.651  -63.263  16.204 0.0000000000
15203  -12.262  -63.442  15.437 0.0000000000
15204  -12.679  -63.427  15.174 0.0000000000
15205  -13.241  -63.249  15.060 0.0000000000
15206  -18.154  -62.981  15.547 0.0000000000
15207  -18.529  -62.717  14.862 0.0000000000
15220  -18.778  -62.444  14.264 0.0000000000
15232  -9.076  -63.836  13.104 0.0000000000
15233  -18.953  -62.778  13.540 0.0000000000
15245  -9.296  -63.323  12.489 0.0000000000
15246  -9.933  -63.790  12.123 0.0000000000
15247  -18.888  -63.001  12.612 0.0000000000
15255  -9.532  -62.805  11.899 0.0000000000
15256  -10.221  -63.274  11.540 0.0000000000
15257  -10.901  -63.803  11.178 0.0000000000
15258  -18.689  -63.132  11.574 0.0000000000
15274  -10.588  -62.533  10.886 0.0000000000
15275  -11.259  -63.236  10.734 0.0000000000
15276  -12.311  -63.359  10.274 0.0000000000
15277  -13.074  -63.526  9.879 0.0000000000
15278  -17.675  -63.737  9.699 0.0000000000
15279  -18.189  -63.447  10.409 0.0000000000
15285  -13.727  -63.824  9.450 0.0000000000
15286  -14.440  -63.719  9.032 0.0000000000
15287  -16.798  -63.736  8.817 0.0000000000
15288  -17.492  -63.267  8.960 0.0000000000
15289  -17.936  -63.248  9.573 0.0000000000
15294  -14.958  -63.518  8.667 0.0000000000
15295  -15.610  -63.303  8.444 0.0000000000
15296  -16.390  -63.226  8.409 0.0000000000
15297  -16.933  -63.243  8.548 0.0000000000
16068  -7.000  -62.308  22.088 0.0000000000
16069  -7.927  -62.693  22.687 0.0000000000
16070  -8.839  -62.912  22.491 0.0000000000
16071  -9.466  -62.595  22.202 0.0000000000
16086  -6.927  -61.830  21.245 0.0000000000
16087  -9.365  -63.324  21.945 0.0000000000
16088  -9.977  -62.883  21.613 0.0000000000
16089  -10.592  -62.411  21.196 0.0000000000
16105  -10.349  -63.231  20.887 0.0000000000
16106  -10.826  -62.603  20.482 0.0000000000
16107  -13.767  -63.209  19.992 0.0000000000
16108  -14.071  -63.044  20.067 0.0000000000
16109  -14.799  -62.967  20.153 0.0000000000
16122  -10.467  -63.507  20.192 0.0000000000
16123  -10.870  -63.117  19.293 0.0000000000
16124  -13.750  -63.188  19.560 0.0000000000
16125  -14.432  -62.666  19.440 0.0000000000
16126  -15.504  -62.859  19.496 0.0000000000
16127  -16.187  -62.999  18.861 0.0000000000
16138  -11.375  -62.682  17.826 0.0000000000
16139  -13.834  -62.955  18.378 0.0000000000
16140  -14.868  -62.124  18.475 0.0000000000
16141  -15.907  -62.245  18.167 0.0000000000
16142  -16.494  -62.888  18.123 0.0000000000
16155  -11.661  -62.874  16.516 0.0000000000
16156  -13.839  -63.174  16.946 0.0000000000
16157  -14.373  -62.319  17.436 0.0000000000
16158  -16.162  -61.950  17.484 0.0000000000
16159  -16.713  -62.358  17.159 0.0000000000
16160  -17.307  -62.778  16.634 0.0000000000
16171  -12.022  -62.833  15.436 0.0000000000
16172  -12.362  -62.344  15.177 0.0000000000
16173  -13.743  -63.193  15.718 0.0000000000
16174  -14.278  -62.539  16.338 0.0000000000
16175  -16.817  -61.891  16.452 0.0000000000
16176  -17.362  -62.288  16.082 0.0000000000
16189  -12.355  -63.163  15.081 0.0000000000
16190  -12.739  -62.708  14.897 0.0000000000
16191  -13.624  -62.583  15.094 0.0000000000
16192  -14.166  -62.473  15.543 0.0000000000
16193  -18.047  -62.113  15.310 0.0000000000
16194  -18.475  -61.989  14.718 0.0000000000
16208  -18.712  -61.903  14.322 0.0000000000
16221  -19.022  -61.901  13.824 0.0000000000
16222  -19.324  -61.568  13.227 0.0000000000
16232  -9.161  -62.463  12.082 0.0000000000
16233  -19.220  -62.256  12.968 0.0000000000
16234  -19.393  -61.621  12.490 0.0000000000
16244  -8.923  -61.813  12.040 0.0000000000
16245  -9.463  -62.064  11.539 0.0000000000
16246  -10.065  -62.278  11.106 0.0000000000
16247  -19.129  -62.333  11.997 0.0000000000
16248  -19.318  -61.556  11.593 0.0000000000
16266  -9.842  -61.595  11.073 0.0000000000
16267  -10.379  -61.718  10.791 0.0000000000
16268  -11.100  -61.979  10.566 0.0000000000
16269  -12.028  -62.225  10.423 0.0000000000
16270  -13.079  -62.413  10.186 0.0000000000
16271  -13.775  -62.244  9.828 0.0000000000
16272  -18.903  -62.160  10.739 0.0000000000
16273  -19.221  -61.402  10.978 0.0000000000
16288  -13.554  -62.943  9.732 0.0000000000
16289  -14.171  -62.772  9.330 0.0000000000
16290  -14.486  -62.084  9.377 0.0000000000
16291  -17.651  -62.648  8.691 0.0000000000
16292  -18.247  -62.415  9.294 0.0000000000
16305  -14.554  -63.120  8.896 0.0000000000
16306  -14.868  -62.473  8.782 0.0000000000
16307  -15.837  -62.429  8.206 0.0000000000
16308  -16.988  -62.583  8.222 0.0000000000
16309  -17.694  -62.166  8.456 0.0000000000
17066  -7.694  -61.990  22.308 0.0000000000
17067  -8.330  -61.916  22.427 0.0000000000
17068  -9.161  -61.910  22.402 0.0000000000
17069  -9.794  -62.021  22.149 0.0000000000
17085  -7.633  -61.403  21.482 0.0000000000
17086  -8.708  -61.140  21.985 0.0000000000
17087  -9.585  -61.232  21.984 0.0000000000
17088  -10.369  -61.626  21.671 0.0000000000
17089  -11.040  -61.650  21.022 0.0000000000
17106  -11.357  -61.704  20.125 0.0000000000
17122  -11.517  -61.570  18.969 0.0000000000
17132  -11.574  -61.336  17.971 0.0000000000
17133  -14.941  -61.810  17.627 0.0000000000
17134  -15.336  -61.850  17.941 0.0000000000
17144  -11.666  -61.730  16.990 0.0000000000
17145  -14.760  -61.867  16.792 0.0000000000
17146  -15.603  -61.664  17.273 0.0000000000
17147  -16.219  -61.798  17.144 0.0000000000
17157  -11.895  -62.049  16.116 0.0000000000
17158  -12.163  -61.865  15.562 0.0000000000
17159  -14.591  -62.067  15.932 0.0000000000
17160  -15.127  -61.547  16.196 0.0000000000
17161  -16.192  -61.512  16.488 0.0000000000
17162  -16.825  -61.580  16.001 0.0000000000
17173  -12.600  -61.815  15.179 0.0000000000
17174  -13.304  -61.778  15.019 0.0000000000
17175  -14.339  -61.670  15.376 0.0000000000
17176  -15.375  -61.098  15.715 0.0000000000
17177  -16.326  -61.025  15.717 0.0000000000
17178  -17.282  -61.277  15.410 0.0000000000
17179  -18.046  -61.497  14.970 0.0000000000
17191  -17.795  -60.922  14.904 0.0000000000
17192  -18.503  -61.192  14.439 0.0000000000
17205  -19.134  -60.972  13.724 0.0000000000
17206  -19.535  -60.919  12.984 0.0000000000
17219  -19.538  -60.877  12.132 0.0000000000
17231  -8.961  -61.059  11.831 0.0000000000
17232  -19.406  -60.734  11.228 0.0000000000
17242  -9.469  -60.943  11.342 0.0000000000
17243  -10.025  -60.856  10.898 0.0000000000
17244  -10.774  -60.945  10.649 0.0000000000
17245  -11.668  -61.104  10.540 0.0000000000
17246  -12.695  -61.244  10.441 0.0000000000
17247  -13.858  -61.315  10.190 0.0000000000
17248  -14.494  -60.813  10.198 0.0000000000
17249  -18.785  -61.601  9.818 0.0000000000
17250  -19.151  -61.064  10.343 0.0000000000
17262  -14.227  -61.919  9.706 0.0000000000
17263  -14.803  -61.357  9.751 0.0000000000
17264  -18.635  -61.292  9.109 0.0000000000
17265  -18.926  -60.999  9.606 0.0000000000
17281  -15.380  -61.380  8.681 0.0000000000
17282  -16.263  -61.417  7.828 0.0000000000
17283  -17.308  -61.649  7.896 0.0000000000
17284  -18.119  -61.403  8.322 0.0000000000
17296  -16.501  -60.832  7.567 0.0000000000
17297  -16.956  -60.979  7.435 0.0000000000
17298  -17.638  -61.007  7.651 0.0000000000
18100  -7.771  -60.730  20.516 0.0000000000
18101  -8.397  -60.571  21.105 0.0000000000
18102  -9.225  -60.404  21.484 0.0000000000
18103  -10.084  -60.579  21.602 0.0000000000
18104  -10.873  -60.679  21.310 0.0000000000
18121  -8.276  -59.953  20.092 0.0000000000
18122  -8.853  -59.997  20.844 0.0000000000
18123  -11.390  -60.805  20.724 0.0000000000
18148  -7.671  -59.778  19.227 0.0000000000
18149  -11.816  -60.408  19.894 0.0000000000
18150  -11.977  -59.651  19.394 0.0000000000
18160  -11.860  -60.204  18.653 0.0000000000
18161  -12.005  -59.475  19.008 0.0000000000
18174  -11.608  -60.527  17.413 0.0000000000
18186  -11.812  -60.853  16.210 0.0000000000
18187  -12.271  -61.155  15.545 0.0000000000
18196  -12.114  -60.410  15.651 0.0000000000
18197  -12.747  -60.778  15.324 0.0000000000
18198  -13.687  -60.749  15.235 0.0000000000
18199  -14.687  -60.594  15.367 0.0000000000
18200  -15.631  -60.392  15.531 0.0000000000
18201  -16.540  -60.353  15.494 0.0000000000
18202  -17.331  -60.290  15.212 0.0000000000
18211  -18.070  -60.196  14.864 0.0000000000
18212  -18.760  -60.013  14.212 0.0000000000
18224  -19.343  -60.115  13.422 0.0000000000
18225  -19.579  -60.155  12.629 0.0000000000
18240  -19.562  -60.092  11.852 0.0000000000
18254  -19.466  -59.893  11.201 0.0000000000
18261  -9.649  -60.006  11.252 0.0000000000
18262  -10.330  -59.991  10.863 0.0000000000
18263  -11.159  -60.107  10.535 0.0000000000
18264  -12.145  -60.252  10.415 0.0000000000
18265  -13.203  -60.306  10.364 0.0000000000
18266  -14.141  -60.306  10.204 0.0000000000
18267  -14.800  -60.318  10.120 0.0000000000
18268  -19.306  -60.086  10.506 0.0000000000
18277  -15.251  -60.261  9.467 0.0000000000
18278  -18.845  -60.675  9.182 0.0000000000
18279  -19.053  -60.271  9.618 0.0000000000
18293  -15.655  -60.381  8.352 0.0000000000
18294  -16.119  -60.601  7.713 0.0000000000
18295  -18.624  -60.496  8.578 0.0000000000
18296  -18.899  -60.246  9.032 0.0000000000
18312  -10.025  -60.163  7.195 0.0000000000
18313  -15.946  -60.000  7.774 0.0000000000
18314  -16.549  -60.231  7.389 0.0000000000
18315  -17.385  -60.281  7.337 0.0000000000
18316  -18.109  -60.437  7.795 0.0000000000
18337  -10.209  -60.186  6.487 0.0000000000
18353  -9.484  -60.177  5.836 0.0000000000
18354  -10.196  -59.979  5.699 0.0000000000
19148  -9.252  -59.863  21.028 0.0000000000
19149  -9.754  -59.839  21.234 0.0000000000
19150  -10.482  -59.956  21.270 0.0000000000
19170  -8.580  -59.448  19.956 0.0000000000
19171  -9.139  -59.304  20.390 0.0000000000
19172  -10.215  -59.222  20.989 0.0000000000
19173  -11.297  -59.585  20.851 0.0000000000
19199  -8.358  -59.129  19.446 0.0000000000
19200  -8.851  -58.740  19.807 0.0000000000
19201  -11.890  -59.190  19.961 0.0000000000
19202  -12.015  -58.978  19.294 0.0000000000
19218  -11.683  -59.573  17.866 0.0000000000
19219  -11.915  -59.049  18.588 0.0000000000
19231  -11.467  -59.465  16.862 0.0000000000
19244  -11.737  -59.602  15.944 0.0000000000
19256  -12.256  -59.651  15.490 0.0000000000
19257  -13.036  -59.732  15.278 0.0000000000
19258  -14.001  -59.720  15.331 0.0000000000
19259  -14.984  -59.648  15.427 0.0000000000
19260  -15.913  -59.578  15.453 0.0000000000
19261  -16.750  -59.544  15.332 0.0000000000
19262  -17.478  -59.455  15.074 0.0000000000
19278  -18.165  -59.282  14.700 0.0000000000
19279  -18.664  -59.049  14.274 0.0000000000
19292  -19.114  -59.216  13.729 0.0000000000
19293  -19.480  -59.334  12.985 0.0000000000
19311  -19.559  -59.496  12.295 0.0000000000
19329  -19.526  -59.277  11.632 0.0000000000
19342  -10.491  -59.254  10.501 0.0000000000
19343  -11.468  -59.517  10.231 0.0000000000
19344  -12.510  -59.644  10.098 0.0000000000
19345  -13.663  -59.530  9.861 0.0000000000
19346  -14.504  -59.686  9.965 0.0000000000
19347  -14.973  -59.546  9.888 0.0000000000
19348  -19.408  -59.188  10.796 0.0000000000
19358  -11.693  -59.251  9.631 0.0000000000
19359  -12.727  -59.328  9.406 0.0000000000
19360  -13.583  -59.065  9.149 0.0000000000
19361  -15.184  -59.305  9.464 0.0000000000
19362  -19.227  -59.269  9.867 0.0000000000
19375  -11.882  -59.445  8.558 0.0000000000
19376  -13.015  -59.126  8.333 0.0000000000
19377  -13.614  -58.676  8.713 0.0000000000
19378  -15.410  -59.578  8.949 0.0000000000
19379  -18.538  -59.781  8.007 0.0000000000
19380  -18.984  -59.481  8.789 0.0000000000
19399  -10.958  -59.778  7.391 0.0000000000
19400  -12.124  -59.435  7.465 0.0000000000
19401  -12.734  -58.837  7.271 0.0000000000
19402  -15.691  -59.390  8.238 0.0000000000
19403  -16.185  -59.320  7.569 0.0000000000
19404  -16.925  -59.376  7.097 0.0000000000
19405  -17.921  -59.393  7.355 0.0000000000
19426  -10.900  -59.900  6.147 0.0000000000
19427  -11.622  -59.531  6.523 0.0000000000
19428  -12.262  -59.025  6.566 0.0000000000
19444  -9.566  -59.363  5.145 0.0000000000
19445  -10.587  -59.401  5.290 0.0000000000
19446  -11.321  -59.337  5.667 0.0000000000
19447  -11.872  -59.083  5.916 0.0000000000
19455  -9.736  -58.899  4.835 0.0000000000
19456  -10.104  -58.998  4.856 0.0000000000
20267  -9.837  -58.547  20.593 0.0000000000
20268  -10.665  -58.398  20.763 0.0000000000
20269  -11.600  -58.230  20.365 0.0000000000
20289  -7.908  -58.321  19.005 0.0000000000
20290  -8.614  -58.213  19.538 0.0000000000
20291  -9.263  -58.286  20.082 0.0000000000
20292  -12.041  -58.268  19.671 0.0000000000
20293  -12.197  -58.253  18.973 0.0000000000
20309  -11.683  -58.619  17.747 0.0000000000
20310  -12.009  -58.270  18.365 0.0000000000
20320  -11.410  -58.404  16.933 0.0000000000
20334  -11.436  -58.594  16.213 0.0000000000
20353  -11.778  -58.670  15.646 0.0000000000
20354  -12.436  -58.721  15.390 0.0000000000
20355  -13.334  -58.747  15.379 0.0000000000
20356  -14.347  -58.747  15.490 0.0000000000
20357  -15.347  -58.742  15.503 0.0000000000
20358  -16.277  -58.761  15.413 0.0000000000
20359  -16.979  -58.860  15.206 0.0000000000
20379  -17.578  -58.602  14.949 0.0000000000
20380  -18.270  -58.400  14.560 0.0000000000
20398  -18.859  -58.340  14.019 0.0000000000
20399  -19.295  -58.415  13.293 0.0000000000
20420  -19.519  -58.561  12.342 0.0000000000
20436  -19.518  -58.364  11.314 0.0000000000
20451  -14.083  -58.907  9.357 0.0000000000
20452  -14.445  -59.135  9.566 0.0000000000
20453  -14.768  -59.310  9.720 0.0000000000
20454  -19.507  -58.186  10.259 0.0000000000
20466  -13.984  -58.246  8.980 0.0000000000
20467  -14.508  -58.313  9.220 0.0000000000
20468  -14.942  -58.605  9.468 0.0000000000
20469  -19.413  -58.392  9.207 0.0000000000
20479  -13.163  -58.498  7.665 0.0000000000
20480  -13.598  -58.151  8.209 0.0000000000
20481  -15.431  -58.565  8.870 0.0000000000
20482  -18.637  -58.912  7.857 0.0000000000
20483  -19.123  -58.301  8.319 0.0000000000
20496  -12.975  -58.291  7.124 0.0000000000
20497  -13.289  -57.898  7.379 0.0000000000
20498  -15.826  -58.484  7.934 0.0000000000
20499  -16.500  -58.374  7.343 0.0000000000
20500  -17.237  -58.410  7.027 0.0000000000
20501  -18.149  -58.288  7.273 0.0000000000
20502  -18.745  -58.074  7.705 0.0000000000
20521  -12.693  -58.292  6.448 0.0000000000
20522  -13.014  -57.885  6.812 0.0000000000
20523  -16.611  -57.965  7.282 0.0000000000
20524  -16.787  -58.082  7.122 0.0000000000
20540  -9.435  -58.696  4.839 0.0000000000
20541  -11.082  -59.031  5.190 0.0000000000
20542  -11.520  -58.533  5.275 0.0000000000
20543  -12.224  -58.562  5.854 0.0000000000
20551  -9.331  -58.204  4.778 0.0000000000
20552  -9.893  -58.433  4.729 0.0000000000
20553  -10.695  -58.587  4.891 0.0000000000
20554  -11.050  -58.176  4.897 0.0000000000
21414  -9.964  -57.598  20.424 0.0000000000
21415  -10.943  -57.404  20.555 0.0000000000
21416  -11.609  -57.262  20.228 0.0000000000
21435  -8.234  -57.517  19.492 0.0000000000
21436  -9.101  -57.320  19.891 0.0000000000
21437  -11.982  -57.555  19.923 0.0000000000
21438  -12.268  -57.434  19.335 0.0000000000
21450  -11.946  -57.994  17.992 0.0000000000
21451  -12.281  -57.471  18.362 0.0000000000
21464  -11.761  -57.631  17.417 0.0000000000
21465  -12.203  -57.101  17.742 0.0000000000
21481  -11.361  -57.713  16.497 0.0000000000
21496  -11.445  -57.733  15.839 0.0000000000
21497  -11.920  -57.760  15.466 0.0000000000
21498  -12.720  -57.773  15.498 0.0000000000
21499  -13.702  -57.760  15.697 0.0000000000
21500  -14.767  -57.802  15.779 0.0000000000
21501  -15.806  -57.856  15.691 0.0000000000
21502  -16.880  -57.920  15.381 0.0000000000
21516  -17.805  -57.693  14.967 0.0000000000
21517  -18.509  -57.457  14.398 0.0000000000
21532  -19.110  -57.522  13.717 0.0000000000
21533  -19.515  -57.492  12.889 0.0000000000
21548  -19.665  -57.499  11.891 0.0000000000
21555  -19.693  -57.465  10.967 0.0000000000
21559  -19.920  -57.122  10.217 0.0000000000
21560  -20.210  -56.623  9.997 0.0000000000
21564  -14.386  -57.583  9.040 0.0000000000
21565  -14.852  -57.309  9.165 0.0000000000
21566  -15.393  -57.358  9.024 0.0000000000
21567  -19.780  -57.517  9.468 0.0000000000
21568  -20.136  -56.830  9.538 0.0000000000
21572  -14.055  -57.222  8.601 0.0000000000
21573  -14.487  -56.968  8.959 0.0000000000
21574  -15.906  -57.403  8.308 0.0000000000
21575  -16.269  -56.899  8.056 0.0000000000
21576  -19.621  -57.443  8.641 0.0000000000
21577  -20.044  -57.036  9.008 0.0000000000
21585  -13.666  -57.182  7.628 0.0000000000
21586  -16.120  -57.894  7.697 0.0000000000
21587  -16.579  -57.392  7.452 0.0000000000
21588  -17.541  -57.433  7.079 0.0000000000
21589  -18.476  -57.377  7.406 0.0000000000
21590  -19.148  -57.400  7.907 0.0000000000
21612  -12.902  -57.614  6.261 0.0000000000
21613  -13.255  -57.311  6.796 0.0000000000
21614  -16.743  -57.799  7.196 0.0000000000
21615  -16.940  -57.813  7.042 0.0000000000
21631  -10.062  -57.137  4.976 0.0000000000
21632  -11.044  -57.508  4.965 0.0000000000
21633  -12.308  -57.570  5.475 0.0000000000
21641  -9.642  -57.710  4.784 0.0000000000
21642  -10.360  -57.883  4.745 0.0000000000
21643  -10.799  -58.038  4.802 0.0000000000
22473  -8.099  -55.994  20.325 0.0000000000
22474  -9.732  -56.840  20.195 0.0000000000
22475  -10.397  -56.582  20.328 0.0000000000
22476  -11.245  -56.567  20.299 0.0000000000
22489  -7.845  -57.117  19.848 0.0000000000
22490  -8.477  -56.474  20.009 0.0000000000
22491  -9.398  -56.385  20.093 0.0000000000
22492  -9.912  -56.377  20.206 0.0000000000
22493  -12.059  -56.593  19.843 0.0000000000
22494  -12.536  -56.484  18.954 0.0000000000
22509  -12.431  -56.518  18.001 0.0000000000
22525  -11.523  -57.050  16.763 0.0000000000
22526  -11.958  -56.727  17.293 0.0000000000
22542  -11.348  -56.893  16.138 0.0000000000
22543  -14.453  -56.187  16.253 0.0000000000
22544  -14.805  -56.255  16.301 0.0000000000
22545  -15.488  -56.313  16.344 0.0000000000
22559  -11.642  -56.800  15.604 0.0000000000
22560  -12.226  -56.811  15.406 0.0000000000
22561  -13.092  -56.782  15.639 0.0000000000
22562  -14.153  -56.589  16.115 0.0000000000
22563  -15.226  -56.976  16.105 0.0000000000
22564  -16.287  -56.810  16.055 0.0000000000
22565  -17.440  -56.767  15.507 0.0000000000
22566  -18.117  -56.331  15.204 0.0000000000
22582  -18.088  -56.951  14.924 0.0000000000
22583  -18.595  -56.453  14.634 0.0000000000
22584  -19.127  -56.283  14.221 0.0000000000
22601  -18.952  -56.863  14.105 0.0000000000
22602  -19.431  -56.554  13.556 0.0000000000
22618  -19.882  -56.348  12.448 0.0000000000
22619  -20.281  -55.563  12.200 0.0000000000
22629  -19.921  -56.731  11.365 0.0000000000
22630  -20.263  -55.882  11.555 0.0000000000
22637  -19.922  -56.901  10.775 0.0000000000
22638  -20.272  -56.280  10.576 0.0000000000
22643  -15.442  -56.265  9.110 0.0000000000
22644  -16.067  -56.306  8.893 0.0000000000
22645  -16.428  -55.715  8.728 0.0000000000
22646  -20.409  -56.189  9.697 0.0000000000
22651  -14.410  -56.548  8.659 0.0000000000
22652  -14.806  -56.278  8.945 0.0000000000
22653  -16.201  -56.689  8.411 0.0000000000
22654  -16.576  -56.216  8.127 0.0000000000
22655  -19.943  -56.760  8.636 0.0000000000
22656  -20.301  -56.386  8.934 0.0000000000
22667  -14.175  -56.138  7.939 0.0000000000
22668  -14.519  -56.095  8.561 0.0000000000
22669  -17.295  -56.398  7.371 0.0000000000
22670  -18.150  -56.486  7.281 0.0000000000
22671  -18.977  -56.521  7.575 0.0000000000
22672  -19.668  -56.557  8.149 0.0000000000
22673  -20.056  -56.363  8.491 0.0000000000
22691  -13.027  -56.893  5.971 0.0000000000
22692  -13.554  -56.312  6.707 0.0000000000
22703  -10.536  -56.412  5.057 0.0000000000
22704  -11.467  -56.471  5.195 0.0000000000
22705  -12.391  -56.282  5.460 0.0000000000
22706  -13.115  -56.033  5.793 0.0000000000
22743  -13.757  -55.955  1.319 0.0000000000
22764  -14.179  -56.078  0.622 0.0000000000
23533  -7.874  -55.516  20.550 0.0000000000
23534  -10.459  -56.134  20.261 0.0000000000
23535  -10.761  -56.103  20.283 0.0000000000
23553  -8.375  -55.506  20.290 0.0000000000
23554  -9.100  -55.533  20.087 0.0000000000
23555  -10.204  -55.748  20.134 0.0000000000
23556  -11.395  -55.599  20.053 0.0000000000
23557  -12.269  -55.386  19.328 0.0000000000
23573  -4.757  -55.325  18.088 0.0000000000
23574  -5.325  -54.926  17.815 0.0000000000
23575  -12.478  -55.547  18.379 0.0000000000
23591  -5.385  -55.272  17.267 0.0000000000
23592  -11.639  -56.312  16.635 0.0000000000
23593  -12.135  -55.761  17.339 0.0000000000
23606  -5.603  -55.681  16.139 0.0000000000
23607  -6.206  -55.217  15.855 0.0000000000
23608  -11.588  -55.740  15.924 0.0000000000
23609  -11.778  -55.673  16.638 0.0000000000
23610  -14.408  -55.714  16.212 0.0000000000
23611  -15.097  -55.669  16.410 0.0000000000
23612  -15.928  -55.702  16.429 0.0000000000
23629  -6.082  -55.367  15.419 0.0000000000
23630  -12.001  -55.624  15.154 0.0000000000
23631  -12.657  -55.936  15.328 0.0000000000
23632  -13.445  -55.805  15.634 0.0000000000
23633  -13.952  -55.758  16.011 0.0000000000
23634  -16.936  -55.765  16.173 0.0000000000
23635  -17.785  -55.702  15.615 0.0000000000
23636  -18.458  -55.625  15.133 0.0000000000
23647  -6.155  -55.200  14.703 0.0000000000
23648  -12.132  -55.023  14.592 0.0000000000
23649  -12.548  -55.222  14.839 0.0000000000
23650  -13.064  -55.385  15.130 0.0000000000
23651  -19.029  -55.626  14.587 0.0000000000
23652  -19.428  -55.775  14.031 0.0000000000
23662  -5.994  -55.035  13.750 0.0000000000
23663  -19.857  -55.509  13.393 0.0000000000
23664  -20.254  -54.964  13.027 0.0000000000
23675  -20.162  -55.486  12.720 0.0000000000
23676  -20.472  -54.969  12.476 0.0000000000
23685  -20.630  -55.091  11.797 0.0000000000
23692  -20.681  -55.274  10.971 0.0000000000
23699  -15.591  -55.758  9.182 0.0000000000
23700  -15.815  -55.520  9.202 0.0000000000
23701  -16.241  -55.341  8.956 0.0000000000
23702  -20.708  -55.401  10.059 0.0000000000
23709  -15.314  -55.474  9.047 0.0000000000
23710  -15.590  -54.806  9.072 0.0000000000
23711  -16.695  -55.105  8.516 0.0000000000
23712  -20.600  -55.504  9.160 0.0000000000
23721  -14.308  -55.044  7.797 0.0000000000
23722  -14.701  -55.382  8.504 0.0000000000
23723  -17.202  -55.405  7.680 0.0000000000
23724  -17.923  -55.566  7.300 0.0000000000
23725  -18.720  -55.595  7.355 0.0000000000
23726  -19.556  -55.639  7.659 0.0000000000
23727  -20.212  -55.713  8.332 0.0000000000
23731  -13.897  -55.206  6.998 0.0000000000
23739  -11.042  -55.924  5.176 0.0000000000
23740  -11.644  -55.368  5.211 0.0000000000
23741  -12.606  -55.310  5.580 0.0000000000
23742  -13.374  -55.275  6.074 0.0000000000
23752  -10.808  -55.614  4.677 0.0000000000
23753  -11.385  -54.776  4.603 0.0000000000
23766  -11.163  -55.046  4.111 0.0000000000
23797  -13.471  -55.181  1.436 0.0000000000
23798  -14.329  -55.380  1.194 0.0000000000
23817  -14.846  -55.384  0.245 0.0000000000
23818  -15.361  -54.980  -0.110 0.0000000000
23839  -15.167  -55.261  -0.666 0.0000000000
24599  -5.055  -54.516  20.103 0.0000000000
24600  -5.678  -54.304  20.344 0.0000000000
24601  -6.527  -54.264  20.494 0.0000000000
24602  -7.529  -54.579  20.573 0.0000000000
24603  -8.091  -55.002  20.464 0.0000000000
24619  -4.827  -54.706  19.566 0.0000000000
24620  -5.435  -54.314  19.429 0.0000000000
24621  -6.189  -53.975  19.765 0.0000000000
24622  -7.976  -54.190  20.194 0.0000000000
24623  -8.481  -54.526  20.149 0.0000000000
24624  -9.647  -54.611  19.862 0.0000000000
24625  -10.751  -54.634  19.778 0.0000000000
24626  -11.706  -54.562  19.464 0.0000000000
24627  -12.144  -54.642  19.163 0.0000000000
24636  -4.930  -54.727  18.908 0.0000000000
24637  -5.495  -54.468  18.360 0.0000000000
24638  -6.041  -54.269  17.932 0.0000000000
24639  -12.029  -54.173  19.040 0.0000000000
24640  -12.290  -54.537  18.655 0.0000000000
24653  -5.736  -54.708  17.587 0.0000000000
24654  -6.361  -54.437  17.315 0.0000000000
24655  -6.874  -54.306  16.899 0.0000000000
24656  -12.357  -54.732  17.781 0.0000000000
24673  -5.911  -55.005  16.937 0.0000000000
24674  -6.417  -54.867  16.402 0.0000000000
24675  -7.138  -54.331  16.217 0.0000000000
24676  -11.765  -54.646  15.929 0.0000000000
24677  -12.033  -54.879  16.740 0.0000000000
24678  -14.330  -55.253  16.068 0.0000000000
24679  -14.649  -55.080  16.192 0.0000000000
24680  -15.342  -54.974  16.392 0.0000000000
24695  -6.608  -54.848  15.467 0.0000000000
24696  -7.201  -54.062  15.220 0.0000000000
24697  -11.737  -54.811  15.173 0.0000000000
24698  -13.448  -55.220  15.284 0.0000000000
24699  -14.049  -55.043  15.667 0.0000000000
24700  -14.966  -54.230  15.712 0.0000000000
24701  -16.206  -54.614  16.211 0.0000000000
24702  -17.346  -54.781  15.886 0.0000000000
24703  -18.130  -54.851  15.458 0.0000000000
24710  -6.612  -54.446  14.412 0.0000000000
24711  -6.984  -53.980  14.625 0.0000000000
24712  -11.815  -54.543  14.123 0.0000000000
24713  -12.504  -54.695  14.201 0.0000000000
24714  -13.353  -54.757  14.687 0.0000000000
24715  -14.355  -54.135  14.743 0.0000000000
24716  -14.801  -53.947  15.050 0.0000000000
24717  -18.763  -54.684  14.949 0.0000000000
24718  -19.484  -54.812  14.231 0.0000000000
24724  -6.322  -54.498  13.222 0.0000000000
24725  -10.879  -54.307  12.242 0.0000000000
24726  -11.589  -54.372  12.808 0.0000000000
24727  -12.301  -54.445  13.309 0.0000000000
24728  -13.199  -54.212  13.635 0.0000000000
24729  -13.778  -54.185  14.177 0.0000000000
24730  -20.023  -54.457  13.501 0.0000000000
24731  -20.471  -54.286  12.858 0.0000000000
24740  -6.186  -54.609  12.062 0.0000000000
24741  -10.834  -54.403  11.295 0.0000000000
24742  -11.437  -54.434  11.849 0.0000000000
24743  -12.243  -54.277  12.292 0.0000000000
24744  -12.720  -54.173  13.000 0.0000000000
24745  -20.793  -54.307  12.151 0.0000000000
24754  -6.099  -54.791  10.949 0.0000000000
24755  -10.892  -54.308  10.783 0.0000000000
24756  -11.348  -54.278  11.169 0.0000000000
24757  -11.786  -54.299  11.604 0.0000000000
24758  -20.912  -54.386  11.341 0.0000000000
24765  -5.606  -54.888  10.034 0.0000000000
24766  -5.964  -54.879  10.333 0.0000000000
24767  -20.960  -54.473  10.460 0.0000000000
24774  -16.034  -54.744  9.061 0.0000000000
24775  -16.304  -54.827  8.844 0.0000000000
24776  -20.871  -54.547  9.526 0.0000000000
24784  -15.003  -54.351  8.893 0.0000000000
24785  -15.587  -54.009  8.957 0.0000000000
24786  -16.263  -54.205  8.617 0.0000000000
24787  -20.604  -54.649  8.600 0.0000000000
24792  -13.981  -54.206  7.447 0.0000000000
24793  -14.441  -54.285  8.273 0.0000000000
24794  -16.750  -54.443  7.591 0.0000000000
24795  -17.579  -54.842  7.017 0.0000000000
24796  -18.398  -54.825  6.960 0.0000000000
24797  -19.317  -54.645  7.114 0.0000000000
24798  -20.140  -54.693  7.763 0.0000000000
24802  -12.696  -53.942  5.974 0.0000000000
24803  -13.350  -54.244  6.495 0.0000000000
24804  -15.919  -53.953  6.549 0.0000000000
24805  -16.320  -54.169  6.675 0.0000000000
24806  -17.052  -54.480  6.421 0.0000000000
24807  -17.993  -54.372  6.182 0.0000000000
24808  -18.779  -54.250  6.505 0.0000000000
24811  -11.724  -54.354  5.061 0.0000000000
24812  -12.174  -54.322  5.537 0.0000000000
24813  -12.896  -54.594  5.814 0.0000000000
24814  -15.894  -54.064  6.107 0.0000000000
24815  -16.441  -54.149  5.803 0.0000000000
24816  -17.276  -54.051  5.638 0.0000000000
24817  -17.945  -53.712  5.616 0.0000000000
24820  -11.621  -53.965  4.620 0.0000000000
24827  -11.351  -54.246  3.712 0.0000000000
24855  -12.984  -54.173  1.146 0.0000000000
24856  -14.203  -54.354  1.284 0.0000000000
24857  -15.077  -54.087  1.264 0.0000000000
24879  -12.940  -53.286  0.642 0.0000000000
24880  -14.881  -54.800  1.087 0.0000000000
24881  -15.515  -54.450  0.514 0.0000000000
24882  -16.057  -54.106  0.016 0.0000000000
24902  -15.731  -54.654  -0.702 0.0000000000
24903  -16.261  -53.935  -0.698 0.0000000000
25685  -6.669  -53.905  19.935 0.0000000000
25686  -7.101  -53.924  20.061 0.0000000000
25701  -6.032  -53.861  18.893 0.0000000000
25702  -6.865  -53.635  19.336 0.0000000000
25703  -7.926  -53.741  19.732 0.0000000000
25704  -9.108  -53.755  19.475 0.0000000000
25705  -10.203  -53.775  19.362 0.0000000000
25706  -11.210  -53.812  19.287 0.0000000000
25707  -11.729  -53.959  19.104 0.0000000000
25717  -6.048  -54.081  18.334 0.0000000000
25718  -6.632  -53.815  18.111 0.0000000000
25719  -7.653  -53.430  18.532 0.0000000000
25720  -8.658  -53.322  18.749 0.0000000000
25721  -9.716  -53.093  18.653 0.0000000000
25722  -10.748  -53.076  18.838 0.0000000000
25723  -11.839  -53.439  18.465 0.0000000000
25724  -12.345  -54.057  18.111 0.0000000000
25735  -6.853  -54.069  17.383 0.0000000000
25736  -7.515  -53.743  17.216 0.0000000000
25737  -8.437  -53.223  17.804 0.0000000000
25738  -9.119  -53.008  18.119 0.0000000000
25739  -12.007  -53.126  17.628 0.0000000000
25740  -12.277  -53.748  17.384 0.0000000000
25755  -7.864  -53.748  16.044 0.0000000000
25756  -8.612  -53.201  16.691 0.0000000000
25757  -9.117  -52.927  17.426 0.0000000000
25758  -11.777  -53.910  15.557 0.0000000000
25759  -12.080  -53.865  16.405 0.0000000000
25775  -7.826  -53.474  15.219 0.0000000000
25776  -8.496  -53.164  15.660 0.0000000000
25777  -11.536  -54.038  14.687 0.0000000000
25778  -15.867  -53.767  15.571 0.0000000000
25779  -16.844  -53.882  15.630 0.0000000000
25780  -17.770  -54.085  15.437 0.0000000000
25781  -18.297  -54.294  15.234 0.0000000000
25790  -6.891  -53.940  14.319 0.0000000000
25791  -7.329  -53.503  14.355 0.0000000000
25792  -8.211  -52.866  14.693 0.0000000000
25793  -11.365  -54.045  14.072 0.0000000000
25794  -14.537  -53.736  14.400 0.0000000000
25795  -15.126  -53.566  14.713 0.0000000000
25796  -16.352  -53.227  15.034 0.0000000000
25797  -17.405  -53.304  15.097 0.0000000000
25798  -18.358  -53.658  14.889 0.0000000000
25799  -19.031  -53.998  14.533 0.0000000000
25807  -6.770  -53.907  13.715 0.0000000000
25808  -7.194  -53.399  13.150 0.0000000000
25809  -10.571  -53.834  12.574 0.0000000000
25810  -11.021  -53.965  13.339 0.0000000000
25811  -13.507  -53.794  13.423 0.0000000000
25812  -14.167  -53.598  13.782 0.0000000000
25813  -15.109  -52.902  13.959 0.0000000000
25814  -18.814  -53.371  14.367 0.0000000000
25815  -19.476  -53.604  13.952 0.0000000000
25816  -20.228  -53.499  13.261 0.0000000000
25823  -6.651  -53.977  12.616 0.0000000000
25824  -7.186  -53.649  12.033 0.0000000000
25825  -9.465  -53.776  11.384 0.0000000000
25826  -10.057  -53.835  11.730 0.0000000000
25827  -12.578  -53.720  12.133 0.0000000000
25828  -13.205  -53.647  12.874 0.0000000000
25829  -13.934  -53.025  13.119 0.0000000000
25830  -20.731  -53.471  12.527 0.0000000000
25838  -4.969  -53.856  10.393 0.0000000000
25839  -6.657  -54.238  11.439 0.0000000000
25840  -7.381  -53.918  10.904 0.0000000000
25841  -8.158  -53.967  10.439 0.0000000000
25842  -9.193  -54.023  10.636 0.0000000000
25843  -10.279  -54.217  10.449 0.0000000000
25844  -11.041  -53.877  10.479 0.0000000000
25845  -12.014  -53.761  11.404 0.0000000000
25846  -21.042  -53.539  11.744 0.0000000000
25852  -5.481  -54.226  10.003 0.0000000000
25853  -6.389  -54.332  10.191 0.0000000000
25854  -7.477  -53.945  9.880 0.0000000000
25855  -8.390  -54.188  9.527 0.0000000000
25856  -9.405  -54.137  9.493 0.0000000000
25857  -10.274  -53.878  9.698 0.0000000000
25858  -10.620  -53.523  10.034 0.0000000000
25859  -21.068  -53.583  10.895 0.0000000000
25865  -20.980  -53.593  9.991 0.0000000000
25871  -14.257  -52.790  8.678 0.0000000000
25872  -14.772  -53.134  8.953 0.0000000000
25873  -15.602  -53.214  8.456 0.0000000000
25874  -16.223  -53.701  8.020 0.0000000000
25875  -20.797  -53.622  9.014 0.0000000000
25883  -13.974  -53.172  8.266 0.0000000000
25884  -14.544  -53.692  8.664 0.0000000000
25885  -15.693  -53.350  7.502 0.0000000000
25886  -16.222  -53.868  7.396 0.0000000000
25887  -20.003  -53.613  7.304 0.0000000000
25888  -20.525  -53.717  8.089 0.0000000000
25894  -12.767  -53.204  6.477 0.0000000000
25895  -13.474  -53.443  7.187 0.0000000000
25896  -15.024  -52.946  6.068 0.0000000000
25897  -15.559  -53.564  6.492 0.0000000000
25898  -15.941  -53.803  6.944 0.0000000000
25899  -18.679  -53.427  5.943 0.0000000000
25900  -19.315  -53.757  6.645 0.0000000000
25904  -11.752  -53.259  5.342 0.0000000000
25905  -12.273  -53.482  5.844 0.0000000000
25906  -15.085  -52.930  5.409 0.0000000000
25907  -15.679  -53.480  5.248 0.0000000000
25908  -16.682  -53.640  5.114 0.0000000000
25909  -17.572  -53.187  5.132 0.0000000000
25910  -18.114  -53.225  5.473 0.0000000000
25916  -11.600  -53.132  4.318 0.0000000000
25917  -15.836  -53.222  4.590 0.0000000000
25918  -16.234  -53.267  4.550 0.0000000000
25919  -16.971  -53.132  4.607 0.0000000000
25929  -11.416  -53.179  3.219 0.0000000000
25960  -13.733  -53.409  0.899 0.0000000000
25961  -14.709  -53.268  1.175 0.0000000000
25962  -15.778  -53.412  1.051 0.0000000000
25963  -16.339  -52.961  0.825 0.0000000000
25981  -12.534  -52.749  0.597 0.0000000000
25982  -13.410  -52.613  0.460 0.0000000000
25983  -14.126  -52.731  0.670 0.0000000000
25984  -15.987  -53.864  0.496 0.0000000000
25985  -16.485  -53.395  0.180 0.0000000000
25986  -16.770  -53.181  -0.394 0.0000000000
26006  -16.603  -53.472  -0.623 0.0000000000
26854  -9.903  -52.790  18.282 0.0000000000
26855  -10.284  -52.709  18.262 0.0000000000
26856  -11.052  -52.638  18.194 0.0000000000
26868  -9.740  -52.701  17.864 0.0000000000
26869  -10.533  -52.453  17.487 0.0000000000
26870  -11.516  -52.699  17.388 0.0000000000
26871  -12.063  -53.042  17.093 0.0000000000
26880  -9.004  -52.857  16.056 0.0000000000
26881  -9.656  -52.527  16.588 0.0000000000
26882  -10.866  -52.300  16.380 0.0000000000
26883  -11.806  -52.913  16.210 0.0000000000
26884  -12.106  -53.330  16.782 0.0000000000
26900  -9.188  -52.490  15.233 0.0000000000
26901  -10.262  -52.262  15.345 0.0000000000
26902  -11.002  -52.477  15.145 0.0000000000
26903  -11.543  -53.251  15.146 0.0000000000
26917  -7.889  -52.791  13.563 0.0000000000
26918  -8.873  -52.434  13.892 0.0000000000
26919  -9.986  -52.296  14.256 0.0000000000
26920  -10.656  -52.696  14.188 0.0000000000
26921  -11.173  -53.350  14.298 0.0000000000
26922  -15.959  -52.709  14.333 0.0000000000
26923  -16.991  -52.642  14.545 0.0000000000
26924  -17.951  -52.851  14.550 0.0000000000
26925  -18.455  -53.107  14.439 0.0000000000
26942  -7.764  -53.119  12.476 0.0000000000
26943  -8.573  -52.740  12.722 0.0000000000
26944  -9.476  -52.681  13.006 0.0000000000
26945  -10.342  -53.067  13.094 0.0000000000
26946  -10.796  -53.250  13.716 0.0000000000
26947  -14.639  -52.521  13.398 0.0000000000
26948  -15.668  -52.217  13.709 0.0000000000
26949  -16.644  -52.100  13.935 0.0000000000
26950  -17.653  -52.162  14.068 0.0000000000
26951  -18.726  -52.591  14.027 0.0000000000
26952  -19.737  -52.618  13.475 0.0000000000
26953  -20.498  -52.584  12.882 0.0000000000
26968  -2.845  -53.117  12.151 0.0000000000
26969  -3.897  -53.151  12.079 0.0000000000
26970  -4.342  -52.637  11.918 0.0000000000
26971  -7.708  -53.546  11.602 0.0000000000
26972  -8.298  -53.276  11.814 0.0000000000
26973  -9.187  -53.337  11.839 0.0000000000
26974  -9.759  -53.200  12.434 0.0000000000
26975  -12.839  -52.988  12.124 0.0000000000
26976  -13.553  -52.796  12.733 0.0000000000
26977  -13.989  -52.494  13.075 0.0000000000
26978  -21.016  -52.622  12.094 0.0000000000
26989  -2.342  -52.719  11.694 0.0000000000
26990  -4.364  -53.685  11.523 0.0000000000
26991  -4.639  -53.230  11.306 0.0000000000
26992  -5.403  -53.123  10.527 0.0000000000
26993  -6.199  -52.952  10.134 0.0000000000
26994  -7.690  -53.743  11.217 0.0000000000
26995  -7.963  -53.673  11.167 0.0000000000
26996  -8.563  -53.704  11.176 0.0000000000
26997  -11.560  -53.134  10.880 0.0000000000
26998  -12.160  -52.678  11.448 0.0000000000
26999  -21.116  -52.837  11.321 0.0000000000
27008  -6.062  -53.669  9.950 0.0000000000
27009  -6.860  -53.541  9.685 0.0000000000
27010  -7.701  -53.714  9.195 0.0000000000
27011  -8.622  -53.719  8.925 0.0000000000
27012  -9.591  -53.464  9.266 0.0000000000
27013  -10.321  -53.164  9.803 0.0000000000
27014  -10.968  -52.952  10.355 0.0000000000
27015  -20.980  -52.703  10.546 0.0000000000
27025  -20.720  -52.695  9.592 0.0000000000
27036  -14.036  -52.598  8.466 0.0000000000
27037  -14.394  -52.424  8.502 0.0000000000
27038  -14.990  -52.403  8.532 0.0000000000
27039  -20.239  -52.259  8.069 0.0000000000
27040  -20.451  -52.584  8.471 0.0000000000
27051  -13.858  -52.226  8.017 0.0000000000
27052  -14.433  -52.011  7.777 0.0000000000
27053  -15.200  -52.496  7.756 0.0000000000
27054  -20.109  -52.535  7.634 0.0000000000
27055  -20.379  -53.100  7.813 0.0000000000
27066  -12.121  -51.842  6.121 0.0000000000
27067  -12.420  -52.154  6.444 0.0000000000
27068  -13.247  -52.471  7.309 0.0000000000
27069  -14.675  -52.059  6.756 0.0000000000
27070  -15.246  -52.828  6.967 0.0000000000
27071  -18.914  -52.401  6.023 0.0000000000
27072  -19.526  -52.740  6.666 0.0000000000
27079  -12.001  -52.142  5.856 0.0000000000
27080  -12.159  -52.815  6.008 0.0000000000
27081  -14.686  -52.227  5.495 0.0000000000
27082  -15.114  -52.806  4.927 0.0000000000
27083  -17.760  -52.678  4.997 0.0000000000
27084  -18.207  -52.505  5.329 0.0000000000
27093  -11.723  -52.091  5.091 0.0000000000
27094  -14.846  -52.232  4.636 0.0000000000
27095  -15.664  -52.643  4.151 0.0000000000
27096  -16.699  -52.763  4.087 0.0000000000
27097  -17.558  -52.354  4.467 0.0000000000
27098  -18.052  -51.973  4.884 0.0000000000
27110  -11.938  -52.240  3.781 0.0000000000
27111  -12.414  -51.845  3.429 0.0000000000
27112  -15.938  -52.003  3.461 0.0000000000
27113  -16.522  -52.185  3.573 0.0000000000
27114  -17.093  -52.284  3.810 0.0000000000
27125  -11.554  -52.643  2.451 0.0000000000
27126  -12.291  -52.110  2.741 0.0000000000
27143  -12.098  -52.189  1.717 0.0000000000
27144  -14.623  -52.446  0.799 0.0000000000
27145  -15.281  -52.449  1.022 0.0000000000
27146  -16.068  -52.447  0.995 0.0000000000
27167  -12.227  -52.278  0.941 0.0000000000
27168  -13.186  -51.880  0.409 0.0000000000
27169  -14.163  -51.930  0.292 0.0000000000
27170  -14.866  -51.940  0.658 0.0000000000
27171  -16.732  -52.465  0.551 0.0000000000
27172  -17.101  -52.687  -0.322 0.0000000000
28081  -10.286  -52.309  15.120 0.0000000000
28082  -10.473  -52.329  15.054 0.0000000000
28086  -10.280  -52.307  14.896 0.0000000000
28087  -10.466  -52.406  14.734 0.0000000000
28095  -12.809  -51.217  12.760 0.0000000000
28096  -13.303  -51.445  12.941 0.0000000000
28097  -14.153  -51.774  13.157 0.0000000000
28098  -15.249  -51.570  13.505 0.0000000000
28099  -16.258  -51.402  13.783 0.0000000000
28100  -17.307  -51.356  13.824 0.0000000000
28101  -18.345  -51.520  13.767 0.0000000000
28102  -19.313  -51.690  13.533 0.0000000000
28103  -20.146  -51.754  13.162 0.0000000000
28115  -2.655  -52.429  11.936 0.0000000000
28116  -3.166  -52.301  12.187 0.0000000000
28117  -3.950  -52.266  12.142 0.0000000000
28118  -11.887  -51.435  11.820 0.0000000000
28119  -12.644  -51.854  12.170 0.0000000000
28120  -13.387  -52.217  12.644 0.0000000000
28121  -13.761  -52.326  12.902 0.0000000000
28122  -20.725  -51.588  12.478 0.0000000000
28136  -1.659  -52.100  10.734 0.0000000000
28137  -2.294  -51.701  11.455 0.0000000000
28138  -3.494  -51.466  11.991 0.0000000000
28139  -4.744  -51.954  11.842 0.0000000000
28140  -5.894  -52.002  11.123 0.0000000000
28141  -7.036  -52.404  10.300 0.0000000000
28142  -8.233  -52.077  10.371 0.0000000000
28143  -9.273  -51.836  10.441 0.0000000000
28144  -10.181  -51.700  10.596 0.0000000000
28145  -10.883  -51.795  10.821 0.0000000000
28146  -11.502  -52.191  11.049 0.0000000000
28147  -12.091  -52.015  11.549 0.0000000000
28148  -21.038  -51.796  11.324 0.0000000000
28162  -1.776  -51.567  10.650 0.0000000000
28163  -7.311  -53.209  9.377 0.0000000000
28164  -7.897  -53.004  9.298 0.0000000000
28165  -8.905  -52.775  9.465 0.0000000000
28166  -9.826  -52.531  9.852 0.0000000000
28167  -10.559  -52.377  10.249 0.0000000000
28168  -11.002  -52.297  10.551 0.0000000000
28169  -20.712  -51.801  10.214 0.0000000000
28184  -20.161  -51.290  9.099 0.0000000000
28185  -20.453  -51.897  9.324 0.0000000000
28201  -19.993  -51.720  8.183 0.0000000000
28202  -20.275  -51.862  8.762 0.0000000000
28215  -13.462  -51.882  7.481 0.0000000000
28216  -13.748  -51.700  7.479 0.0000000000
28217  -19.633  -51.869  7.288 0.0000000000
28229  -12.002  -51.708  5.992 0.0000000000
28230  -12.239  -51.585  6.218 0.0000000000
28231  -13.043  -51.475  6.839 0.0000000000
28232  -13.902  -51.414  6.882 0.0000000000
28233  -18.693  -51.745  5.899 0.0000000000
28234  -19.129  -51.610  6.616 0.0000000000
28244  -12.010  -51.598  5.806 0.0000000000
28245  -12.460  -50.986  5.865 0.0000000000
28246  -13.368  -50.853  6.021 0.0000000000
28247  -14.142  -51.143  5.842 0.0000000000
28248  -18.379  -51.521  5.338 0.0000000000
28264  -12.049  -51.326  5.347 0.0000000000
28265  -12.451  -50.849  4.963 0.0000000000
28266  -14.430  -51.307  4.839 0.0000000000
28267  -14.910  -51.752  4.140 0.0000000000
28268  -17.724  -51.817  4.070 0.0000000000
28269  -18.087  -51.482  4.390 0.0000000000
28285  -12.102  -51.520  4.712 0.0000000000
28286  -12.590  -51.244  3.972 0.0000000000
28287  -13.176  -51.052  3.461 0.0000000000
28288  -14.659  -50.892  3.980 0.0000000000
28289  -15.441  -51.428  3.553 0.0000000000
28290  -16.251  -51.374  3.119 0.0000000000
28291  -17.394  -51.482  3.470 0.0000000000
28292  -18.066  -51.067  3.779 0.0000000000
28302  -12.914  -51.654  3.101 0.0000000000
28303  -13.428  -51.143  2.715 0.0000000000
28304  -16.769  -50.944  2.814 0.0000000000
28305  -17.179  -50.891  2.865 0.0000000000
28317  -12.907  -51.687  1.991 0.0000000000
28318  -13.570  -51.100  1.820 0.0000000000
28319  -15.229  -51.851  0.768 0.0000000000
28320  -15.640  -51.883  0.878 0.0000000000
28339  -12.557  -51.814  1.232 0.0000000000
28340  -13.193  -51.270  0.950 0.0000000000
28341  -14.049  -51.114  0.486 0.0000000000
28342  -15.130  -51.255  0.493 0.0000000000
28343  -16.402  -51.493  0.785 0.0000000000
28344  -17.668  -51.623  0.303 0.0000000000
29245  -15.387  -50.112  14.066 0.0000000000
29246  -16.081  -49.925  14.098 0.0000000000
29247  -16.552  -49.677  14.013 0.0000000000
29253  -12.253  -50.144  13.092 0.0000000000
29254  -13.010  -50.575  13.292 0.0000000000
29255  -13.897  -50.793  13.532 0.0000000000
29256  -14.798  -50.719  13.714 0.0000000000
29257  -15.787  -50.704  13.860 0.0000000000
29258  -16.874  -50.309  13.943 0.0000000000
29259  -18.077  -50.517  13.794 0.0000000000
29260  -19.062  -50.730  13.606 0.0000000000
29261  -19.892  -50.906  13.254 0.0000000000
29262  -20.350  -51.195  12.951 0.0000000000
29268  -5.917  -49.975  12.200 0.0000000000
29269  -6.283  -50.047  12.255 0.0000000000
29270  -7.155  -50.230  12.312 0.0000000000
29271  -8.183  -50.342  12.303 0.0000000000
29272  -9.216  -50.400  12.282 0.0000000000
29273  -10.214  -50.390  12.221 0.0000000000
29274  -11.350  -50.430  12.418 0.0000000000
29275  -12.340  -50.918  12.564 0.0000000000
29276  -20.013  -50.301  13.047 0.0000000000
29277  -20.372  -50.618  12.694 0.0000000000
29284  -2.299  -50.978  11.102 0.0000000000
29285  -2.854  -50.623  11.282 0.0000000000
29286  -4.100  -50.449  11.741 0.0000000000
29287  -5.487  -50.350  12.020 0.0000000000
29288  -6.555  -51.095  11.729 0.0000000000
29289  -7.630  -51.207  11.428 0.0000000000
29290  -8.706  -51.139  11.382 0.0000000000
29291  -9.714  -51.083  11.396 0.0000000000
29292  -10.618  -51.132  11.471 0.0000000000
29293  -11.267  -51.368  11.465 0.0000000000
29294  -20.775  -50.730  11.890 0.0000000000
29303  -1.644  -51.289  9.854 0.0000000000
29304  -1.993  -50.875  10.310 0.0000000000
29305  -2.857  -50.111  10.437 0.0000000000
29306  -20.139  -50.283  10.350 0.0000000000
29307  -20.486  -50.619  10.730 0.0000000000
29319  -1.565  -51.285  9.293 0.0000000000
29320  -2.031  -50.676  8.890 0.0000000000
29321  -20.042  -50.505  9.814 0.0000000000
29322  -20.403  -51.200  9.823 0.0000000000
29341  -3.866  -50.549  7.427 0.0000000000
29342  -19.683  -50.666  8.757 0.0000000000
29362  -5.144  -50.419  6.902 0.0000000000
29363  -5.520  -50.273  6.772 0.0000000000
29364  -18.886  -50.054  7.134 0.0000000000
29365  -19.220  -50.823  7.497 0.0000000000
29386  -18.666  -50.766  6.370 0.0000000000
29387  -18.959  -51.067  6.840 0.0000000000
29409  -13.101  -50.479  5.219 0.0000000000
29410  -13.781  -50.473  5.281 0.0000000000
29411  -14.125  -50.705  5.190 0.0000000000
29412  -18.511  -50.652  5.174 0.0000000000
29430  -13.074  -50.546  4.366 0.0000000000
29431  -13.688  -50.355  4.492 0.0000000000
29432  -14.158  -50.496  4.621 0.0000000000
29433  -18.503  -50.596  4.151 0.0000000000
29448  -13.109  -50.733  3.847 0.0000000000
29449  -13.651  -50.493  3.481 0.0000000000
29450  -14.393  -50.325  3.619 0.0000000000
29451  -15.233  -50.449  3.353 0.0000000000
29452  -15.712  -50.841  3.177 0.0000000000
29453  -17.473  -50.686  2.918 0.0000000000
29454  -18.090  -50.531  3.242 0.0000000000
29464  -13.886  -50.660  2.379 0.0000000000
29465  -14.378  -50.226  2.651 0.0000000000
29466  -15.192  -49.961  2.703 0.0000000000
29467  -15.992  -50.345  2.782 0.0000000000
29468  -16.929  -50.361  2.524 0.0000000000
29469  -17.621  -50.203  2.572 0.0000000000
29481  -13.883  -50.788  1.796 0.0000000000
29482  -14.174  -50.542  1.785 0.0000000000
29483  -14.867  -50.149  1.714 0.0000000000
29484  -15.555  -49.922  1.290 0.0000000000
29501  -13.780  -50.824  1.345 0.0000000000
29502  -14.090  -50.597  1.018 0.0000000000
29503  -14.912  -50.415  0.786 0.0000000000
29504  -16.045  -50.339  0.905 0.0000000000
29505  -17.221  -50.575  0.916 0.0000000000
29506  -18.316  -50.524  0.682 0.0000000000
30425  -14.322  -49.557  14.015 0.0000000000
30426  -14.699  -49.721  14.080 0.0000000000
30427  -15.563  -49.417  14.144 0.0000000000
30428  -16.261  -49.291  14.035 0.0000000000
30443  -9.441  -48.977  13.199 0.0000000000
30444  -10.148  -48.967  13.256 0.0000000000
30445  -10.963  -48.953  13.222 0.0000000000
30446  -11.794  -49.297  13.307 0.0000000000
30447  -12.872  -49.449  13.651 0.0000000000
30448  -13.899  -49.765  13.901 0.0000000000
30449  -14.313  -50.257  13.862 0.0000000000
30450  -16.928  -49.226  13.826 0.0000000000
30451  -17.834  -49.573  13.721 0.0000000000
30452  -18.916  -49.663  13.454 0.0000000000
30453  -19.618  -50.203  13.304 0.0000000000
30459  -6.057  -49.582  12.171 0.0000000000
30460  -6.749  -49.129  12.407 0.0000000000
30461  -7.746  -49.326  12.670 0.0000000000
30462  -8.771  -49.411  12.892 0.0000000000
30463  -9.728  -49.637  12.826 0.0000000000
30464  -10.601  -49.648  12.832 0.0000000000
30465  -11.176  -49.568  12.956 0.0000000000
30466  -19.221  -49.302  12.965 0.0000000000
30467  -19.870  -49.677  12.664 0.0000000000
30468  -20.435  -50.203  12.263 0.0000000000
30475  -3.607  -49.711  10.929 0.0000000000
30476  -4.803  -49.250  11.229 0.0000000000
30477  -5.740  -49.109  11.849 0.0000000000
30478  -6.207  -48.983  12.162 0.0000000000
30479  -19.881  -49.473  11.570 0.0000000000
30480  -20.394  -50.012  11.709 0.0000000000
30485  -2.691  -50.149  9.479 0.0000000000
30486  -3.412  -49.624  9.882 0.0000000000
30487  -4.199  -49.200  10.204 0.0000000000
30488  -18.930  -49.190  10.188 0.0000000000
30489  -19.828  -49.807  10.542 0.0000000000
30490  -20.197  -49.926  11.127 0.0000000000
30494  -2.754  -50.298  8.448 0.0000000000
30495  -3.393  -49.829  8.813 0.0000000000
30496  -4.037  -49.378  9.178 0.0000000000
30497  -18.876  -49.120  9.142 0.0000000000
30498  -19.467  -49.827  9.478 0.0000000000
30511  -3.410  -50.324  8.002 0.0000000000
30512  -4.361  -49.943  8.135 0.0000000000
30513  -5.467  -49.795  7.852 0.0000000000
30514  -6.404  -49.650  7.692 0.0000000000
30515  -6.973  -49.548  7.620 0.0000000000
30516  -19.002  -49.047  8.185 0.0000000000
30517  -19.304  -49.838  8.457 0.0000000000
30531  -4.418  -50.432  7.420 0.0000000000
30532  -4.979  -50.352  7.340 0.0000000000
30533  -5.924  -50.310  7.008 0.0000000000
30534  -6.837  -49.849  7.052 0.0000000000
30535  -18.885  -49.245  7.354 0.0000000000
30536  -19.112  -49.777  7.718 0.0000000000
30552  -5.626  -49.907  6.371 0.0000000000
30553  -6.461  -49.698  6.081 0.0000000000
30554  -18.706  -49.685  6.679 0.0000000000
30575  -6.475  -49.600  5.032 0.0000000000
30576  -18.497  -49.701  5.900 0.0000000000
30586  -18.787  -49.712  4.841 0.0000000000
30598  -18.830  -49.756  3.687 0.0000000000
30608  -15.756  -49.880  2.424 0.0000000000
30609  -16.282  -49.834  2.253 0.0000000000
30610  -17.136  -49.788  2.158 0.0000000000
30611  -18.275  -49.648  2.489 0.0000000000
30622  -15.673  -49.768  2.005 0.0000000000
30623  -16.407  -49.743  1.586 0.0000000000
30624  -17.463  -49.756  1.688 0.0000000000
30625  -18.371  -49.321  1.680 0.0000000000
30641  -16.952  -49.932  1.202 0.0000000000
30642  -17.828  -49.890  1.224 0.0000000000
30643  -18.734  -49.516  1.050 0.0000000000
31515  -14.365  -49.248  14.059 0.0000000000
31516  -15.008  -48.810  14.111 0.0000000000
31517  -15.933  -48.790  13.954 0.0000000000
31518  -16.449  -48.875  13.850 0.0000000000
31539  -8.973  -48.526  13.208 0.0000000000
31540  -9.679  -48.329  13.398 0.0000000000
31541  -10.547  -48.198  13.468 0.0000000000
31542  -11.504  -48.217  13.527 0.0000000000
31543  -12.567  -48.312  13.729 0.0000000000
31544  -13.925  -48.523  13.863 0.0000000000
31545  -14.915  -48.167  13.735 0.0000000000
31546  -15.636  -48.314  13.668 0.0000000000
31547  -16.601  -48.423  13.366 0.0000000000
31548  -17.715  -48.856  13.384 0.0000000000
31549  -18.310  -49.190  13.400 0.0000000000
31570  -6.951  -48.459  12.223 0.0000000000
31571  -7.535  -48.318  12.459 0.0000000000
31572  -8.317  -48.550  12.940 0.0000000000
31573  -16.839  -48.092  12.298 0.0000000000
31574  -17.697  -48.447  12.633 0.0000000000
31575  -18.679  -48.905  12.902 0.0000000000
31576  -19.272  -49.207  12.685 0.0000000000
31594  -5.243  -48.703  10.790 0.0000000000
31595  -5.710  -48.579  11.143 0.0000000000
31596  -6.567  -48.343  11.729 0.0000000000
31597  -7.089  -48.177  12.077 0.0000000000
31598  -16.815  -48.126  11.264 0.0000000000
31599  -17.628  -48.332  11.618 0.0000000000
31600  -18.530  -48.579  11.933 0.0000000000
31601  -19.305  -49.022  12.187 0.0000000000
31607  -4.930  -48.748  10.255 0.0000000000
31608  -5.691  -48.487  10.245 0.0000000000
31609  -6.612  -48.139  10.454 0.0000000000
31610  -7.223  -47.940  10.073 0.0000000000
31611  -16.798  -48.146  10.331 0.0000000000
31612  -17.472  -48.367  10.616 0.0000000000
31613  -18.318  -48.645  10.901 0.0000000000
31614  -19.173  -49.032  11.216 0.0000000000
31621  -4.649  -48.987  9.378 0.0000000000
31622  -5.416  -48.721  9.344 0.0000000000
31623  -6.358  -48.547  9.325 0.0000000000
31624  -7.415  -48.219  9.331 0.0000000000
31625  -8.140  -48.111  8.928 0.0000000000
31626  -16.819  -48.097  9.911 0.0000000000
31627  -17.210  -48.204  9.814 0.0000000000
31628  -18.114  -48.577  9.799 0.0000000000
31637  -4.497  -49.317  8.791 0.0000000000
31638  -5.029  -49.193  8.589 0.0000000000
31639  -5.950  -49.072  8.449 0.0000000000
31640  -7.013  -49.082  8.302 0.0000000000
31641  -8.025  -48.615  8.131 0.0000000000
31642  -17.651  -48.166  9.212 0.0000000000
31643  -18.326  -48.361  8.697 0.0000000000
31651  -7.395  -49.308  7.406 0.0000000000
31652  -7.814  -48.732  6.815 0.0000000000
31653  -18.639  -48.414  7.758 0.0000000000
31667  -7.225  -49.389  6.397 0.0000000000
31668  -7.558  -48.914  5.789 0.0000000000
31669  -18.608  -48.683  6.694 0.0000000000
31684  -7.158  -49.454  5.176 0.0000000000
31685  -7.748  -48.810  4.830 0.0000000000
31686  -18.537  -48.662  5.575 0.0000000000
31692  -7.393  -49.221  4.107 0.0000000000
31693  -8.023  -48.649  3.872 0.0000000000
31694  -19.034  -48.616  4.468 0.0000000000
31695  -19.363  -48.113  3.819 0.0000000000
31706  -19.152  -48.902  3.268 0.0000000000
31707  -19.423  -48.089  3.030 0.0000000000
31720  -18.946  -48.746  2.324 0.0000000000
31721  -19.399  -47.974  2.210 0.0000000000
31732  -19.063  -48.682  1.500 0.0000000000
31750  -19.123  -48.992  0.993 0.0000000000
32598  -8.676  -48.132  13.120 0.0000000000
32599  -9.132  -47.858  13.246 0.0000000000
32600  -9.984  -47.478  13.337 0.0000000000
32601  -11.080  -47.296  13.381 0.0000000000
32602  -12.142  -47.398  13.465 0.0000000000
32603  -13.298  -47.261  13.276 0.0000000000
32604  -14.541  -47.630  13.251 0.0000000000
32605  -15.424  -47.839  13.297 0.0000000000
32606  -15.940  -48.056  13.328 0.0000000000
32619  -7.877  -47.730  12.265 0.0000000000
32620  -8.473  -47.747  12.705 0.0000000000
32621  -9.382  -47.250  12.803 0.0000000000
32622  -9.896  -47.007  12.985 0.0000000000
32623  -13.452  -46.837  12.529 0.0000000000
32624  -14.243  -47.102  12.171 0.0000000000
32625  -15.307  -47.521  12.525 0.0000000000
32626  -16.075  -47.835  12.846 0.0000000000
32647  -7.038  -47.929  11.313 0.0000000000
32648  -7.436  -47.781  11.720 0.0000000000
32649  -8.265  -47.368  11.926 0.0000000000
32650  -8.990  -47.167  12.198 0.0000000000
32651  -14.550  -47.204  10.875 0.0000000000
32652  -15.301  -47.468  11.443 0.0000000000
32653  -16.096  -47.765  11.887 0.0000000000
32669  -6.855  -47.972  11.062 0.0000000000
32670  -7.368  -47.762  10.655 0.0000000000
32671  -8.169  -47.329  10.957 0.0000000000
32672  -8.942  -47.043  11.384 0.0000000000
32673  -14.594  -47.304  9.894 0.0000000000
32674  -15.377  -47.582  10.315 0.0000000000
32675  -16.131  -47.856  10.815 0.0000000000
32684  -7.548  -47.838  9.925 0.0000000000
32685  -8.211  -47.641  9.725 0.0000000000
32686  -9.046  -47.092  10.365 0.0000000000
32687  -14.021  -46.697  8.946 0.0000000000
32688  -14.400  -47.092  9.148 0.0000000000
32689  -15.327  -47.417  9.331 0.0000000000
32690  -16.483  -47.828  9.642 0.0000000000
32691  -17.200  -47.958  9.296 0.0000000000
32702  -8.639  -47.825  8.589 0.0000000000
32703  -9.240  -47.211  9.261 0.0000000000
32704  -14.089  -46.476  8.809 0.0000000000
32705  -14.441  -46.626  8.733 0.0000000000
32706  -15.143  -46.932  8.658 0.0000000000
32707  -16.151  -47.202  8.693 0.0000000000
32708  -17.437  -47.585  8.552 0.0000000000
32709  -18.236  -47.915  8.143 0.0000000000
32722  -8.460  -47.784  7.330 0.0000000000
32723  -9.080  -47.108  8.229 0.0000000000
32724  -17.487  -47.010  7.601 0.0000000000
32725  -18.169  -47.653  7.430 0.0000000000
32744  -7.991  -48.016  5.782 0.0000000000
32745  -17.745  -46.958  6.781 0.0000000000
32746  -18.251  -47.706  6.290 0.0000000000
32757  -8.312  -48.065  4.551 0.0000000000
32758  -17.958  -46.946  5.993 0.0000000000
32759  -18.454  -47.483  5.282 0.0000000000
32766  -8.711  -47.841  3.702 0.0000000000
32767  -9.322  -47.436  3.296 0.0000000000
32768  -19.054  -47.451  4.425 0.0000000000
32769  -19.438  -47.348  3.694 0.0000000000
32776  -19.591  -47.274  2.904 0.0000000000
33579  -10.428  -46.829  13.023 0.0000000000
33580  -11.138  -46.615  12.963 0.0000000000
33581  -11.875  -46.730  13.121 0.0000000000
33582  -12.517  -46.899  13.204 0.0000000000
33594  -9.451  -46.983  12.343 0.0000000000
33595  -9.929  -46.767  12.472 0.0000000000
33596  -10.733  -46.433  12.394 0.0000000000
33597  -11.627  -46.311  12.404 0.0000000000
33598  -12.710  -46.524  12.509 0.0000000000
33599  -13.480  -46.656  11.991 0.0000000000
33616  -9.523  -46.806  11.851 0.0000000000
33617  -10.232  -46.442  11.675 0.0000000000
33618  -11.122  -46.092  11.559 0.0000000000
33619  -12.144  -46.053  11.523 0.0000000000
33620  -13.068  -46.327  11.403 0.0000000000
33621  -13.808  -46.752  11.202 0.0000000000
33641  -9.665  -46.653  10.988 0.0000000000
33642  -10.477  -46.173  10.719 0.0000000000
33643  -11.562  -45.793  10.452 0.0000000000
33644  -12.670  -45.981  10.578 0.0000000000
33645  -13.406  -46.424  10.490 0.0000000000
33646  -13.997  -46.929  10.258 0.0000000000
33657  -9.845  -46.589  9.957 0.0000000000
33658  -10.571  -45.808  9.649 0.0000000000
33659  -11.273  -45.590  9.793 0.0000000000
33660  -13.115  -46.103  10.033 0.0000000000
33661  -13.676  -46.528  9.527 0.0000000000
33662  -14.131  -47.034  9.667 0.0000000000
33672  -9.753  -46.292  8.816 0.0000000000
33673  -10.206  -45.718  8.996 0.0000000000
33674  -13.776  -46.292  8.933 0.0000000000
33675  -14.180  -46.102  8.693 0.0000000000
33676  -14.986  -46.071  8.455 0.0000000000
33677  -15.852  -46.409  8.258 0.0000000000
33678  -16.758  -46.697  7.989 0.0000000000
33691  -8.771  -46.759  7.356 0.0000000000
33692  -9.212  -46.381  7.949 0.0000000000
33693  -15.639  -45.721  8.075 0.0000000000
33694  -16.293  -45.813  7.490 0.0000000000
33695  -17.086  -46.405  7.131 0.0000000000
33710  -8.376  -46.841  6.288 0.0000000000
33711  -8.529  -46.095  6.273 0.0000000000
33712  -16.813  -45.791  6.749 0.0000000000
33713  -17.443  -46.161  6.220 0.0000000000
33718  -8.453  -47.132  4.999 0.0000000000
33719  -8.782  -46.153  5.489 0.0000000000
33720  -18.051  -46.391  5.441 0.0000000000
33721  -18.539  -46.553  4.763 0.0000000000
33725  -8.774  -47.493  4.311 0.0000000000
33726  -9.644  -46.810  4.167 0.0000000000
33727  -10.797  -46.234  3.977 0.0000000000
33728  -11.302  -45.858  3.996 0.0000000000
33729  -19.093  -46.561  4.152 0.0000000000
33730  -19.477  -46.552  3.525 0.0000000000
33734  -9.983  -47.033  3.032 0.0000000000
33735  -10.775  -46.618  3.290 0.0000000000
33736  -11.647  -46.107  3.461 0.0000000000
33737  -12.218  -45.901  3.240 0.0000000000
33738  -19.779  -46.498  2.814 0.0000000000
33744  -10.592  -46.354  2.368 0.0000000000
33745  -11.515  -46.401  2.617 0.0000000000
33746  -12.237  -46.118  2.789 0.0000000000
33752  -10.918  -46.044  1.775 0.0000000000
33753  -11.459  -46.178  1.875 0.0000000000
33754  -12.113  -46.261  2.072 0.0000000000
34582  -12.384  -45.739  10.055 0.0000000000
34583  -12.780  -45.902  10.046 0.0000000000
34594  -11.115  -45.354  9.423 0.0000000000
34595  -11.880  -45.443  9.635 0.0000000000
34596  -12.939  -45.746  9.577 0.0000000000
34597  -13.441  -46.068  9.174 0.0000000000
34612  -9.943  -45.530  8.615 0.0000000000
34613  -10.528  -45.186  8.859 0.0000000000
34614  -11.420  -44.909  9.026 0.0000000000
34615  -12.448  -44.978  9.121 0.0000000000
34616  -13.535  -45.451  8.938 0.0000000000
34617  -14.420  -45.373  8.513 0.0000000000
34618  -15.154  -45.231  8.186 0.0000000000
34637  -8.902  -46.044  7.370 0.0000000000
34638  -9.459  -45.516  7.849 0.0000000000
34639  -9.990  -45.064  8.307 0.0000000000
34640  -15.715  -45.151  7.702 0.0000000000
34641  -16.080  -45.047  7.261 0.0000000000
34654  -8.622  -46.218  6.798 0.0000000000
34655  -9.000  -45.527  6.577 0.0000000000
34656  -16.472  -45.176  6.842 0.0000000000
34657  -16.994  -45.231  6.258 0.0000000000
34662  -9.938  -45.415  5.276 0.0000000000
34663  -11.013  -45.017  4.887 0.0000000000
34664  -11.494  -44.795  4.692 0.0000000000
34665  -17.687  -45.274  5.340 0.0000000000
34666  -18.183  -45.924  4.955 0.0000000000
34671  -10.304  -46.017  4.417 0.0000000000
34672  -10.867  -45.652  4.431 0.0000000000
34673  -11.815  -45.286  4.092 0.0000000000
34674  -12.506  -45.041  3.831 0.0000000000
34675  -17.982  -44.710  4.755 0.0000000000
34676  -18.559  -45.421  4.296 0.0000000000
34677  -19.172  -46.036  3.880 0.0000000000
34681  -12.125  -45.721  3.498 0.0000000000
34682  -12.768  -45.455  3.233 0.0000000000
34683  -13.482  -45.124  2.988 0.0000000000
34684  -19.023  -44.953  3.733 0.0000000000
34685  -19.486  -45.587  3.437 0.0000000000
34691  -9.994  -46.110  2.255 0.0000000000
34692  -12.764  -45.827  2.175 0.0000000000
34693  -13.601  -45.241  2.349 0.0000000000
34694  -14.135  -44.979  2.034 0.0000000000
34703  -10.314  -45.625  1.686 0.0000000000
34704  -11.272  -45.753  1.474 0.0000000000
34705  -12.174  -45.691  1.406 0.0000000000
34706  -13.177  -45.340  1.615 0.0000000000
34707  -13.822  -45.034  1.783 0.0000000000
34720  -11.078  -45.333  1.272 0.0000000000
34721  -11.575  -45.366  1.260 0.0000000000
34722  -11.876  -45.297  1.233 0.0000000000
35667  -10.320  -44.791  8.316 0.0000000000
35668  -10.833  -44.476  8.354 0.0000000000
35669  -11.868  -44.284  8.469 0.0000000000
35670  -12.973  -44.399  8.587 0.0000000000
35671  -13.957  -44.588  8.482 0.0000000000
35672  -14.662  -44.727  8.217 0.0000000000
35683  -9.451  -45.027  7.154 0.0000000000
35684  -10.081  -44.629  7.579 0.0000000000
35685  -11.234  -43.904  7.283 0.0000000000
35686  -12.455  -43.765  7.827 0.0000000000
35687  -13.494  -43.848  7.984 0.0000000000
35688  -14.400  -44.080  7.910 0.0000000000
35689  -15.211  -44.460  7.682 0.0000000000
35690  -15.745  -44.666  7.346 0.0000000000
35700  -9.707  -44.810  6.473 0.0000000000
35701  -10.415  -44.396  6.503 0.0000000000
35702  -11.001  -44.064  6.116 0.0000000000
35703  -15.580  -44.229  7.191 0.0000000000
35704  -16.081  -44.409  6.884 0.0000000000
35705  -16.607  -44.635  6.488 0.0000000000
35714  -10.120  -44.746  5.938 0.0000000000
35715  -10.622  -44.631  5.645 0.0000000000
35716  -11.410  -44.334  5.264 0.0000000000
35717  -11.963  -44.155  4.911 0.0000000000
35718  -16.457  -44.052  6.477 0.0000000000
35719  -17.054  -44.199  5.991 0.0000000000
35724  -11.823  -44.585  4.623 0.0000000000
35725  -12.546  -44.441  4.291 0.0000000000
35726  -13.179  -44.078  4.231 0.0000000000
35727  -17.705  -43.932  5.121 0.0000000000
35728  -18.288  -44.129  4.472 0.0000000000
35734  -12.861  -44.907  3.726 0.0000000000
35735  -13.544  -44.563  3.533 0.0000000000
35736  -14.258  -44.225  3.274 0.0000000000
35744  -13.800  -44.937  2.834 0.0000000000
35745  -14.402  -44.579  2.532 0.0000000000
35746  -15.011  -44.321  2.225 0.0000000000
35756  -9.663  -44.665  1.434 0.0000000000
35757  -10.896  -44.740  1.163 0.0000000000
35758  -11.814  -44.596  1.195 0.0000000000
35759  -12.649  -44.823  1.239 0.0000000000
35760  -13.576  -44.664  1.498 0.0000000000
35761  -14.365  -44.544  1.786 0.0000000000
35762  -14.996  -44.370  1.961 0.0000000000
35774  -11.308  -45.108  1.188 0.0000000000
35775  -11.607  -45.033  1.161 0.0000000000
35776  -12.055  -45.109  1.182 0.0000000000
36751  -12.208  -43.535  6.936 0.0000000000
36752  -13.063  -43.382  7.180 0.0000000000
36753  -14.018  -43.425  7.347 0.0000000000
36754  -14.853  -43.750  7.322 0.0000000000
36755  -15.302  -43.999  7.256 0.0000000000
36764  -11.748  -43.695  6.035 0.0000000000
36765  -12.652  -43.299  6.203 0.0000000000
36766  -13.598  -43.044  6.416 0.0000000000
36767  -14.528  -43.198  6.703 0.0000000000
36768  -15.472  -43.608  6.735 0.0000000000
36769  -16.070  -43.833  6.578 0.0000000000
36780  -11.842  -43.932  5.341 0.0000000000
36781  -12.370  -43.703  5.225 0.0000000000
36782  -13.196  -43.196  5.394 0.0000000000
36783  -15.538  -43.034  6.180 0.0000000000
36784  -16.216  -43.298  6.090 0.0000000000
36785  -17.011  -43.169  5.413 0.0000000000
36790  -12.953  -43.739  4.674 0.0000000000
36791  -13.626  -43.492  4.408 0.0000000000
36792  -14.303  -43.101  4.031 0.0000000000
36793  -17.478  -42.981  4.849 0.0000000000
36800  -14.102  -43.819  3.690 0.0000000000
36801  -14.747  -43.632  3.242 0.0000000000
36802  -15.330  -43.548  2.722 0.0000000000
36814  -15.027  -44.071  2.530 0.0000000000
37757  -13.685  -42.911  5.779 0.0000000000
37758  -14.183  -42.803  5.997 0.0000000000
37759  -14.957  -42.876  6.156 0.0000000000
37770  -13.855  -42.896  5.267 0.0000000000
37771  -14.538  -42.697  5.399 0.0000000000
37772  -15.406  -42.624  5.489 0.0000000000
37773  -16.277  -42.503  5.088 0.0000000000
37774  -17.010  -42.451  4.793 0.0000000000
37780  -14.158  -42.880  4.720 0.0000000000
37781  -14.753  -42.623  4.639 0.0000000000
37782  -15.533  -42.444  4.390 0.0000000000
37783  -16.548  -42.170  3.874 0.0000000000
37793  -14.895  -42.755  3.868 0.0000000000
37794  -15.556  -42.786  3.325 0.0000000000
37811  -15.845  -43.265  2.573 0.0000000000
