#!ascii label  , from subject ab_data vox2ras=TkReg
2178
78953  -17.851  -8.216  46.182 0.0000000000
80200  -16.781  -7.678  47.437 0.0000000000
80201  -17.045  -8.176  46.954 0.0000000000
80216  -16.905  -7.198  46.802 0.0000000000
80217  -17.287  -7.618  46.458 0.0000000000
80225  -18.032  -7.511  45.749 0.0000000000
80226  -18.902  -7.509  45.487 0.0000000000
80227  -19.728  -7.403  45.540 0.0000000000
80228  -20.212  -7.353  45.701 0.0000000000
81360  -32.635  -5.939  48.418 0.0000000000
81361  -33.057  -5.949  48.462 0.0000000000
81362  -34.136  -5.987  48.766 0.0000000000
81371  -31.143  -6.237  47.647 0.0000000000
81372  -31.465  -6.216  47.735 0.0000000000
81373  -32.330  -6.140  48.038 0.0000000000
81374  -33.348  -6.313  47.833 0.0000000000
81375  -34.381  -6.464  47.722 0.0000000000
81385  -16.569  -6.605  46.954 0.0000000000
81386  -16.980  -6.857  46.398 0.0000000000
81387  -20.796  -6.606  46.048 0.0000000000
81389  -31.171  -6.309  47.342 0.0000000000
81390  -31.802  -6.357  47.196 0.0000000000
81391  -32.654  -6.407  47.048 0.0000000000
81392  -33.635  -6.457  46.873 0.0000000000
81393  -34.642  -6.486  46.715 0.0000000000
81402  -16.736  -6.240  46.147 0.0000000000
81403  -17.406  -6.579  45.738 0.0000000000
81404  -18.390  -6.553  45.346 0.0000000000
81405  -19.354  -6.539  45.346 0.0000000000
81406  -20.264  -6.566  45.641 0.0000000000
81407  -31.272  -6.382  46.693 0.0000000000
81408  -31.948  -6.417  46.313 0.0000000000
81409  -32.929  -6.377  46.069 0.0000000000
81410  -33.935  -6.316  45.926 0.0000000000
81411  -34.915  -6.232  45.823 0.0000000000
82494  -30.295  -5.077  49.145 0.0000000000
82495  -31.244  -5.160  49.282 0.0000000000
82496  -32.132  -5.207  49.365 0.0000000000
82497  -32.975  -5.226  49.438 0.0000000000
82498  -33.721  -5.287  49.533 0.0000000000
82503  -15.489  -5.368  48.052 0.0000000000
82506  -29.173  -5.296  48.165 0.0000000000
82507  -30.069  -5.530  48.389 0.0000000000
82508  -30.939  -5.609  48.644 0.0000000000
82509  -31.734  -5.595  48.802 0.0000000000
82510  -32.531  -5.705  48.754 0.0000000000
82511  -33.387  -5.628  49.020 0.0000000000
82512  -33.921  -5.608  49.206 0.0000000000
82514  -15.590  -5.133  47.115 0.0000000000
82515  -15.977  -5.961  47.506 0.0000000000
82516  -20.942  -5.158  46.982 0.0000000000
82518  -28.036  -5.215  47.054 0.0000000000
82519  -28.986  -5.576  47.255 0.0000000000
82520  -29.873  -5.853  47.535 0.0000000000
82521  -30.819  -6.089  47.849 0.0000000000
82522  -31.546  -5.945  48.269 0.0000000000
82523  -32.032  -5.848  48.462 0.0000000000
82529  -15.727  -4.927  46.606 0.0000000000
82530  -16.135  -5.472  46.425 0.0000000000
82531  -20.751  -5.732  46.137 0.0000000000
82533  -27.745  -5.430  46.005 0.0000000000
82534  -28.763  -5.755  46.277 0.0000000000
82535  -29.766  -6.044  46.538 0.0000000000
82536  -30.594  -6.266  46.949 0.0000000000
82545  -16.871  -5.498  45.588 0.0000000000
82546  -17.848  -5.532  45.247 0.0000000000
82547  -18.893  -5.527  45.268 0.0000000000
82548  -19.775  -5.663  45.499 0.0000000000
82549  -20.283  -5.773  45.693 0.0000000000
82550  -27.696  -5.445  44.995 0.0000000000
82551  -28.573  -5.801  45.251 0.0000000000
82552  -29.621  -6.057  45.463 0.0000000000
82553  -30.893  -6.280  45.725 0.0000000000
82554  -32.182  -6.156  45.271 0.0000000000
82555  -33.272  -6.053  45.126 0.0000000000
82556  -34.274  -5.858  45.139 0.0000000000
82557  -35.193  -5.629  45.224 0.0000000000
82565  -26.872  -4.962  44.040 0.0000000000
82566  -27.586  -5.305  44.175 0.0000000000
82567  -28.420  -5.585  44.322 0.0000000000
82568  -29.394  -5.820  44.474 0.0000000000
82569  -30.415  -5.889  44.608 0.0000000000
82570  -31.472  -5.586  44.384 0.0000000000
82571  -32.618  -5.497  44.442 0.0000000000
82572  -33.666  -5.321  44.476 0.0000000000
82573  -34.648  -5.132  44.627 0.0000000000
82574  -35.555  -4.975  44.817 0.0000000000
82582  -26.836  -4.858  43.516 0.0000000000
82583  -27.367  -5.087  43.508 0.0000000000
82584  -28.193  -5.256  43.550 0.0000000000
82585  -29.165  -5.384  43.640 0.0000000000
82586  -30.182  -5.436  43.840 0.0000000000
82587  -30.831  -5.448  44.081 0.0000000000
83643  -14.647  -4.399  51.934 0.0000000000
83654  -14.469  -4.473  50.992 0.0000000000
83658  -29.804  -3.975  50.159 0.0000000000
83659  -30.262  -4.069  50.255 0.0000000000
83660  -31.233  -4.146  50.363 0.0000000000
83661  -32.216  -4.113  50.388 0.0000000000
83669  -14.409  -4.368  50.007 0.0000000000
83670  -14.929  -4.992  49.511 0.0000000000
83673  -28.847  -4.062  49.362 0.0000000000
83674  -29.498  -4.227  49.677 0.0000000000
83675  -30.704  -4.577  49.762 0.0000000000
83676  -31.701  -4.655  49.843 0.0000000000
83677  -32.620  -4.678  49.906 0.0000000000
83682  -14.516  -4.191  49.030 0.0000000000
83683  -15.001  -4.806  48.556 0.0000000000
83686  -27.995  -4.072  48.430 0.0000000000
83687  -28.529  -4.310  48.781 0.0000000000
83688  -29.470  -4.947  48.868 0.0000000000
83691  -14.659  -4.088  48.187 0.0000000000
83692  -15.085  -4.481  47.562 0.0000000000
83695  -27.795  -4.342  47.890 0.0000000000
83696  -28.456  -4.999  47.865 0.0000000000
83702  -15.417  -4.396  46.709 0.0000000000
83703  -15.807  -4.679  46.256 0.0000000000
83704  -19.905  -4.114  46.079 0.0000000000
83705  -20.310  -4.391  46.468 0.0000000000
83706  -26.694  -4.035  46.319 0.0000000000
83707  -27.079  -4.372  46.663 0.0000000000
83715  -15.645  -4.084  46.099 0.0000000000
83716  -16.265  -4.441  45.648 0.0000000000
83717  -17.300  -4.450  45.161 0.0000000000
83718  -18.366  -4.470  45.212 0.0000000000
83719  -19.519  -4.430  45.660 0.0000000000
83720  -20.174  -5.176  45.809 0.0000000000
83721  -26.620  -4.177  45.859 0.0000000000
83722  -27.046  -4.912  45.521 0.0000000000
83729  -26.546  -4.441  44.795 0.0000000000
83730  -27.091  -5.097  44.706 0.0000000000
83731  -31.567  -5.153  43.909 0.0000000000
83732  -32.042  -4.995  43.878 0.0000000000
83733  -33.049  -4.586  43.907 0.0000000000
83734  -34.070  -4.417  44.174 0.0000000000
83735  -35.053  -4.241  44.462 0.0000000000
83740  -25.953  -3.931  43.266 0.0000000000
83741  -26.275  -4.287  43.571 0.0000000000
83742  -26.958  -4.843  42.988 0.0000000000
83743  -27.824  -4.922  42.861 0.0000000000
83744  -28.816  -4.878  42.932 0.0000000000
83745  -29.950  -4.739  43.078 0.0000000000
83746  -31.200  -4.775  43.560 0.0000000000
83747  -32.261  -4.091  43.541 0.0000000000
83748  -32.987  -3.748  43.611 0.0000000000
83753  -25.928  -3.972  42.856 0.0000000000
83754  -26.491  -4.396  42.512 0.0000000000
83755  -27.305  -4.611  42.203 0.0000000000
83756  -28.338  -4.455  42.104 0.0000000000
83757  -29.403  -4.275  42.445 0.0000000000
83758  -30.046  -4.082  42.652 0.0000000000
83765  -25.961  -4.000  42.031 0.0000000000
83766  -26.704  -4.230  41.522 0.0000000000
83767  -27.647  -4.225  41.420 0.0000000000
83768  -28.189  -4.191  41.617 0.0000000000
83777  -26.899  -4.066  40.971 0.0000000000
83778  -27.158  -4.153  41.109 0.0000000000
84763  -14.371  -3.640  52.344 0.0000000000
84776  -13.772  -3.158  51.046 0.0000000000
84777  -14.182  -3.783  51.452 0.0000000000
84781  -31.232  -2.901  51.188 0.0000000000
84796  -13.752  -3.044  50.255 0.0000000000
84797  -14.038  -3.736  50.545 0.0000000000
84800  -28.930  -3.017  50.262 0.0000000000
84801  -29.733  -3.518  50.451 0.0000000000
84802  -30.752  -3.555  50.735 0.0000000000
84803  -31.751  -3.496  50.795 0.0000000000
84817  -13.781  -2.855  49.811 0.0000000000
84818  -14.020  -3.347  49.533 0.0000000000
84821  -28.658  -3.545  49.523 0.0000000000
84822  -29.170  -3.581  49.987 0.0000000000
84832  -14.356  -3.352  48.476 0.0000000000
84835  -27.786  -3.500  48.528 0.0000000000
84836  -28.248  -3.600  49.011 0.0000000000
84845  -14.731  -3.427  47.441 0.0000000000
84846  -15.023  -3.962  47.007 0.0000000000
84847  -20.089  -3.165  46.927 0.0000000000
84848  -20.383  -3.610  47.269 0.0000000000
84849  -26.777  -2.999  47.205 0.0000000000
84850  -27.197  -3.564  47.573 0.0000000000
84863  -14.860  -2.984  46.901 0.0000000000
84864  -15.198  -3.424  46.512 0.0000000000
84865  -19.812  -3.585  46.240 0.0000000000
84866  -20.163  -3.657  46.714 0.0000000000
84867  -26.531  -3.479  46.385 0.0000000000
84868  -26.840  -3.623  46.986 0.0000000000
84882  -15.795  -3.394  45.669 0.0000000000
84883  -16.744  -3.307  45.021 0.0000000000
84884  -17.827  -3.358  44.922 0.0000000000
84885  -18.796  -3.533  45.370 0.0000000000
84886  -19.345  -3.564  45.750 0.0000000000
84887  -26.236  -3.579  45.369 0.0000000000
84902  -17.080  -2.786  44.761 0.0000000000
84903  -17.312  -2.990  44.803 0.0000000000
84904  -25.779  -3.152  44.236 0.0000000000
84905  -26.075  -3.727  44.471 0.0000000000
84906  -33.602  -3.749  43.838 0.0000000000
84907  -34.347  -3.307  44.099 0.0000000000
84908  -35.502  -3.328  44.494 0.0000000000
84922  -25.742  -3.454  43.371 0.0000000000
84923  -25.934  -3.679  43.910 0.0000000000
84924  -30.664  -3.931  42.859 0.0000000000
84925  -31.659  -3.320  43.045 0.0000000000
84926  -32.650  -3.132  43.410 0.0000000000
84927  -33.343  -3.137  43.655 0.0000000000
84928  -33.762  -3.246  43.836 0.0000000000
84941  -25.551  -3.368  42.386 0.0000000000
84942  -28.461  -4.117  41.708 0.0000000000
84943  -29.009  -3.911  41.824 0.0000000000
84944  -30.132  -3.379  42.205 0.0000000000
84945  -30.934  -3.288  42.633 0.0000000000
84958  -25.606  -3.465  41.656 0.0000000000
84959  -26.023  -3.834  41.378 0.0000000000
84960  -27.801  -3.976  41.094 0.0000000000
84961  -28.302  -3.847  41.268 0.0000000000
84962  -29.291  -3.192  41.298 0.0000000000
84963  -30.057  -2.765  41.538 0.0000000000
84974  -25.638  -3.382  40.987 0.0000000000
84975  -26.404  -3.754  40.789 0.0000000000
84976  -27.441  -3.730  40.649 0.0000000000
84977  -28.519  -3.217  40.611 0.0000000000
84978  -29.181  -2.727  40.620 0.0000000000
84986  -25.829  -3.286  40.269 0.0000000000
84987  -26.489  -3.325  39.932 0.0000000000
84988  -27.230  -3.154  39.732 0.0000000000
86003  -13.772  -2.303  51.941 0.0000000000
86004  -14.015  -2.484  52.491 0.0000000000
86011  -13.731  -2.492  51.530 0.0000000000
86012  -13.952  -3.139  51.796 0.0000000000
86015  -30.013  -2.102  51.330 0.0000000000
86016  -30.574  -2.253  51.385 0.0000000000
86024  -13.667  -2.504  50.661 0.0000000000
86027  -28.831  -2.400  50.379 0.0000000000
86028  -29.528  -2.417  50.977 0.0000000000
86029  -30.323  -2.988  51.074 0.0000000000
86032  -13.727  -2.496  50.024 0.0000000000
86033  -13.820  -2.487  49.533 0.0000000000
86036  -28.036  -2.151  49.332 0.0000000000
86037  -28.363  -2.411  49.694 0.0000000000
86041  -14.030  -2.489  48.836 0.0000000000
86043  -27.804  -2.422  48.970 0.0000000000
86044  -28.114  -3.087  49.181 0.0000000000
86048  -14.405  -2.504  47.929 0.0000000000
86049  -20.128  -2.845  47.046 0.0000000000
86051  -26.748  -2.391  47.366 0.0000000000
86052  -27.160  -2.491  47.988 0.0000000000
86059  -14.697  -2.525  47.174 0.0000000000
86060  -15.001  -2.532  46.638 0.0000000000
86061  -19.973  -2.726  46.650 0.0000000000
86063  -26.487  -2.439  46.764 0.0000000000
86072  -15.373  -2.527  45.982 0.0000000000
86073  -16.012  -2.466  45.321 0.0000000000
86074  -17.968  -2.845  44.808 0.0000000000
86075  -18.426  -2.713  44.963 0.0000000000
86076  -19.370  -2.729  45.673 0.0000000000
86077  -25.882  -2.151  45.290 0.0000000000
86078  -26.083  -2.449  45.694 0.0000000000
86087  -16.728  -2.348  44.848 0.0000000000
86088  -17.591  -2.446  44.694 0.0000000000
86089  -18.276  -1.990  44.660 0.0000000000
86090  -25.769  -2.376  44.836 0.0000000000
86091  -25.923  -3.072  44.934 0.0000000000
86092  -33.610  -1.956  43.987 0.0000000000
86093  -33.979  -2.247  44.125 0.0000000000
86094  -34.959  -2.429  44.446 0.0000000000
86100  -25.521  -2.493  43.881 0.0000000000
86101  -31.811  -2.442  42.968 0.0000000000
86102  -32.342  -2.366  43.290 0.0000000000
86103  -33.252  -2.219  43.714 0.0000000000
86104  -33.748  -2.810  43.841 0.0000000000
86109  -25.311  -2.548  42.864 0.0000000000
86110  -30.557  -2.545  41.895 0.0000000000
86111  -31.206  -2.506  42.479 0.0000000000
86115  -24.952  -2.071  41.056 0.0000000000
86116  -25.127  -2.509  41.534 0.0000000000
86117  -29.763  -2.461  40.957 0.0000000000
86118  -30.384  -2.151  41.350 0.0000000000
86125  -24.997  -2.174  40.498 0.0000000000
86126  -25.346  -2.873  40.500 0.0000000000
86127  -27.997  -2.967  39.921 0.0000000000
86128  -28.775  -2.585  40.049 0.0000000000
86129  -29.441  -2.066  40.245 0.0000000000
86139  -24.982  -1.970  39.790 0.0000000000
86140  -25.546  -2.583  39.402 0.0000000000
86141  -26.729  -2.824  39.088 0.0000000000
86142  -27.606  -2.641  39.217 0.0000000000
86143  -28.380  -2.319  39.336 0.0000000000
86144  -29.016  -2.067  39.641 0.0000000000
86155  -25.635  -2.092  38.555 0.0000000000
86156  -26.294  -2.255  38.321 0.0000000000
86157  -27.364  -2.232  38.392 0.0000000000
86158  -27.945  -2.268  38.857 0.0000000000
86173  -26.601  -1.917  37.839 0.0000000000
86174  -26.859  -2.067  37.964 0.0000000000
87157  -13.715  -1.912  51.759 0.0000000000
87158  -13.974  -1.263  52.204 0.0000000000
87167  -13.649  -1.859  50.964 0.0000000000
87168  -13.857  -1.161  51.285 0.0000000000
87171  -30.045  -1.637  51.430 0.0000000000
87179  -13.723  -1.957  50.194 0.0000000000
87180  -13.891  -1.253  50.396 0.0000000000
87183  -28.771  -1.801  50.458 0.0000000000
87184  -29.333  -1.790  51.031 0.0000000000
87187  -13.765  -2.129  49.776 0.0000000000
87188  -13.933  -1.618  49.449 0.0000000000
87191  -27.983  -1.718  49.334 0.0000000000
87192  -28.359  -1.804  49.834 0.0000000000
87195  -14.263  -1.614  48.400 0.0000000000
87198  -27.472  -1.735  48.551 0.0000000000
87201  -14.633  -1.609  47.406 0.0000000000
87202  -14.840  -1.105  46.990 0.0000000000
87205  -26.766  -1.677  47.388 0.0000000000
87206  -27.127  -1.726  48.032 0.0000000000
87212  -14.806  -2.077  46.894 0.0000000000
87213  -15.074  -1.642  46.527 0.0000000000
87214  -20.010  -2.031  46.133 0.0000000000
87217  -26.385  -1.666  46.379 0.0000000000
87226  -15.582  -1.638  45.718 0.0000000000
87227  -16.211  -1.539  45.156 0.0000000000
87228  -18.976  -2.002  44.924 0.0000000000
87229  -19.622  -1.780  45.375 0.0000000000
87230  -20.250  -1.382  45.593 0.0000000000
87231  -25.920  -1.641  45.301 0.0000000000
87232  -26.162  -1.646  45.803 0.0000000000
87242  -16.935  -1.485  44.689 0.0000000000
87243  -17.755  -1.388  44.521 0.0000000000
87244  -18.581  -1.303  44.509 0.0000000000
87245  -19.415  -1.304  44.744 0.0000000000
87246  -19.893  -1.313  45.077 0.0000000000
87247  -25.624  -1.649  44.441 0.0000000000
87248  -33.043  -1.136  43.999 0.0000000000
87249  -33.611  -1.527  44.187 0.0000000000
87250  -34.462  -1.628  44.521 0.0000000000
87256  -25.342  -1.650  43.489 0.0000000000
87257  -32.011  -1.648  43.026 0.0000000000
87258  -32.710  -1.600  43.574 0.0000000000
87259  -33.153  -1.573  43.845 0.0000000000
87263  -25.093  -1.618  42.486 0.0000000000
87264  -30.911  -1.902  41.837 0.0000000000
87265  -31.413  -1.499  42.269 0.0000000000
87269  -24.872  -1.464  41.157 0.0000000000
87270  -24.977  -1.569  41.802 0.0000000000
87271  -30.095  -1.803  40.702 0.0000000000
87272  -30.726  -1.334  41.197 0.0000000000
87273  -31.113  -1.370  41.737 0.0000000000
87281  -24.818  -1.385  40.214 0.0000000000
87282  -29.839  -1.528  40.144 0.0000000000
87283  -30.277  -1.218  40.345 0.0000000000
87293  -24.969  -1.477  39.218 0.0000000000
87294  -25.316  -1.969  38.813 0.0000000000
87295  -28.880  -1.830  39.169 0.0000000000
87296  -29.491  -1.428  39.454 0.0000000000
87297  -29.959  -1.229  39.859 0.0000000000
87308  -24.968  -1.079  38.675 0.0000000000
87309  -25.353  -1.467  38.273 0.0000000000
87310  -25.817  -1.914  38.166 0.0000000000
87311  -27.784  -1.832  38.025 0.0000000000
87312  -28.397  -1.774  38.532 0.0000000000
87313  -29.052  -1.510  38.890 0.0000000000
87328  -25.559  -1.138  37.550 0.0000000000
87329  -26.092  -1.637  37.683 0.0000000000
87330  -27.210  -1.600  37.490 0.0000000000
87331  -28.098  -1.524  37.808 0.0000000000
87346  -25.836  -1.149  37.259 0.0000000000
87347  -26.299  -1.151  37.005 0.0000000000
87348  -26.987  -1.012  36.729 0.0000000000
88360  -14.320  -0.501  51.649 0.0000000000
88363  -29.000  -0.680  51.154 0.0000000000
88364  -29.690  -0.798  51.565 0.0000000000
88369  -14.279  -0.539  50.745 0.0000000000
88372  -28.081  -0.636  50.047 0.0000000000
88373  -28.643  -0.928  50.563 0.0000000000
88374  -29.262  -1.353  51.027 0.0000000000
88377  -14.278  -0.647  49.858 0.0000000000
88380  -27.991  -0.936  49.567 0.0000000000
88381  -28.344  -1.408  49.931 0.0000000000
88383  -14.419  -0.668  48.900 0.0000000000
88384  -14.744  -0.280  48.268 0.0000000000
88387  -27.600  -1.096  48.809 0.0000000000
88390  -14.537  -0.923  48.071 0.0000000000
88391  -14.859  -0.558  47.504 0.0000000000
88394  -26.944  -0.766  47.416 0.0000000000
88395  -27.258  -1.087  48.088 0.0000000000
88402  -15.146  -0.703  46.749 0.0000000000
88405  -26.662  -0.998  46.751 0.0000000000
88414  -15.389  -0.962  46.140 0.0000000000
88415  -15.806  -0.718  45.616 0.0000000000
88416  -20.918  -0.835  45.875 0.0000000000
88417  -21.474  -0.131  45.953 0.0000000000
88418  -26.027  -1.132  45.381 0.0000000000
88419  -26.289  -0.878  45.831 0.0000000000
88420  -33.883  -0.424  44.692 0.0000000000
88428  -16.423  -0.601  45.056 0.0000000000
88429  -17.148  -0.554  44.610 0.0000000000
88430  -17.987  -0.479  44.303 0.0000000000
88431  -19.026  -0.535  44.197 0.0000000000
88432  -20.211  -0.653  44.725 0.0000000000
88433  -25.884  -0.908  45.002 0.0000000000
88434  -26.096  -0.199  45.290 0.0000000000
88435  -33.002  -0.737  44.063 0.0000000000
88436  -33.553  -0.617  44.457 0.0000000000
88437  -34.115  -1.026  44.632 0.0000000000
88442  -25.583  -0.822  44.085 0.0000000000
88443  -32.198  -1.137  43.104 0.0000000000
88444  -32.525  -0.836  43.520 0.0000000000
88448  -25.309  -0.718  43.144 0.0000000000
88449  -31.963  -0.889  42.713 0.0000000000
88450  -32.371  -0.227  42.924 0.0000000000
88457  -24.863  -0.674  41.346 0.0000000000
88458  -25.018  -0.633  42.052 0.0000000000
88459  -30.961  -0.912  41.163 0.0000000000
88460  -31.346  -0.715  41.591 0.0000000000
88468  -24.776  -0.603  40.789 0.0000000000
88469  -30.823  -0.688  40.651 0.0000000000
88470  -31.358  -0.041  40.746 0.0000000000
88477  -24.687  -0.520  39.928 0.0000000000
88478  -29.682  -1.026  39.127 0.0000000000
88479  -30.181  -0.721  39.476 0.0000000000
88488  -24.748  -0.458  38.965 0.0000000000
88489  -24.951  -0.816  38.348 0.0000000000
88490  -28.583  -1.301  37.975 0.0000000000
88491  -29.345  -0.928  38.431 0.0000000000
88492  -30.142  -0.161  38.565 0.0000000000
88503  -24.704  -0.221  38.162 0.0000000000
88504  -25.104  -0.763  37.749 0.0000000000
88505  -27.539  -1.019  36.880 0.0000000000
88506  -28.374  -0.845  37.218 0.0000000000
88507  -29.267  -0.231  37.441 0.0000000000
88518  -24.778  -0.184  37.409 0.0000000000
88519  -25.423  -0.606  36.864 0.0000000000
88520  -26.370  -0.533  36.320 0.0000000000
88521  -27.501  -0.382  36.309 0.0000000000
88522  -28.356  -0.070  36.448 0.0000000000
88531  -25.674  -0.131  36.175 0.0000000000
88532  -26.074  0.033  35.801 0.0000000000
88533  -26.742  0.000  35.809 0.0000000000
89450  -26.847  0.909  54.082 0.0000000000
89463  -26.856  0.754  53.037 0.0000000000
89464  -27.806  0.381  52.768 0.0000000000
89474  -26.941  0.664  51.897 0.0000000000
89475  -27.903  0.108  51.695 0.0000000000
89476  -28.969  -0.374  51.616 0.0000000000
89479  -14.693  0.140  51.117 0.0000000000
89480  -15.124  0.707  50.591 0.0000000000
89482  -27.042  0.461  50.764 0.0000000000
89483  -27.977  -0.307  50.609 0.0000000000
89484  -28.648  -0.585  50.974 0.0000000000
89487  -14.670  0.051  50.237 0.0000000000
89488  -15.110  0.509  49.703 0.0000000000
89490  -27.098  0.212  49.732 0.0000000000
89491  -27.640  -0.380  49.615 0.0000000000
89494  -14.647  -0.071  49.502 0.0000000000
89495  -14.899  0.189  48.893 0.0000000000
89497  -27.238  -0.012  48.986 0.0000000000
89498  -27.473  -0.550  48.914 0.0000000000
89500  -15.221  0.346  48.096 0.0000000000
89501  -15.622  0.746  47.655 0.0000000000
89504  -27.186  -0.135  48.085 0.0000000000
89505  -27.374  -0.699  48.470 0.0000000000
89511  -15.318  0.107  47.182 0.0000000000
89512  -15.777  0.728  46.913 0.0000000000
89513  -21.917  0.501  46.634 0.0000000000
89514  -22.131  1.456  47.011 0.0000000000
89515  -26.724  -0.059  46.850 0.0000000000
89523  -15.559  -0.159  46.355 0.0000000000
89524  -16.163  0.433  45.805 0.0000000000
89525  -16.732  0.807  45.290 0.0000000000
89526  -21.061  -0.087  45.196 0.0000000000
89527  -21.524  0.820  45.400 0.0000000000
89528  -26.418  0.282  45.871 0.0000000000
89529  -33.882  -0.190  44.762 0.0000000000
89535  -16.683  0.141  44.990 0.0000000000
89536  -17.298  0.480  44.657 0.0000000000
89537  -18.257  0.553  44.102 0.0000000000
89538  -19.493  0.467  43.952 0.0000000000
89539  -20.648  0.690  44.434 0.0000000000
89540  -21.139  1.517  44.693 0.0000000000
89541  -25.821  -0.097  44.629 0.0000000000
89542  -26.160  0.561  45.091 0.0000000000
89543  -33.015  -0.356  44.098 0.0000000000
89544  -33.510  0.237  44.464 0.0000000000
89550  -18.744  1.116  43.865 0.0000000000
89551  -19.270  1.317  43.783 0.0000000000
89552  -25.578  0.077  43.836 0.0000000000
89553  -32.795  0.186  43.600 0.0000000000
89554  -33.263  0.785  43.890 0.0000000000
89560  -25.435  0.321  42.953 0.0000000000
89561  -32.031  -0.169  42.219 0.0000000000
89562  -32.560  0.652  42.406 0.0000000000
89570  -24.928  0.004  41.412 0.0000000000
89571  -25.311  0.593  42.100 0.0000000000
89572  -31.923  0.391  41.340 0.0000000000
89573  -32.440  1.117  41.355 0.0000000000
89583  -24.834  0.423  40.712 0.0000000000
89584  -25.176  0.798  41.453 0.0000000000
89585  -31.028  0.053  39.883 0.0000000000
89586  -31.639  0.797  40.236 0.0000000000
89587  -32.139  1.112  40.737 0.0000000000
89596  -24.628  0.448  39.732 0.0000000000
89597  -30.669  0.271  38.997 0.0000000000
89598  -31.254  0.877  39.271 0.0000000000
89608  -24.526  0.525  38.781 0.0000000000
89609  -29.850  0.086  37.849 0.0000000000
89610  -30.503  0.598  38.122 0.0000000000
89611  -30.948  0.922  38.590 0.0000000000
89623  -24.460  0.531  37.802 0.0000000000
89624  -28.967  0.111  36.769 0.0000000000
89625  -29.650  0.537  37.032 0.0000000000
89626  -30.200  0.671  37.445 0.0000000000
89637  -24.691  0.459  36.664 0.0000000000
89638  -25.262  0.050  36.336 0.0000000000
89639  -28.071  0.280  35.972 0.0000000000
89640  -28.718  0.639  36.137 0.0000000000
89641  -29.263  0.765  36.475 0.0000000000
89647  -24.704  1.012  35.980 0.0000000000
89648  -25.367  0.571  35.749 0.0000000000
89649  -26.372  0.590  35.369 0.0000000000
89650  -27.406  0.551  35.552 0.0000000000
89651  -28.212  0.862  35.649 0.0000000000
90486  -25.793  1.964  54.864 0.0000000000
90487  -26.324  1.425  54.389 0.0000000000
90501  -25.816  1.944  53.860 0.0000000000
90502  -26.261  1.364  53.419 0.0000000000
90512  -25.849  1.950  53.020 0.0000000000
90513  -26.191  1.520  52.260 0.0000000000
90518  -15.547  1.404  51.026 0.0000000000
90519  -16.034  1.924  50.523 0.0000000000
90521  -26.429  1.413  50.974 0.0000000000
90525  -15.618  1.191  50.050 0.0000000000
90526  -16.070  1.676  49.527 0.0000000000
90528  -26.473  1.131  49.774 0.0000000000
90532  -15.573  0.905  49.028 0.0000000000
90533  -16.004  1.442  48.708 0.0000000000
90534  -22.533  1.873  48.586 0.0000000000
90535  -26.729  0.680  48.773 0.0000000000
90538  -15.705  0.999  48.264 0.0000000000
90539  -16.056  1.425  47.862 0.0000000000
90540  -22.264  2.067  47.656 0.0000000000
90541  -26.643  0.912  47.671 0.0000000000
90548  -16.260  1.469  46.831 0.0000000000
90549  -21.893  1.599  46.169 0.0000000000
90550  -21.962  2.322  46.824 0.0000000000
90551  -26.620  1.024  46.589 0.0000000000
90558  -16.553  1.490  45.911 0.0000000000
90559  -16.959  1.441  45.152 0.0000000000
90560  -21.581  1.956  45.285 0.0000000000
90561  -26.547  1.220  45.654 0.0000000000
90568  -17.523  1.403  44.542 0.0000000000
90569  -18.097  1.555  44.052 0.0000000000
90570  -19.905  1.253  43.910 0.0000000000
90571  -20.416  1.872  44.136 0.0000000000
90572  -21.054  2.363  44.633 0.0000000000
90573  -25.895  0.628  44.403 0.0000000000
90574  -26.334  1.450  44.672 0.0000000000
90575  -33.681  0.991  44.311 0.0000000000
90583  -18.682  1.791  43.759 0.0000000000
90584  -19.464  2.033  43.707 0.0000000000
90585  -19.983  2.553  43.751 0.0000000000
90586  -25.815  1.030  43.765 0.0000000000
90587  -26.416  1.927  43.779 0.0000000000
90588  -33.010  0.923  43.262 0.0000000000
90589  -33.640  1.511  43.499 0.0000000000
90590  -34.332  2.111  43.822 0.0000000000
90598  -25.831  1.462  42.883 0.0000000000
90599  -26.374  2.306  43.204 0.0000000000
90600  -33.126  1.345  42.662 0.0000000000
90601  -33.591  1.927  42.352 0.0000000000
90610  -25.528  1.504  41.946 0.0000000000
90611  -33.009  1.613  41.673 0.0000000000
90612  -33.613  2.230  41.410 0.0000000000
90623  -24.788  1.326  40.428 0.0000000000
90624  -25.179  1.404  41.171 0.0000000000
90625  -32.074  1.475  40.173 0.0000000000
90626  -32.638  1.766  40.566 0.0000000000
90627  -33.221  2.111  40.883 0.0000000000
90638  -24.453  1.384  39.553 0.0000000000
90639  -31.846  1.598  39.409 0.0000000000
90640  -32.325  1.888  39.810 0.0000000000
90650  -23.871  1.845  37.907 0.0000000000
90651  -24.208  1.438  38.485 0.0000000000
90652  -30.950  1.230  38.028 0.0000000000
90653  -31.463  1.548  38.443 0.0000000000
90662  -23.742  1.954  37.151 0.0000000000
90663  -24.175  1.296  37.377 0.0000000000
90664  -30.190  1.041  36.933 0.0000000000
90665  -30.648  1.254  37.382 0.0000000000
90666  -31.251  1.783  37.531 0.0000000000
90673  -23.700  2.190  36.526 0.0000000000
90674  -24.193  1.644  36.295 0.0000000000
90675  -29.185  1.166  36.101 0.0000000000
90676  -29.730  1.403  36.358 0.0000000000
90677  -30.444  1.635  36.686 0.0000000000
90678  -30.946  1.901  36.950 0.0000000000
90685  -24.814  1.604  35.438 0.0000000000
90686  -25.843  1.512  34.906 0.0000000000
90687  -26.920  1.265  34.998 0.0000000000
90688  -27.894  1.531  35.129 0.0000000000
90689  -28.831  1.438  35.613 0.0000000000
90690  -29.346  1.588  35.884 0.0000000000
90698  -26.168  2.121  34.593 0.0000000000
90699  -26.719  1.910  34.683 0.0000000000
90700  -27.276  1.752  34.831 0.0000000000
91554  -25.445  2.812  56.302 0.0000000000
91558  -25.520  2.805  55.311 0.0000000000
91566  -23.398  2.983  53.045 0.0000000000
91567  -25.617  2.723  54.277 0.0000000000
91576  -23.269  2.434  51.158 0.0000000000
91577  -23.489  2.947  52.072 0.0000000000
91578  -25.713  2.632  53.328 0.0000000000
91579  -25.871  2.575  52.427 0.0000000000
91583  -23.047  2.608  50.269 0.0000000000
91584  -26.139  2.510  51.328 0.0000000000
91588  -16.321  2.494  50.025 0.0000000000
91589  -22.685  2.767  49.286 0.0000000000
91590  -26.292  2.286  50.006 0.0000000000
91594  -16.318  2.200  48.870 0.0000000000
91595  -22.296  2.877  48.325 0.0000000000
91596  -26.370  1.839  48.605 0.0000000000
91601  -16.414  2.238  47.774 0.0000000000
91602  -21.985  3.015  47.431 0.0000000000
91603  -26.628  1.916  47.292 0.0000000000
91604  -27.060  2.400  46.816 0.0000000000
91615  -16.507  2.312  46.764 0.0000000000
91616  -21.771  2.599  45.989 0.0000000000
91617  -21.830  3.184  46.625 0.0000000000
91618  -26.859  1.862  46.319 0.0000000000
91619  -27.375  2.562  46.161 0.0000000000
91633  -16.672  2.403  45.703 0.0000000000
91634  -17.067  2.058  44.920 0.0000000000
91635  -21.419  2.902  45.224 0.0000000000
91636  -26.892  2.099  45.439 0.0000000000
91637  -27.523  2.852  45.297 0.0000000000
91654  -16.814  2.736  44.956 0.0000000000
91655  -17.438  2.366  44.327 0.0000000000
91656  -18.082  2.192  43.890 0.0000000000
91657  -20.492  2.794  44.129 0.0000000000
91658  -20.942  3.192  44.616 0.0000000000
91659  -26.938  2.417  44.568 0.0000000000
91660  -27.464  3.164  44.553 0.0000000000
91679  -17.773  2.700  43.867 0.0000000000
91680  -18.498  2.640  43.617 0.0000000000
91681  -19.351  2.928  43.512 0.0000000000
91682  -19.985  3.223  43.710 0.0000000000
91683  -26.987  2.857  43.776 0.0000000000
91684  -27.347  3.360  44.173 0.0000000000
91685  -34.205  2.262  42.885 0.0000000000
91686  -35.008  2.656  43.394 0.0000000000
91687  -35.841  3.121  43.276 0.0000000000
91704  -26.009  2.408  42.535 0.0000000000
91705  -26.486  2.833  43.142 0.0000000000
91706  -34.143  2.417  41.891 0.0000000000
91707  -34.802  2.648  42.223 0.0000000000
91708  -35.523  2.968  42.380 0.0000000000
91723  -24.909  2.585  41.202 0.0000000000
91724  -25.424  2.338  41.650 0.0000000000
91725  -34.139  2.545  41.112 0.0000000000
91726  -34.680  2.680  41.314 0.0000000000
91727  -35.321  2.891  41.456 0.0000000000
91740  -24.541  2.283  40.431 0.0000000000
91741  -25.037  2.001  40.946 0.0000000000
91742  -33.157  2.331  40.258 0.0000000000
91743  -33.765  2.516  40.492 0.0000000000
91744  -34.599  2.753  40.436 0.0000000000
91745  -35.124  2.864  40.780 0.0000000000
91757  -23.483  2.718  38.883 0.0000000000
91758  -23.989  2.266  39.414 0.0000000000
91759  -32.376  2.100  39.220 0.0000000000
91760  -32.844  2.321  39.607 0.0000000000
91761  -33.561  2.551  39.637 0.0000000000
91762  -34.285  2.731  39.627 0.0000000000
91773  -23.405  2.447  37.924 0.0000000000
91774  -23.799  2.137  38.536 0.0000000000
91775  -32.173  2.107  38.519 0.0000000000
91776  -32.810  2.426  38.677 0.0000000000
91777  -33.410  2.564  38.899 0.0000000000
91778  -34.029  2.711  38.870 0.0000000000
91789  -22.856  3.084  36.517 0.0000000000
91790  -23.288  2.501  36.896 0.0000000000
91791  -31.885  2.236  37.672 0.0000000000
91792  -32.708  2.679  37.635 0.0000000000
91793  -33.438  2.718  38.126 0.0000000000
91794  -33.802  2.733  38.440 0.0000000000
91806  -22.994  3.213  35.986 0.0000000000
91807  -23.580  2.695  35.841 0.0000000000
91808  -24.265  2.131  35.628 0.0000000000
91809  -30.225  2.082  36.169 0.0000000000
91810  -30.801  2.288  36.441 0.0000000000
91811  -31.565  2.601  36.732 0.0000000000
91812  -32.182  2.665  37.162 0.0000000000
91822  -23.933  3.052  35.253 0.0000000000
91823  -24.502  2.626  35.044 0.0000000000
91824  -25.156  2.047  34.932 0.0000000000
91825  -28.160  2.127  34.895 0.0000000000
91826  -28.669  2.077  35.118 0.0000000000
91827  -29.544  2.408  35.521 0.0000000000
91828  -30.589  2.717  35.883 0.0000000000
91829  -31.099  2.735  36.184 0.0000000000
91840  -24.968  3.047  34.638 0.0000000000
91841  -25.581  2.570  34.588 0.0000000000
91842  -26.579  2.594  34.485 0.0000000000
91843  -27.549  2.371  34.677 0.0000000000
91844  -28.407  2.598  34.832 0.0000000000
91845  -28.934  2.555  35.017 0.0000000000
92678  -23.703  2.688  57.132 0.0000000000
92679  -23.805  2.865  57.326 0.0000000000
92680  -24.011  2.997  57.539 0.0000000000
92695  -23.599  3.058  56.826 0.0000000000
92696  -23.852  3.469  57.192 0.0000000000
92697  -24.361  3.417  57.212 0.0000000000
92708  -23.493  3.374  55.907 0.0000000000
92709  -25.056  3.501  56.751 0.0000000000
92716  -23.450  3.574  54.863 0.0000000000
92717  -25.382  3.679  55.814 0.0000000000
92721  -23.400  3.705  53.852 0.0000000000
92722  -25.600  3.700  54.720 0.0000000000
92723  -25.953  4.121  54.022 0.0000000000
92726  -23.345  3.789  52.895 0.0000000000
92727  -25.754  3.426  53.706 0.0000000000
92728  -26.123  3.991  53.194 0.0000000000
92737  -23.254  3.301  51.081 0.0000000000
92738  -23.319  3.919  51.915 0.0000000000
92739  -25.855  3.272  52.894 0.0000000000
92740  -26.288  3.548  52.072 0.0000000000
92746  -22.937  3.693  50.071 0.0000000000
92747  -26.636  3.550  50.525 0.0000000000
92748  -27.214  4.103  50.191 0.0000000000
92751  -16.205  3.520  49.150 0.0000000000
92752  -16.360  3.177  49.606 0.0000000000
92753  -22.588  3.732  48.906 0.0000000000
92754  -26.638  3.041  49.101 0.0000000000
92755  -27.285  3.875  49.513 0.0000000000
92758  -16.114  3.565  48.474 0.0000000000
92759  -16.390  2.966  48.593 0.0000000000
92760  -22.273  3.803  47.926 0.0000000000
92761  -26.794  2.720  47.908 0.0000000000
92762  -27.554  3.652  48.308 0.0000000000
92763  -28.186  4.023  48.109 0.0000000000
92766  -15.991  3.664  47.584 0.0000000000
92767  -16.406  3.013  47.654 0.0000000000
92768  -21.776  4.111  46.435 0.0000000000
92769  -21.967  3.887  47.016 0.0000000000
92770  -26.962  2.540  47.265 0.0000000000
92771  -27.564  3.095  47.096 0.0000000000
92772  -28.265  3.892  47.608 0.0000000000
92780  -15.815  3.842  46.632 0.0000000000
92781  -16.361  3.162  46.660 0.0000000000
92782  -21.623  3.640  45.902 0.0000000000
92783  -21.800  3.697  46.504 0.0000000000
92784  -27.986  3.300  46.051 0.0000000000
92785  -28.435  3.822  46.747 0.0000000000
92796  -15.667  4.133  45.989 0.0000000000
92797  -16.238  3.563  45.552 0.0000000000
92798  -21.223  3.688  45.090 0.0000000000
92799  -28.051  3.695  45.237 0.0000000000
92800  -28.464  3.944  46.029 0.0000000000
92809  -16.803  3.401  44.411 0.0000000000
92810  -17.381  2.964  44.045 0.0000000000
92811  -20.431  3.626  44.148 0.0000000000
92812  -20.837  3.819  44.627 0.0000000000
92813  -27.611  3.779  44.487 0.0000000000
92814  -36.333  3.355  43.866 0.0000000000
92824  -16.880  3.893  43.933 0.0000000000
92825  -17.595  3.456  43.718 0.0000000000
92826  -18.613  3.541  43.485 0.0000000000
92827  -19.405  3.680  43.576 0.0000000000
92828  -19.934  3.804  43.787 0.0000000000
92829  -26.053  3.623  43.124 0.0000000000
92830  -26.618  3.463  43.454 0.0000000000
92831  -27.167  3.634  43.973 0.0000000000
92832  -36.406  3.386  43.087 0.0000000000
92833  -36.878  3.590  43.358 0.0000000000
92839  -24.857  3.518  42.059 0.0000000000
92840  -25.580  3.306  42.419 0.0000000000
92841  -26.224  3.140  42.875 0.0000000000
92842  -36.227  3.275  42.395 0.0000000000
92843  -36.881  3.516  42.501 0.0000000000
92844  -37.420  3.780  42.775 0.0000000000
92849  -23.567  3.692  40.870 0.0000000000
92850  -24.383  3.293  41.285 0.0000000000
92851  -25.076  3.030  41.695 0.0000000000
92852  -36.053  3.136  41.502 0.0000000000
92853  -36.809  3.395  41.602 0.0000000000
92854  -37.623  3.732  41.784 0.0000000000
92855  -38.138  3.983  41.380 0.0000000000
92860  -23.332  3.525  40.066 0.0000000000
92861  -23.921  3.015  40.279 0.0000000000
92862  -35.250  2.964  40.176 0.0000000000
92863  -35.808  3.070  40.539 0.0000000000
92864  -36.679  3.316  40.636 0.0000000000
92865  -37.410  3.565  40.803 0.0000000000
92866  -37.989  3.847  40.829 0.0000000000
92871  -22.523  3.754  38.968 0.0000000000
92872  -23.127  3.353  39.296 0.0000000000
92873  -23.595  2.988  39.591 0.0000000000
92874  -35.044  2.908  39.547 0.0000000000
92875  -35.752  3.125  39.574 0.0000000000
92876  -36.514  3.332  39.672 0.0000000000
92877  -37.455  3.663  39.736 0.0000000000
92878  -37.788  3.785  40.295 0.0000000000
92882  -22.364  3.621  38.073 0.0000000000
92883  -22.964  3.147  38.455 0.0000000000
92884  -34.784  2.874  38.742 0.0000000000
92885  -35.599  3.139  38.718 0.0000000000
92886  -36.333  3.370  38.794 0.0000000000
92887  -37.054  3.589  38.794 0.0000000000
92893  -21.841  4.205  36.772 0.0000000000
92894  -22.241  3.542  37.075 0.0000000000
92895  -22.822  3.013  37.504 0.0000000000
92896  -33.042  3.136  37.059 0.0000000000
92897  -33.525  3.139  37.317 0.0000000000
92898  -34.310  3.031  37.859 0.0000000000
92899  -35.345  3.216  37.891 0.0000000000
92900  -36.299  3.521  37.790 0.0000000000
92901  -36.767  3.582  38.260 0.0000000000
92907  -22.003  4.374  36.294 0.0000000000
92908  -22.509  3.831  35.966 0.0000000000
92909  -23.142  3.338  35.728 0.0000000000
92910  -31.965  3.237  36.266 0.0000000000
92911  -32.546  3.184  36.675 0.0000000000
92912  -33.393  3.455  36.630 0.0000000000
92913  -34.296  3.603  36.559 0.0000000000
92914  -35.231  3.472  37.036 0.0000000000
92915  -35.789  3.504  37.319 0.0000000000
92921  -22.946  4.185  35.446 0.0000000000
92922  -23.543  3.673  35.215 0.0000000000
92923  -24.115  3.225  35.048 0.0000000000
92924  -29.621  3.589  35.124 0.0000000000
92925  -30.378  3.493  35.433 0.0000000000
92926  -31.391  3.393  35.818 0.0000000000
92927  -32.352  3.723  35.907 0.0000000000
92928  -33.179  3.815  36.066 0.0000000000
92929  -33.740  3.779  36.197 0.0000000000
92939  -24.043  4.025  34.795 0.0000000000
92940  -24.489  3.580  34.714 0.0000000000
92941  -25.410  3.503  34.468 0.0000000000
92942  -26.277  3.376  34.394 0.0000000000
92943  -27.181  3.316  34.460 0.0000000000
92944  -28.043  3.284  34.656 0.0000000000
92945  -28.915  3.246  34.870 0.0000000000
93750  -23.676  3.958  56.607 0.0000000000
93751  -24.120  4.223  56.826 0.0000000000
93752  -24.643  4.311  56.627 0.0000000000
93759  -23.550  4.311  55.754 0.0000000000
93760  -25.221  4.591  56.191 0.0000000000
93761  -25.677  5.175  55.682 0.0000000000
93770  -23.492  4.456  54.731 0.0000000000
93771  -25.640  4.518  55.382 0.0000000000
93772  -26.223  5.127  55.030 0.0000000000
93779  -23.464  4.490  53.705 0.0000000000
93780  -25.977  4.495  54.637 0.0000000000
93781  -26.605  4.800  53.949 0.0000000000
93782  -27.303  4.994  53.311 0.0000000000
93787  -23.415  4.553  52.703 0.0000000000
93788  -26.767  4.447  52.750 0.0000000000
93789  -27.577  4.882  52.411 0.0000000000
93800  -23.176  4.076  51.041 0.0000000000
93801  -23.377  4.735  51.627 0.0000000000
93802  -26.967  4.313  51.596 0.0000000000
93803  -27.835  4.816  51.269 0.0000000000
93804  -28.480  4.950  50.811 0.0000000000
93816  -23.155  4.685  50.465 0.0000000000
93817  -23.458  5.178  50.979 0.0000000000
93818  -27.244  4.315  50.713 0.0000000000
93819  -27.988  4.541  50.118 0.0000000000
93820  -28.894  4.937  50.286 0.0000000000
93822  -15.233  4.677  49.605 0.0000000000
93823  -15.918  4.047  49.311 0.0000000000
93824  -16.197  3.831  49.739 0.0000000000
93825  -22.861  4.608  49.390 0.0000000000
93826  -28.128  4.243  48.968 0.0000000000
93827  -29.161  4.703  49.384 0.0000000000
93828  -29.983  4.914  49.268 0.0000000000
93829  -30.251  5.142  49.355 0.0000000000
93831  -14.903  4.689  48.423 0.0000000000
93832  -15.620  4.153  48.496 0.0000000000
93833  -22.538  4.657  48.383 0.0000000000
93834  -28.150  4.094  48.384 0.0000000000
93835  -28.821  4.346  48.244 0.0000000000
93836  -29.848  4.790  48.574 0.0000000000
93837  -30.236  5.092  49.028 0.0000000000
93839  -14.727  4.793  47.378 0.0000000000
93840  -15.403  4.254  47.514 0.0000000000
93841  -21.851  4.758  46.683 0.0000000000
93842  -22.219  4.713  47.456 0.0000000000
93843  -28.936  4.371  47.326 0.0000000000
93844  -29.621  4.693  47.758 0.0000000000
93850  -14.703  5.019  46.416 0.0000000000
93851  -15.273  4.446  46.529 0.0000000000
93852  -21.547  4.591  46.038 0.0000000000
93853  -28.836  4.555  46.609 0.0000000000
93854  -29.402  4.796  47.189 0.0000000000
93865  -14.681  5.277  45.832 0.0000000000
93866  -15.404  4.749  45.321 0.0000000000
93867  -16.140  4.011  44.852 0.0000000000
93868  -20.817  4.849  45.016 0.0000000000
93869  -21.247  4.360  45.418 0.0000000000
93870  -27.109  4.846  44.842 0.0000000000
93871  -27.895  4.517  45.004 0.0000000000
93872  -28.462  4.487  45.767 0.0000000000
93885  -15.699  4.900  44.535 0.0000000000
93886  -16.233  4.426  44.269 0.0000000000
93887  -19.915  4.803  44.098 0.0000000000
93888  -20.503  4.394  44.463 0.0000000000
93889  -20.961  4.223  44.905 0.0000000000
93890  -24.990  4.884  43.932 0.0000000000
93891  -25.859  4.680  44.071 0.0000000000
93892  -26.645  4.519  44.211 0.0000000000
93893  -27.277  4.251  44.330 0.0000000000
93903  -17.040  4.390  43.640 0.0000000000
93904  -17.983  4.308  43.438 0.0000000000
93905  -18.879  4.320  43.529 0.0000000000
93906  -19.600  4.307  43.749 0.0000000000
93907  -20.117  4.195  43.991 0.0000000000
93908  -23.805  4.981  42.864 0.0000000000
93909  -24.584  4.497  43.148 0.0000000000
93910  -25.475  4.133  43.281 0.0000000000
93911  -26.287  4.102  43.624 0.0000000000
93912  -26.858  4.032  43.851 0.0000000000
93920  -23.429  4.657  42.070 0.0000000000
93921  -24.263  4.122  42.231 0.0000000000
93922  -24.953  3.901  42.636 0.0000000000
93923  -37.941  4.072  42.983 0.0000000000
93930  -22.480  4.760  41.064 0.0000000000
93931  -23.127  4.331  41.346 0.0000000000
93932  -23.757  4.009  41.569 0.0000000000
93933  -37.842  3.928  42.388 0.0000000000
93934  -38.366  4.233  42.031 0.0000000000
93939  -21.742  5.010  39.972 0.0000000000
93940  -22.304  4.526  40.277 0.0000000000
93941  -22.911  4.102  40.583 0.0000000000
93942  -38.492  4.260  40.924 0.0000000000
93943  -39.113  4.721  41.320 0.0000000000
93948  -21.527  4.943  39.154 0.0000000000
93949  -22.094  4.367  39.481 0.0000000000
93950  -22.721  3.928  39.786 0.0000000000
93951  -37.993  3.982  39.263 0.0000000000
93952  -38.270  4.135  39.880 0.0000000000
93953  -39.080  4.634  40.210 0.0000000000
93958  -21.406  4.941  38.236 0.0000000000
93959  -21.916  4.260  38.618 0.0000000000
93960  -37.783  3.968  38.673 0.0000000000
93961  -38.373  4.300  38.828 0.0000000000
93962  -38.972  4.622  39.092 0.0000000000
93969  -21.461  4.888  37.269 0.0000000000
93970  -21.815  4.200  37.688 0.0000000000
93971  -36.833  3.890  37.157 0.0000000000
93972  -37.326  3.941  37.745 0.0000000000
93973  -38.344  4.556  37.820 0.0000000000
93974  -38.774  4.667  38.392 0.0000000000
93980  -21.727  4.830  36.518 0.0000000000
93981  -22.095  4.732  35.997 0.0000000000
93982  -34.699  4.098  35.961 0.0000000000
93983  -35.298  3.991  36.216 0.0000000000
93984  -36.236  3.900  36.683 0.0000000000
93985  -37.311  4.462  36.629 0.0000000000
93986  -37.857  4.505  37.178 0.0000000000
93994  -22.629  4.713  35.554 0.0000000000
93995  -23.250  4.595  35.211 0.0000000000
93996  -28.276  4.636  34.855 0.0000000000
93997  -29.085  4.373  34.970 0.0000000000
93998  -30.047  4.428  35.203 0.0000000000
93999  -30.997  4.413  35.354 0.0000000000
94000  -31.970  4.447  35.502 0.0000000000
94001  -32.943  4.488  35.576 0.0000000000
94002  -34.029  4.350  35.717 0.0000000000
94003  -35.102  4.615  35.645 0.0000000000
94004  -36.084  4.570  35.858 0.0000000000
94005  -36.728  4.524  36.155 0.0000000000
94014  -23.833  4.476  34.914 0.0000000000
94015  -24.442  4.427  34.683 0.0000000000
94016  -25.188  4.309  34.480 0.0000000000
94017  -26.048  4.200  34.421 0.0000000000
94018  -26.861  4.107  34.452 0.0000000000
94019  -27.670  4.193  34.605 0.0000000000
94020  -28.420  3.964  34.730 0.0000000000
94925  -23.954  4.845  56.350 0.0000000000
94926  -24.578  4.963  56.404 0.0000000000
94927  -24.920  4.924  56.380 0.0000000000
94937  -23.794  5.160  55.521 0.0000000000
94938  -24.627  5.616  55.939 0.0000000000
94939  -25.239  5.460  55.969 0.0000000000
94940  -26.045  5.721  55.400 0.0000000000
94950  -23.712  5.195  54.514 0.0000000000
94951  -24.280  5.766  55.191 0.0000000000
94952  -27.070  5.740  54.456 0.0000000000
94953  -28.120  6.179  53.995 0.0000000000
94954  -28.483  6.454  53.759 0.0000000000
94964  -23.676  5.171  53.484 0.0000000000
94965  -24.184  5.752  54.219 0.0000000000
94966  -27.320  5.297  53.836 0.0000000000
94967  -28.149  5.486  53.361 0.0000000000
94968  -29.140  6.275  53.370 0.0000000000
94969  -29.802  6.583  53.037 0.0000000000
94979  -23.661  5.226  52.524 0.0000000000
94980  -24.088  5.699  53.145 0.0000000000
94981  -28.468  5.206  52.014 0.0000000000
94982  -29.348  5.654  52.408 0.0000000000
94983  -30.153  6.368  52.488 0.0000000000
94984  -30.576  6.747  52.068 0.0000000000
94989  -12.010  6.234  51.022 0.0000000000
94990  -12.601  5.986  50.747 0.0000000000
94994  -23.846  5.559  51.703 0.0000000000
94995  -23.995  5.640  52.423 0.0000000000
94996  -28.501  5.086  51.304 0.0000000000
94997  -29.234  5.295  51.105 0.0000000000
94998  -30.159  5.808  51.477 0.0000000000
94999  -30.587  6.487  51.545 0.0000000000
95008  -12.700  5.866  49.573 0.0000000000
95009  -13.546  5.564  50.045 0.0000000000
95011  -23.354  5.311  50.366 0.0000000000
95012  -23.704  5.713  50.729 0.0000000000
95013  -29.612  5.042  50.081 0.0000000000
95014  -30.162  5.411  50.420 0.0000000000
95015  -30.601  6.075  50.596 0.0000000000
95018  -12.721  5.904  48.584 0.0000000000
95019  -13.463  5.540  48.947 0.0000000000
95020  -14.338  5.208  49.285 0.0000000000
95021  -23.153  5.272  49.711 0.0000000000
95022  -23.467  5.799  49.923 0.0000000000
95023  -29.775  4.921  49.602 0.0000000000
95024  -30.119  5.119  49.694 0.0000000000
95025  -30.431  5.528  49.485 0.0000000000
95027  -12.762  6.136  47.762 0.0000000000
95028  -13.369  5.625  47.940 0.0000000000
95029  -14.164  5.231  48.200 0.0000000000
95030  -22.915  5.644  48.712 0.0000000000
95031  -23.246  5.741  49.380 0.0000000000
95032  -30.092  4.964  48.021 0.0000000000
95033  -30.238  5.257  48.522 0.0000000000
95035  -12.765  6.304  47.318 0.0000000000
95036  -13.256  5.933  46.986 0.0000000000
95037  -14.052  5.345  47.201 0.0000000000
95038  -21.975  5.756  46.934 0.0000000000
95039  -22.458  5.459  47.798 0.0000000000
95040  -29.320  5.575  47.198 0.0000000000
95041  -29.870  5.175  47.567 0.0000000000
95042  -30.169  5.203  48.007 0.0000000000
95044  -13.658  6.092  46.093 0.0000000000
95045  -14.141  5.573  46.303 0.0000000000
95046  -21.448  5.495  46.203 0.0000000000
95047  -27.170  5.829  46.180 0.0000000000
95048  -28.086  5.509  46.222 0.0000000000
95049  -28.788  5.141  46.401 0.0000000000
95050  -29.355  5.038  46.924 0.0000000000
95053  -13.882  6.293  45.703 0.0000000000
95054  -14.513  5.769  45.341 0.0000000000
95055  -15.060  5.303  45.006 0.0000000000
95056  -20.519  5.638  45.246 0.0000000000
95057  -21.123  5.160  45.597 0.0000000000
95058  -25.039  6.201  45.163 0.0000000000
95059  -25.868  5.799  45.372 0.0000000000
95060  -26.733  5.449  45.449 0.0000000000
95061  -27.614  5.202  45.501 0.0000000000
95062  -28.278  5.019  45.671 0.0000000000
95072  -14.810  6.029  44.691 0.0000000000
95073  -15.410  5.512  44.488 0.0000000000
95074  -15.896  5.013  44.212 0.0000000000
95075  -18.782  5.848  43.884 0.0000000000
95076  -19.558  5.583  44.324 0.0000000000
95077  -20.251  5.226  44.635 0.0000000000
95078  -24.617  5.755  44.404 0.0000000000
95079  -25.440  5.389  44.622 0.0000000000
95080  -26.285  5.104  44.754 0.0000000000
95093  -15.905  5.757  43.975 0.0000000000
95094  -16.364  5.282  43.784 0.0000000000
95095  -17.463  5.137  43.464 0.0000000000
95096  -18.404  5.084  43.510 0.0000000000
95097  -19.235  5.018  43.747 0.0000000000
95098  -23.571  5.873  43.353 0.0000000000
95099  -24.229  5.314  43.655 0.0000000000
95107  -22.448  6.267  42.253 0.0000000000
95108  -22.966  5.676  42.511 0.0000000000
95115  -21.585  6.249  40.996 0.0000000000
95116  -22.108  5.786  41.499 0.0000000000
95117  -22.778  5.000  41.741 0.0000000000
95124  -21.550  5.813  40.444 0.0000000000
95125  -21.989  5.144  40.682 0.0000000000
95133  -21.400  5.564  39.616 0.0000000000
95142  -21.003  6.247  38.722 0.0000000000
95143  -21.125  5.855  38.847 0.0000000000
95144  -39.689  5.155  39.489 0.0000000000
95145  -40.363  5.792  38.990 0.0000000000
95152  -20.952  6.235  38.423 0.0000000000
95153  -21.089  5.785  37.757 0.0000000000
95154  -38.686  4.981  37.446 0.0000000000
95155  -39.340  5.268  37.954 0.0000000000
95156  -40.362  6.144  38.079 0.0000000000
95162  -21.462  5.640  36.693 0.0000000000
95163  -21.826  5.287  36.187 0.0000000000
95164  -37.636  4.949  36.286 0.0000000000
95165  -38.320  5.173  36.701 0.0000000000
95166  -39.334  5.893  36.815 0.0000000000
95175  -21.811  5.800  36.110 0.0000000000
95176  -22.240  5.506  35.765 0.0000000000
95177  -23.023  5.499  35.308 0.0000000000
95178  -23.835  5.735  35.100 0.0000000000
95179  -24.664  5.809  35.047 0.0000000000
95180  -25.551  5.731  35.085 0.0000000000
95181  -26.473  5.531  35.102 0.0000000000
95182  -27.526  5.199  34.988 0.0000000000
95183  -28.601  5.268  35.247 0.0000000000
95184  -29.567  5.275  35.335 0.0000000000
95185  -30.543  5.336  35.376 0.0000000000
95186  -31.523  5.352  35.393 0.0000000000
95187  -32.502  5.334  35.409 0.0000000000
95188  -33.517  5.346  35.359 0.0000000000
95189  -34.605  5.416  35.319 0.0000000000
95190  -35.771  5.466  35.373 0.0000000000
95191  -37.173  5.302  35.743 0.0000000000
95192  -38.148  6.021  35.779 0.0000000000
95199  -23.620  5.076  35.046 0.0000000000
95200  -24.219  5.108  34.858 0.0000000000
95201  -24.980  5.095  34.686 0.0000000000
95202  -25.834  4.999  34.608 0.0000000000
95203  -26.676  4.816  34.620 0.0000000000
95204  -27.206  4.614  34.615 0.0000000000
96177  -25.042  6.021  55.810 0.0000000000
96178  -25.264  5.908  55.852 0.0000000000
96179  -25.662  5.980  55.640 0.0000000000
96185  -24.844  6.057  55.572 0.0000000000
96186  -25.389  6.191  55.467 0.0000000000
96187  -26.353  6.261  55.031 0.0000000000
96188  -27.422  6.391  54.364 0.0000000000
96189  -28.106  6.508  53.978 0.0000000000
96195  -24.799  6.261  54.917 0.0000000000
96196  -25.635  6.476  54.572 0.0000000000
96197  -26.742  6.738  54.052 0.0000000000
96198  -27.819  6.795  53.950 0.0000000000
96199  -28.706  6.784  53.668 0.0000000000
96200  -29.620  6.884  53.242 0.0000000000
96201  -30.103  7.145  52.875 0.0000000000
96209  -24.810  6.184  53.815 0.0000000000
96210  -25.656  6.607  53.378 0.0000000000
96211  -26.421  6.944  53.118 0.0000000000
96212  -30.098  6.801  52.875 0.0000000000
96213  -30.465  7.072  52.429 0.0000000000
96216  -10.707  6.782  51.415 0.0000000000
96217  -11.481  6.515  51.108 0.0000000000
96218  -11.876  6.339  50.646 0.0000000000
96219  -24.194  5.874  51.747 0.0000000000
96220  -24.597  6.102  52.290 0.0000000000
96221  -25.775  6.879  52.083 0.0000000000
96222  -26.437  7.145  52.489 0.0000000000
96223  -30.730  7.130  51.694 0.0000000000
96231  -10.878  6.884  50.761 0.0000000000
96232  -11.312  6.721  50.254 0.0000000000
96233  -11.978  6.277  49.960 0.0000000000
96234  -24.204  6.046  51.259 0.0000000000
96235  -24.940  6.699  50.983 0.0000000000
96236  -25.551  7.051  51.243 0.0000000000
96237  -30.789  6.889  50.855 0.0000000000
96241  -11.460  6.719  49.357 0.0000000000
96242  -12.077  6.265  49.042 0.0000000000
96243  -24.077  6.487  50.147 0.0000000000
96244  -24.598  6.944  50.243 0.0000000000
96245  -30.199  7.070  49.435 0.0000000000
96246  -30.556  6.623  49.753 0.0000000000
96249  -11.662  6.782  48.510 0.0000000000
96250  -12.231  6.431  48.234 0.0000000000
96251  -23.068  6.658  48.351 0.0000000000
96252  -23.470  6.366  49.184 0.0000000000
96253  -29.243  6.937  48.525 0.0000000000
96254  -29.836  6.718  48.767 0.0000000000
96255  -30.413  5.898  48.676 0.0000000000
96257  -11.890  6.812  47.985 0.0000000000
96258  -12.314  6.714  47.504 0.0000000000
96259  -12.759  6.446  47.017 0.0000000000
96260  -21.822  6.591  46.877 0.0000000000
96261  -22.428  6.566  47.551 0.0000000000
96262  -26.867  7.147  47.361 0.0000000000
96263  -27.426  6.912  47.515 0.0000000000
96264  -28.817  6.580  47.890 0.0000000000
96265  -29.903  5.917  47.917 0.0000000000
96266  -30.172  5.449  48.102 0.0000000000
96268  -12.543  6.885  46.819 0.0000000000
96269  -13.031  6.480  46.501 0.0000000000
96270  -20.412  6.968  45.935 0.0000000000
96271  -21.060  6.692  46.265 0.0000000000
96272  -25.886  7.137  46.534 0.0000000000
96273  -26.534  6.870  46.830 0.0000000000
96274  -27.773  6.192  46.935 0.0000000000
96275  -28.619  5.781  46.881 0.0000000000
96277  -12.811  6.968  46.312 0.0000000000
96278  -13.351  6.692  45.898 0.0000000000
96279  -13.992  6.623  45.449 0.0000000000
96280  -19.473  6.933  45.296 0.0000000000
96281  -20.050  6.691  45.550 0.0000000000
96282  -20.883  5.953  45.751 0.0000000000
96283  -24.814  6.880  45.456 0.0000000000
96284  -25.519  6.841  46.029 0.0000000000
96285  -26.351  6.127  45.986 0.0000000000
96287  -14.533  6.532  44.924 0.0000000000
96288  -15.208  6.486  44.470 0.0000000000
96289  -15.963  6.762  44.180 0.0000000000
96290  -16.859  6.856  44.009 0.0000000000
96291  -18.032  6.695  44.019 0.0000000000
96292  -19.188  6.648  44.785 0.0000000000
96293  -19.917  5.953  44.912 0.0000000000
96294  -23.720  7.130  44.541 0.0000000000
96295  -24.185  6.841  44.830 0.0000000000
96304  -15.713  6.132  44.113 0.0000000000
96305  -16.296  6.146  43.832 0.0000000000
96306  -17.152  6.024  43.575 0.0000000000
96307  -17.987  5.794  43.564 0.0000000000
96308  -22.863  7.034  43.425 0.0000000000
96309  -23.310  6.902  43.888 0.0000000000
96310  -23.971  6.119  44.037 0.0000000000
96319  -22.673  6.771  42.930 0.0000000000
96320  -23.140  6.300  43.164 0.0000000000
96325  -21.666  6.651  41.357 0.0000000000
96326  -22.042  6.887  42.057 0.0000000000
96332  -20.959  7.151  40.187 0.0000000000
96333  -21.206  6.875  40.570 0.0000000000
96340  -20.896  7.018  39.803 0.0000000000
96341  -21.141  6.275  39.618 0.0000000000
96350  -20.855  6.648  38.887 0.0000000000
96351  -21.058  6.257  39.117 0.0000000000
96352  -27.484  6.949  37.942 0.0000000000
96353  -27.819  6.817  37.930 0.0000000000
96354  -28.517  6.762  37.817 0.0000000000
96363  -20.778  6.715  37.867 0.0000000000
96364  -21.103  6.520  36.985 0.0000000000
96365  -26.767  6.977  37.315 0.0000000000
96366  -27.228  6.856  37.560 0.0000000000
96367  -28.120  6.576  37.295 0.0000000000
96368  -29.000  6.694  37.164 0.0000000000
96369  -40.064  6.301  37.253 0.0000000000
96377  -21.711  6.531  36.224 0.0000000000
96378  -22.151  7.063  35.948 0.0000000000
96379  -25.785  6.919  36.099 0.0000000000
96380  -26.547  6.826  36.739 0.0000000000
96381  -27.588  6.361  36.651 0.0000000000
96382  -28.571  6.365  36.470 0.0000000000
96383  -29.552  6.527  36.337 0.0000000000
96384  -30.325  6.606  36.091 0.0000000000
96385  -30.791  6.814  36.080 0.0000000000
96386  -38.909  6.282  36.137 0.0000000000
96387  -39.763  6.789  36.445 0.0000000000
96397  -22.029  6.073  35.882 0.0000000000
96398  -22.523  6.446  35.684 0.0000000000
96399  -23.371  6.376  35.377 0.0000000000
96400  -24.216  6.490  35.356 0.0000000000
96401  -25.180  6.555  35.552 0.0000000000
96402  -26.119  6.293  35.705 0.0000000000
96403  -27.049  5.993  35.851 0.0000000000
96404  -28.070  5.893  35.797 0.0000000000
96405  -29.065  5.975  35.735 0.0000000000
96406  -30.022  6.049  35.702 0.0000000000
96407  -31.028  6.330  35.655 0.0000000000
96408  -32.009  6.144  35.533 0.0000000000
96409  -32.950  6.193  35.478 0.0000000000
96410  -33.998  6.296  35.407 0.0000000000
96411  -35.139  6.455  35.352 0.0000000000
96412  -36.385  6.549  35.333 0.0000000000
96413  -37.563  6.699  35.454 0.0000000000
96414  -38.522  6.930  35.626 0.0000000000
96415  -39.262  7.077  35.876 0.0000000000
97338  -26.907  7.015  53.495 0.0000000000
97339  -27.425  7.093  53.535 0.0000000000
97340  -28.298  7.217  53.413 0.0000000000
97341  -29.188  7.308  53.234 0.0000000000
97342  -29.803  7.335  52.982 0.0000000000
97351  -26.933  7.186  52.897 0.0000000000
97352  -27.682  7.445  52.727 0.0000000000
97353  -28.739  7.706  52.643 0.0000000000
97354  -29.617  7.739  52.719 0.0000000000
97355  -30.202  7.614  52.550 0.0000000000
97361  -25.869  7.237  51.419 0.0000000000
97362  -26.631  7.524  51.785 0.0000000000
97363  -27.925  7.865  51.856 0.0000000000
97364  -28.729  8.277  51.980 0.0000000000
97365  -30.578  7.741  52.022 0.0000000000
97372  -9.446  7.705  51.050 0.0000000000
97373  -10.208  7.318  50.748 0.0000000000
97374  -10.686  7.162  50.241 0.0000000000
97375  -24.877  7.171  50.351 0.0000000000
97376  -25.542  7.535  50.619 0.0000000000
97377  -26.385  8.138  50.790 0.0000000000
97378  -30.441  8.112  50.657 0.0000000000
97379  -30.631  7.894  51.090 0.0000000000
97383  -9.644  7.918  50.353 0.0000000000
97384  -10.194  7.715  49.824 0.0000000000
97385  -10.846  7.209  49.578 0.0000000000
97386  -23.925  6.922  49.343 0.0000000000
97387  -24.507  7.477  49.612 0.0000000000
97388  -25.114  8.205  49.749 0.0000000000
97389  -29.524  7.945  49.611 0.0000000000
97390  -30.174  7.796  49.988 0.0000000000
97391  -30.624  7.265  50.437 0.0000000000
97395  -10.478  7.789  49.038 0.0000000000
97396  -11.082  7.277  48.752 0.0000000000
97397  -22.826  7.363  47.910 0.0000000000
97398  -23.572  7.458  48.596 0.0000000000
97399  -24.093  8.164  48.776 0.0000000000
97400  -27.164  8.127  48.210 0.0000000000
97401  -27.663  7.980  48.475 0.0000000000
97402  -28.997  7.563  48.975 0.0000000000
97403  -29.849  7.255  49.289 0.0000000000
97406  -10.803  7.906  48.372 0.0000000000
97407  -11.537  7.459  47.787 0.0000000000
97408  -12.129  7.275  47.136 0.0000000000
97409  -21.615  7.337  46.903 0.0000000000
97410  -22.147  7.824  47.395 0.0000000000
97411  -26.097  8.029  47.290 0.0000000000
97412  -26.743  7.775  47.659 0.0000000000
97413  -28.016  7.276  48.174 0.0000000000
97414  -28.617  7.114  48.341 0.0000000000
97416  -11.911  7.785  47.059 0.0000000000
97417  -12.423  7.533  46.551 0.0000000000
97418  -19.503  7.706  45.972 0.0000000000
97419  -20.023  7.448  46.053 0.0000000000
97420  -20.748  7.766  46.626 0.0000000000
97421  -24.958  7.977  46.376 0.0000000000
97422  -25.631  7.739  46.751 0.0000000000
97423  -26.298  7.455  47.066 0.0000000000
97425  -12.959  7.366  45.981 0.0000000000
97426  -13.514  7.241  45.611 0.0000000000
97427  -14.217  7.292  45.213 0.0000000000
97428  -14.844  7.625  44.956 0.0000000000
97429  -17.591  7.986  45.037 0.0000000000
97430  -18.059  7.892  45.150 0.0000000000
97431  -19.167  7.477  45.529 0.0000000000
97432  -19.760  7.208  45.707 0.0000000000
97433  -23.984  7.994  45.363 0.0000000000
97434  -24.557  7.710  45.761 0.0000000000
97435  -25.220  7.411  46.188 0.0000000000
97438  -14.813  7.081  44.751 0.0000000000
97439  -15.484  7.372  44.595 0.0000000000
97440  -16.327  7.449  44.445 0.0000000000
97441  -17.349  7.689  44.671 0.0000000000
97442  -18.492  7.302  44.815 0.0000000000
97443  -18.967  7.151  45.031 0.0000000000
97444  -23.704  7.700  44.870 0.0000000000
97445  -24.141  7.404  45.160 0.0000000000
97448  -22.672  7.506  43.408 0.0000000000
97449  -22.978  8.055  44.020 0.0000000000
97459  -21.762  7.857  42.114 0.0000000000
97460  -22.084  7.780  42.634 0.0000000000
97469  -21.515  7.571  41.569 0.0000000000
97470  -21.859  7.509  42.090 0.0000000000
97475  -20.814  7.612  40.178 0.0000000000
97476  -21.025  7.767  40.852 0.0000000000
97477  -27.942  7.696  39.677 0.0000000000
97478  -28.629  7.635  39.957 0.0000000000
97479  -29.469  7.700  40.106 0.0000000000
97480  -30.013  7.821  40.196 0.0000000000
97487  -20.623  7.682  39.317 0.0000000000
97488  -27.710  7.461  39.047 0.0000000000
97489  -28.558  7.224  39.154 0.0000000000
97490  -29.518  7.386  39.270 0.0000000000
97491  -30.218  7.748  39.590 0.0000000000
97500  -20.570  7.781  38.207 0.0000000000
97501  -26.753  7.630  38.262 0.0000000000
97502  -27.393  7.195  38.282 0.0000000000
97503  -28.223  6.953  38.453 0.0000000000
97504  -29.372  7.067  38.088 0.0000000000
97505  -30.632  7.742  38.441 0.0000000000
97506  -31.292  7.972  38.038 0.0000000000
97516  -20.908  7.574  37.032 0.0000000000
97517  -21.304  7.059  36.608 0.0000000000
97518  -25.882  7.803  37.389 0.0000000000
97519  -26.550  7.321  37.568 0.0000000000
97520  -26.972  7.230  37.944 0.0000000000
97521  -29.806  6.972  36.938 0.0000000000
97522  -30.495  7.385  37.234 0.0000000000
97523  -31.521  7.817  37.368 0.0000000000
97524  -32.175  7.952  37.121 0.0000000000
97533  -21.248  8.048  36.718 0.0000000000
97534  -21.711  7.650  36.366 0.0000000000
97535  -22.855  7.539  35.930 0.0000000000
97536  -23.987  7.833  36.036 0.0000000000
97537  -24.892  7.816  36.310 0.0000000000
97538  -25.689  7.483  36.666 0.0000000000
97539  -26.174  7.364  37.098 0.0000000000
97540  -30.053  6.765  36.469 0.0000000000
97541  -30.464  6.997  36.487 0.0000000000
97542  -31.331  7.169  36.261 0.0000000000
97543  -32.482  7.632  36.535 0.0000000000
97544  -33.684  7.663  36.396 0.0000000000
97545  -34.717  7.858  36.335 0.0000000000
97546  -35.305  8.088  36.282 0.0000000000
97556  -23.089  6.879  35.598 0.0000000000
97557  -23.676  7.081  35.629 0.0000000000
97558  -24.548  7.198  35.783 0.0000000000
97559  -25.252  7.242  36.030 0.0000000000
97560  -31.675  6.656  35.756 0.0000000000
97561  -32.296  6.866  35.789 0.0000000000
97562  -33.308  7.034  35.778 0.0000000000
97563  -34.423  7.171  35.751 0.0000000000
97564  -35.650  7.606  35.724 0.0000000000
97565  -36.983  7.659  35.486 0.0000000000
97566  -38.124  7.766  35.455 0.0000000000
97567  -39.112  7.807  35.592 0.0000000000
97568  -39.962  7.700  35.996 0.0000000000
98598  -29.432  8.270  52.247 0.0000000000
98599  -30.041  8.219  52.327 0.0000000000
98600  -30.349  8.044  52.210 0.0000000000
98605  -27.176  8.355  51.215 0.0000000000
98606  -28.147  8.817  51.437 0.0000000000
98607  -29.146  8.949  51.803 0.0000000000
98608  -29.847  8.934  52.013 0.0000000000
98609  -30.291  8.618  51.802 0.0000000000
98615  -8.578  8.905  50.926 0.0000000000
98616  -9.018  8.505  50.655 0.0000000000
98617  -25.749  8.677  50.117 0.0000000000
98618  -26.601  8.930  50.618 0.0000000000
98619  -27.324  9.104  50.966 0.0000000000
98620  -30.430  8.639  50.802 0.0000000000
98621  -30.479  8.856  51.316 0.0000000000
98625  -9.616  8.575  49.656 0.0000000000
98626  -10.090  8.173  49.265 0.0000000000
98627  -24.522  8.611  49.158 0.0000000000
98628  -25.051  8.922  49.555 0.0000000000
98629  -28.794  8.995  49.520 0.0000000000
98630  -29.436  8.563  49.769 0.0000000000
98631  -30.080  8.796  50.378 0.0000000000
98635  -9.729  9.145  49.124 0.0000000000
98636  -10.248  8.653  48.676 0.0000000000
98637  -22.685  8.414  47.921 0.0000000000
98638  -23.448  8.618  48.391 0.0000000000
98639  -23.947  8.814  48.728 0.0000000000
98640  -27.201  8.698  48.421 0.0000000000
98641  -28.159  8.699  49.096 0.0000000000
98642  -28.804  8.414  49.399 0.0000000000
98646  -10.998  8.460  47.845 0.0000000000
98647  -11.603  8.369  47.300 0.0000000000
98648  -18.814  8.808  46.871 0.0000000000
98649  -19.420  8.758  47.029 0.0000000000
98650  -20.145  8.710  47.187 0.0000000000
98651  -21.081  8.456  47.180 0.0000000000
98652  -21.815  8.693  47.597 0.0000000000
98653  -25.993  8.618  47.425 0.0000000000
98654  -26.561  8.874  47.941 0.0000000000
98657  -12.130  8.313  46.729 0.0000000000
98658  -12.822  8.178  46.086 0.0000000000
98659  -13.677  8.563  45.894 0.0000000000
98660  -14.645  8.691  45.813 0.0000000000
98661  -15.618  8.758  45.866 0.0000000000
98662  -16.560  8.750  46.027 0.0000000000
98663  -17.475  8.705  46.221 0.0000000000
98664  -18.357  8.623  46.457 0.0000000000
98665  -19.278  8.172  46.314 0.0000000000
98666  -20.038  8.224  46.660 0.0000000000
98667  -20.512  8.308  46.894 0.0000000000
98668  -24.834  8.583  46.478 0.0000000000
98669  -25.367  8.805  47.008 0.0000000000
98671  -13.193  7.662  45.791 0.0000000000
98672  -13.594  7.855  45.596 0.0000000000
98673  -14.381  8.066  45.381 0.0000000000
98674  -15.440  8.145  45.124 0.0000000000
98675  -16.360  8.377  45.351 0.0000000000
98676  -17.321  8.266  45.381 0.0000000000
98677  -18.221  8.242  45.763 0.0000000000
98678  -18.774  8.153  46.009 0.0000000000
98679  -23.802  8.637  45.362 0.0000000000
98680  -24.263  8.823  45.959 0.0000000000
98683  -15.904  7.782  44.702 0.0000000000
98684  -16.376  7.985  44.835 0.0000000000
98685  -16.859  8.128  45.024 0.0000000000
98686  -23.201  8.927  44.482 0.0000000000
98688  -22.421  8.672  43.344 0.0000000000
98689  -22.847  8.775  43.907 0.0000000000
98698  -21.629  8.642  42.137 0.0000000000
98699  -21.977  8.607  42.756 0.0000000000
98700  -30.231  8.597  42.104 0.0000000000
98701  -31.178  8.474  42.163 0.0000000000
98702  -32.093  8.612  42.212 0.0000000000
98703  -32.862  8.880  42.350 0.0000000000
98704  -33.292  9.039  42.076 0.0000000000
98714  -21.089  8.553  41.243 0.0000000000
98715  -29.038  8.615  41.296 0.0000000000
98716  -29.941  8.300  41.342 0.0000000000
98717  -30.958  8.300  41.296 0.0000000000
98718  -31.950  8.585  41.353 0.0000000000
98719  -32.851  8.928  41.496 0.0000000000
98720  -33.137  8.998  41.870 0.0000000000
98722  -20.607  8.607  39.838 0.0000000000
98723  -20.793  8.374  40.548 0.0000000000
98724  -27.775  8.382  40.315 0.0000000000
98725  -28.743  8.181  40.638 0.0000000000
98726  -29.631  8.033  40.699 0.0000000000
98727  -30.645  8.107  40.266 0.0000000000
98728  -31.771  8.516  40.389 0.0000000000
98729  -32.872  8.962  40.506 0.0000000000
98730  -33.498  9.141  40.181 0.0000000000
98736  -20.520  8.584  38.931 0.0000000000
98737  -26.908  8.629  39.166 0.0000000000
98738  -27.316  8.139  39.552 0.0000000000
98739  -30.907  8.061  39.142 0.0000000000
98740  -31.620  8.396  39.387 0.0000000000
98741  -32.634  8.756  39.513 0.0000000000
98742  -33.717  9.049  39.605 0.0000000000
98743  -34.374  9.126  39.372 0.0000000000
98752  -20.536  8.768  38.189 0.0000000000
98753  -26.585  8.375  38.595 0.0000000000
98754  -27.035  7.844  38.888 0.0000000000
98755  -30.985  8.005  38.688 0.0000000000
98756  -31.448  8.163  38.467 0.0000000000
98757  -32.432  8.528  38.559 0.0000000000
98758  -33.499  8.779  38.673 0.0000000000
98759  -34.595  9.014  38.806 0.0000000000
98760  -35.241  9.162  38.598 0.0000000000
98771  -20.804  8.686  37.348 0.0000000000
98772  -21.092  9.210  36.969 0.0000000000
98773  -25.750  8.473  37.655 0.0000000000
98774  -26.180  8.046  38.029 0.0000000000
98775  -31.617  8.064  37.875 0.0000000000
98776  -32.235  8.200  37.634 0.0000000000
98777  -33.256  8.503  37.761 0.0000000000
98778  -34.335  8.673  37.859 0.0000000000
98779  -35.434  9.079  37.962 0.0000000000
98780  -36.108  9.354  37.700 0.0000000000
98788  -21.041  8.260  36.893 0.0000000000
98789  -21.423  8.732  36.661 0.0000000000
98790  -22.404  8.618  36.287 0.0000000000
98791  -23.453  8.603  36.270 0.0000000000
98792  -24.435  8.586  36.500 0.0000000000
98793  -25.264  8.370  37.010 0.0000000000
98794  -32.481  8.006  37.053 0.0000000000
98795  -33.024  8.132  37.007 0.0000000000
98796  -34.036  8.228  37.039 0.0000000000
98797  -35.115  8.474  36.950 0.0000000000
98798  -36.183  9.108  36.901 0.0000000000
98799  -37.025  9.238  36.244 0.0000000000
98807  -35.746  8.365  36.309 0.0000000000
98808  -36.510  8.503  35.926 0.0000000000
98809  -37.674  8.797  35.665 0.0000000000
98810  -38.872  8.779  35.566 0.0000000000
99754  -28.631  9.733  51.664 0.0000000000
99755  -29.534  9.794  52.002 0.0000000000
99756  -30.136  9.724  51.951 0.0000000000
99757  -30.368  9.579  51.554 0.0000000000
99762  -8.320  10.024  50.776 0.0000000000
99763  -8.687  9.559  50.488 0.0000000000
99764  -9.139  9.049  50.086 0.0000000000
99765  -26.005  9.657  50.286 0.0000000000
99766  -26.857  9.771  50.729 0.0000000000
99767  -27.740  9.730  51.174 0.0000000000
99768  -30.355  9.485  50.807 0.0000000000
99769  -30.483  9.454  51.217 0.0000000000
99773  -9.000  10.001  49.989 0.0000000000
99774  -9.349  9.600  49.627 0.0000000000
99775  -19.054  9.713  48.874 0.0000000000
99776  -19.651  9.773  49.100 0.0000000000
99777  -20.384  9.910  49.268 0.0000000000
99778  -20.858  10.060  49.398 0.0000000000
99779  -23.673  9.770  49.085 0.0000000000
99780  -24.402  9.599  49.357 0.0000000000
99781  -25.238  9.613  49.792 0.0000000000
99782  -28.490  9.739  49.393 0.0000000000
99783  -29.213  9.599  49.811 0.0000000000
99784  -29.837  9.504  50.332 0.0000000000
99787  -9.995  9.752  48.803 0.0000000000
99788  -10.981  9.477  47.924 0.0000000000
99789  -11.648  9.718  47.603 0.0000000000
99790  -17.278  9.931  48.045 0.0000000000
99791  -18.098  9.717  48.184 0.0000000000
99792  -18.878  9.536  48.276 0.0000000000
99793  -19.619  9.516  48.369 0.0000000000
99794  -20.392  9.624  48.500 0.0000000000
99795  -21.333  9.886  48.742 0.0000000000
99796  -22.546  9.489  48.432 0.0000000000
99797  -23.452  9.375  48.689 0.0000000000
99798  -24.034  9.257  48.942 0.0000000000
99799  -26.828  9.841  48.331 0.0000000000
99800  -27.686  9.745  48.886 0.0000000000
99803  -11.341  8.901  47.501 0.0000000000
99804  -11.962  9.210  47.127 0.0000000000
99805  -12.531  9.477  46.913 0.0000000000
99806  -14.252  9.757  46.888 0.0000000000
99807  -15.206  9.706  47.060 0.0000000000
99808  -16.125  9.654  47.231 0.0000000000
99809  -17.011  9.617  47.376 0.0000000000
99810  -17.827  9.468  47.530 0.0000000000
99811  -18.688  9.244  47.526 0.0000000000
99812  -19.505  9.190  47.682 0.0000000000
99813  -20.308  9.205  47.740 0.0000000000
99814  -21.152  9.301  47.847 0.0000000000
99815  -21.933  9.254  47.995 0.0000000000
99816  -25.629  9.748  47.289 0.0000000000
99817  -26.249  9.508  47.741 0.0000000000
99820  -12.423  8.723  46.588 0.0000000000
99821  -12.879  9.137  46.489 0.0000000000
99822  -13.927  9.231  46.336 0.0000000000
99823  -14.907  9.257  46.399 0.0000000000
99824  -15.855  9.222  46.557 0.0000000000
99825  -16.773  9.201  46.718 0.0000000000
99826  -17.624  9.150  46.890 0.0000000000
99827  -18.272  9.096  47.051 0.0000000000
99828  -24.488  9.769  46.246 0.0000000000
99829  -25.054  9.463  46.776 0.0000000000
99832  -23.534  9.940  45.002 0.0000000000
99833  -23.967  9.534  45.672 0.0000000000
99839  -23.153  9.986  44.204 0.0000000000
99846  -22.545  9.875  43.115 0.0000000000
99847  -22.821  9.489  43.756 0.0000000000
99848  -30.073  9.724  43.162 0.0000000000
99849  -30.852  9.391  43.394 0.0000000000
99857  -21.856  9.837  42.155 0.0000000000
99858  -22.076  9.385  42.710 0.0000000000
99859  -29.206  9.815  42.227 0.0000000000
99860  -29.729  9.348  42.603 0.0000000000
99861  -30.522  8.950  42.801 0.0000000000
99862  -31.419  8.758  42.895 0.0000000000
99877  -21.429  9.604  41.466 0.0000000000
99878  -28.726  9.498  41.633 0.0000000000
99879  -29.398  8.969  41.948 0.0000000000
99880  -33.284  9.147  41.151 0.0000000000
99881  -33.603  9.198  41.546 0.0000000000
99882  -34.637  9.428  41.807 0.0000000000
99886  -20.672  9.261  39.898 0.0000000000
99887  -20.873  9.403  40.461 0.0000000000
99888  -27.613  9.513  40.520 0.0000000000
99889  -28.145  9.005  41.091 0.0000000000
99890  -33.134  9.105  40.941 0.0000000000
99891  -33.634  9.225  40.623 0.0000000000
99892  -34.539  9.406  40.833 0.0000000000
99893  -35.553  9.589  41.114 0.0000000000
99896  -20.669  9.425  39.394 0.0000000000
99897  -20.769  9.603  39.847 0.0000000000
99898  -26.906  9.098  39.239 0.0000000000
99899  -27.131  9.185  39.703 0.0000000000
99900  -33.823  9.186  40.052 0.0000000000
99901  -34.451  9.240  39.867 0.0000000000
99902  -35.440  9.442  40.152 0.0000000000
99903  -36.385  9.792  40.492 0.0000000000
99909  -20.602  9.337  38.646 0.0000000000
99910  -26.704  9.193  38.831 0.0000000000
99911  -26.951  9.383  39.193 0.0000000000
99912  -34.700  9.164  39.280 0.0000000000
99913  -35.342  9.281  39.146 0.0000000000
99914  -36.271  9.662  39.560 0.0000000000
99926  -20.666  9.481  37.942 0.0000000000
99927  -20.988  9.682  37.313 0.0000000000
99928  -25.499  9.199  37.477 0.0000000000
99929  -26.086  9.017  38.179 0.0000000000
99930  -35.584  9.277  38.527 0.0000000000
99931  -36.320  9.618  38.456 0.0000000000
99932  -36.971  10.153  37.835 0.0000000000
99944  -21.413  9.726  36.796 0.0000000000
99945  -22.054  9.636  36.389 0.0000000000
99946  -23.006  9.576  36.271 0.0000000000
99947  -24.024  9.512  36.448 0.0000000000
99948  -24.881  9.348  36.866 0.0000000000
99949  -36.538  9.641  37.546 0.0000000000
99950  -37.270  9.980  36.971 0.0000000000
99951  -38.106  10.338  36.460 0.0000000000
99960  -37.677  9.694  36.125 0.0000000000
99961  -38.616  9.931  35.812 0.0000000000
100944  -29.911  11.344  52.121 0.0000000000
100945  -30.114  11.365  51.951 0.0000000000
100948  -8.324  10.672  50.950 0.0000000000
100949  -8.767  11.097  50.753 0.0000000000
100950  -19.380  10.746  51.133 0.0000000000
100951  -20.195  10.690  51.297 0.0000000000
100952  -20.990  10.809  51.333 0.0000000000
100953  -21.418  10.961  51.304 0.0000000000
100954  -27.834  11.060  51.661 0.0000000000
100955  -28.885  10.668  52.029 0.0000000000
100956  -29.804  10.631  52.141 0.0000000000
100957  -30.272  10.611  51.681 0.0000000000
100958  -30.467  9.941  51.452 0.0000000000
100961  -8.543  10.224  50.581 0.0000000000
100962  -9.010  10.637  50.256 0.0000000000
100963  -9.497  11.023  49.909 0.0000000000
100964  -18.227  10.607  50.165 0.0000000000
100965  -19.081  10.416  50.398 0.0000000000
100966  -19.908  10.341  50.579 0.0000000000
100967  -20.740  10.452  50.607 0.0000000000
100968  -21.649  10.807  50.680 0.0000000000
100969  -22.774  11.034  50.403 0.0000000000
100970  -23.919  11.085  50.381 0.0000000000
100971  -25.025  10.987  50.496 0.0000000000
100972  -26.153  10.626  50.662 0.0000000000
100973  -27.249  10.504  51.119 0.0000000000
100974  -28.083  10.363  51.514 0.0000000000
100975  -29.520  10.977  50.457 0.0000000000
100976  -30.170  10.336  50.818 0.0000000000
100977  -30.470  9.988  51.232 0.0000000000
100981  -9.233  10.199  49.778 0.0000000000
100982  -9.739  10.538  49.384 0.0000000000
100983  -10.293  10.848  49.145 0.0000000000
100984  -16.164  10.784  48.974 0.0000000000
100985  -17.039  10.637  49.208 0.0000000000
100986  -17.894  10.371  49.434 0.0000000000
100987  -18.834  10.074  49.566 0.0000000000
100988  -19.707  10.046  49.844 0.0000000000
100989  -20.475  10.131  49.921 0.0000000000
100990  -21.342  10.276  49.644 0.0000000000
100991  -22.346  10.545  49.667 0.0000000000
100992  -23.527  10.443  49.589 0.0000000000
100993  -24.598  10.393  49.869 0.0000000000
100994  -25.404  10.278  50.161 0.0000000000
100995  -28.155  10.824  49.293 0.0000000000
100996  -28.984  10.509  49.820 0.0000000000
100997  -29.573  10.198  50.247 0.0000000000
101000  -10.052  10.258  48.904 0.0000000000
101001  -10.570  10.447  48.679 0.0000000000
101002  -11.784  10.334  47.951 0.0000000000
101003  -13.011  10.605  47.937 0.0000000000
101004  -14.086  10.609  48.075 0.0000000000
101005  -15.031  10.542  48.189 0.0000000000
101006  -15.877  10.444  48.355 0.0000000000
101007  -16.727  10.375  48.531 0.0000000000
101008  -17.573  10.187  48.722 0.0000000000
101009  -18.376  9.918  48.872 0.0000000000
101010  -21.538  10.127  49.122 0.0000000000
101011  -21.994  10.156  49.023 0.0000000000
101012  -22.934  10.059  48.982 0.0000000000
101013  -26.792  11.020  48.457 0.0000000000
101014  -27.400  10.619  48.766 0.0000000000
101017  -11.966  9.815  47.458 0.0000000000
101018  -12.583  9.915  47.252 0.0000000000
101019  -13.622  10.184  47.381 0.0000000000
101020  -14.613  10.164  47.559 0.0000000000
101021  -15.536  10.099  47.725 0.0000000000
101022  -16.422  10.049  47.879 0.0000000000
101023  -25.625  10.984  47.351 0.0000000000
101024  -26.225  10.462  47.836 0.0000000000
101029  -12.800  9.585  46.839 0.0000000000
101030  -13.313  9.693  46.807 0.0000000000
101031  -24.637  11.019  46.094 0.0000000000
101032  -25.093  10.442  46.745 0.0000000000
101040  -23.851  11.041  44.959 0.0000000000
101041  -24.085  10.516  45.561 0.0000000000
101050  -23.492  10.853  44.324 0.0000000000
101059  -22.677  10.381  42.964 0.0000000000
101060  -23.017  10.687  43.344 0.0000000000
101061  -29.976  10.161  43.198 0.0000000000
101062  -30.434  10.346  43.552 0.0000000000
101068  -22.063  10.286  42.133 0.0000000000
101069  -22.487  10.596  42.427 0.0000000000
101070  -22.983  11.186  42.741 0.0000000000
101071  -29.248  10.228  42.268 0.0000000000
101072  -29.628  10.441  42.704 0.0000000000
101073  -30.143  10.945  43.211 0.0000000000
101085  -21.933  10.385  41.751 0.0000000000
101086  -22.325  11.169  41.409 0.0000000000
101087  -28.974  10.420  41.831 0.0000000000
101088  -29.313  10.900  42.053 0.0000000000
101094  -21.692  10.675  40.783 0.0000000000
101095  -22.212  11.338  40.883 0.0000000000
101096  -27.695  10.006  40.535 0.0000000000
101097  -28.115  10.198  40.927 0.0000000000
101102  -20.785  9.864  39.347 0.0000000000
101103  -21.015  10.273  39.606 0.0000000000
101104  -27.556  10.260  40.012 0.0000000000
101105  -28.012  10.785  40.271 0.0000000000
101112  -20.746  9.875  39.030 0.0000000000
101113  -20.922  10.379  38.749 0.0000000000
101114  -26.507  9.764  38.358 0.0000000000
101115  -27.037  10.049  38.985 0.0000000000
101124  -20.736  9.906  38.451 0.0000000000
101125  -20.959  10.422  37.958 0.0000000000
101126  -25.336  9.940  37.123 0.0000000000
101127  -26.012  10.055  37.658 0.0000000000
101128  -36.905  10.168  39.221 0.0000000000
101142  -21.350  10.524  37.156 0.0000000000
101143  -21.817  10.559  36.600 0.0000000000
101144  -22.572  10.581  36.273 0.0000000000
101145  -23.583  10.551  36.200 0.0000000000
101146  -24.728  10.447  36.551 0.0000000000
102136  -20.603  11.908  53.461 0.0000000000
102137  -21.526  11.857  53.727 0.0000000000
102138  -22.493  11.997  53.823 0.0000000000
102139  -23.411  12.240  53.858 0.0000000000
102140  -23.951  12.377  53.899 0.0000000000
102145  -19.318  11.675  52.252 0.0000000000
102146  -20.122  11.478  52.654 0.0000000000
102147  -21.027  11.416  52.858 0.0000000000
102148  -22.015  11.523  52.981 0.0000000000
102149  -23.026  11.927  53.047 0.0000000000
102150  -24.160  12.277  53.254 0.0000000000
102151  -24.915  12.336  53.079 0.0000000000
102152  -27.834  12.172  52.583 0.0000000000
102153  -28.800  12.092  52.540 0.0000000000
102154  -29.507  11.929  52.300 0.0000000000
102155  -29.854  11.775  52.042 0.0000000000
102158  -8.074  11.218  51.468 0.0000000000
102159  -8.841  11.699  51.265 0.0000000000
102160  -9.584  12.048  51.066 0.0000000000
102161  -17.237  11.762  50.994 0.0000000000
102162  -18.132  11.530  51.299 0.0000000000
102163  -18.951  11.297  51.548 0.0000000000
102164  -19.732  11.122  51.849 0.0000000000
102165  -20.568  11.098  52.007 0.0000000000
102166  -21.521  11.195  51.904 0.0000000000
102167  -22.572  11.591  52.087 0.0000000000
102168  -23.705  11.929  52.157 0.0000000000
102169  -25.067  12.174  52.281 0.0000000000
102170  -26.330  11.935  51.972 0.0000000000
102171  -27.377  11.712  52.048 0.0000000000
102172  -28.396  11.540  52.259 0.0000000000
102173  -29.313  11.411  52.289 0.0000000000
102174  -29.984  11.533  51.709 0.0000000000
102177  -9.064  11.277  50.657 0.0000000000
102178  -9.738  11.613  50.415 0.0000000000
102179  -10.917  11.906  50.146 0.0000000000
102180  -11.930  11.939  50.073 0.0000000000
102181  -12.927  11.992  49.984 0.0000000000
102182  -13.950  11.896  49.984 0.0000000000
102183  -14.975  11.706  50.036 0.0000000000
102184  -15.974  11.572  50.098 0.0000000000
102185  -16.881  11.403  50.306 0.0000000000
102186  -17.735  11.180  50.597 0.0000000000
102187  -18.561  10.921  50.890 0.0000000000
102188  -21.662  11.051  51.281 0.0000000000
102189  -22.195  11.239  51.240 0.0000000000
102190  -23.229  11.499  51.204 0.0000000000
102191  -24.411  11.630  51.220 0.0000000000
102192  -25.635  11.539  51.224 0.0000000000
102193  -26.782  11.285  51.359 0.0000000000
102194  -29.401  11.841  50.708 0.0000000000
102195  -29.955  11.248  51.136 0.0000000000
102199  -9.765  11.151  49.771 0.0000000000
102200  -10.299  11.286  49.581 0.0000000000
102201  -11.237  11.510  49.480 0.0000000000
102202  -12.215  11.520  49.389 0.0000000000
102203  -13.258  11.521  49.332 0.0000000000
102204  -14.318  11.453  49.336 0.0000000000
102205  -15.435  11.252  49.345 0.0000000000
102206  -16.489  11.124  49.626 0.0000000000
102207  -17.382  10.895  49.895 0.0000000000
102208  -28.083  11.807  49.539 0.0000000000
102209  -28.780  11.591  50.007 0.0000000000
102212  -10.729  11.074  49.079 0.0000000000
102213  -11.471  11.052  48.807 0.0000000000
102214  -12.538  11.074  48.641 0.0000000000
102215  -13.637  11.091  48.652 0.0000000000
102216  -14.661  11.024  48.691 0.0000000000
102217  -15.436  10.830  48.711 0.0000000000
102218  -26.806  11.936  48.651 0.0000000000
102219  -27.465  11.592  49.051 0.0000000000
102222  -25.644  11.927  47.419 0.0000000000
102223  -26.165  11.657  48.017 0.0000000000
102230  -24.829  11.945  45.980 0.0000000000
102231  -25.197  11.666  46.718 0.0000000000
102240  -24.015  11.483  44.928 0.0000000000
102241  -24.325  11.725  45.210 0.0000000000
102253  -23.926  11.641  44.588 0.0000000000
102254  -24.199  12.170  44.650 0.0000000000
102267  -23.672  11.755  43.791 0.0000000000
102281  -22.971  11.430  42.443 0.0000000000
102282  -23.451  11.985  42.749 0.0000000000
102283  -29.595  11.302  42.173 0.0000000000
102284  -30.158  11.602  42.730 0.0000000000
102303  -22.969  11.878  41.851 0.0000000000
102304  -23.596  12.674  41.941 0.0000000000
102305  -28.694  10.814  41.183 0.0000000000
102306  -29.222  11.408  41.383 0.0000000000
102321  -22.135  11.424  40.591 0.0000000000
102322  -22.653  12.046  40.746 0.0000000000
102323  -28.528  11.253  40.543 0.0000000000
102324  -29.096  12.010  40.549 0.0000000000
102338  -21.927  11.596  39.935 0.0000000000
102339  -22.641  12.609  39.881 0.0000000000
102340  -27.476  10.757  39.228 0.0000000000
102341  -27.970  11.415  39.517 0.0000000000
102347  -21.425  11.304  38.730 0.0000000000
102348  -26.674  10.494  38.126 0.0000000000
102349  -27.282  11.337  38.402 0.0000000000
102350  -27.834  12.164  38.678 0.0000000000
102357  -21.498  11.361  37.660 0.0000000000
102358  -25.573  10.665  37.012 0.0000000000
102359  -26.311  11.349  37.377 0.0000000000
102360  -26.914  12.112  37.664 0.0000000000
102372  -21.705  11.353  36.926 0.0000000000
102375  -24.185  11.585  35.943 0.0000000000
102376  -25.345  11.596  36.492 0.0000000000
102377  -25.965  12.118  36.800 0.0000000000
103359  -21.279  13.175  54.665 0.0000000000
103360  -21.778  13.022  54.913 0.0000000000
103361  -22.624  12.988  55.072 0.0000000000
103362  -23.529  13.070  54.969 0.0000000000
103363  -24.367  13.177  54.715 0.0000000000
103364  -25.058  13.273  54.487 0.0000000000
103369  -20.402  12.597  53.619 0.0000000000
103370  -21.098  12.607  54.226 0.0000000000
103371  -22.067  12.375  54.501 0.0000000000
103372  -23.006  12.480  54.510 0.0000000000
103373  -23.919  12.600  54.387 0.0000000000
103374  -24.768  12.784  54.308 0.0000000000
103375  -25.694  13.051  54.088 0.0000000000
103376  -26.631  13.157  53.542 0.0000000000
103377  -27.422  13.174  53.200 0.0000000000
103382  -10.718  12.973  52.260 0.0000000000
103383  -11.577  12.964  52.122 0.0000000000
103384  -12.222  12.894  51.912 0.0000000000
103385  -18.319  12.718  52.302 0.0000000000
103386  -18.860  12.349  52.390 0.0000000000
103387  -19.758  12.227  53.024 0.0000000000
103388  -24.368  12.478  53.951 0.0000000000
103389  -25.063  12.507  53.661 0.0000000000
103390  -26.013  12.688  53.401 0.0000000000
103391  -27.053  12.662  52.996 0.0000000000
103392  -28.121  12.795  52.735 0.0000000000
103393  -29.043  12.586  52.312 0.0000000000
103394  -29.555  12.223  52.105 0.0000000000
103397  -9.129  12.454  51.889 0.0000000000
103398  -9.819  12.480  51.611 0.0000000000
103399  -10.752  12.620  51.557 0.0000000000
103400  -11.572  12.618  51.436 0.0000000000
103401  -12.403  12.621  51.356 0.0000000000
103402  -13.304  12.679  51.296 0.0000000000
103403  -14.282  12.713  51.224 0.0000000000
103404  -15.331  12.635  51.188 0.0000000000
103405  -16.509  12.408  51.234 0.0000000000
103406  -17.794  12.389  51.786 0.0000000000
103407  -18.611  11.832  51.852 0.0000000000
103408  -25.433  12.387  53.057 0.0000000000
103409  -26.143  12.349  52.714 0.0000000000
103410  -26.967  12.193  52.470 0.0000000000
103411  -29.322  12.608  51.835 0.0000000000
103412  -29.639  12.151  51.736 0.0000000000
103415  -10.095  12.286  51.058 0.0000000000
103416  -10.775  12.300  50.857 0.0000000000
103417  -11.702  12.304  50.758 0.0000000000
103418  -12.640  12.328  50.684 0.0000000000
103419  -13.613  12.322  50.630 0.0000000000
103420  -14.622  12.231  50.610 0.0000000000
103421  -15.638  12.077  50.618 0.0000000000
103422  -16.444  11.839  50.646 0.0000000000
103423  -28.429  12.980  50.665 0.0000000000
103424  -29.025  12.711  51.041 0.0000000000
103425  -29.659  11.919  51.311 0.0000000000
103429  -27.607  12.946  49.749 0.0000000000
103430  -28.134  12.693  50.089 0.0000000000
103431  -28.890  12.252  50.442 0.0000000000
103434  -27.261  12.645  49.267 0.0000000000
103435  -27.738  12.197  49.481 0.0000000000
103443  -25.944  12.518  47.795 0.0000000000
103444  -26.440  12.725  48.412 0.0000000000
103458  -25.092  12.540  46.353 0.0000000000
103459  -25.507  12.767  47.119 0.0000000000
103474  -24.763  12.744  45.644 0.0000000000
103489  -24.096  12.295  44.218 0.0000000000
103490  -24.407  12.917  44.625 0.0000000000
103502  -24.146  12.835  43.537 0.0000000000
103503  -24.322  13.585  43.964 0.0000000000
103504  -30.767  12.329  43.233 0.0000000000
103514  -23.905  13.145  42.511 0.0000000000
103515  -29.886  12.096  41.824 0.0000000000
103516  -30.516  12.812  42.281 0.0000000000
103528  -23.458  12.802  41.188 0.0000000000
103529  -23.715  13.345  41.654 0.0000000000
103530  -29.584  12.624  40.950 0.0000000000
103531  -30.142  12.956  41.481 0.0000000000
103545  -23.202  13.270  40.391 0.0000000000
103546  -23.561  13.493  41.017 0.0000000000
103547  -28.674  12.166  39.897 0.0000000000
103548  -29.162  12.810  40.164 0.0000000000
103566  -22.176  12.477  39.112 0.0000000000
103567  -22.677  13.390  39.519 0.0000000000
103568  -28.323  12.674  39.111 0.0000000000
103569  -28.794  12.971  39.612 0.0000000000
103587  -21.885  12.326  38.142 0.0000000000
103589  -27.402  12.589  38.060 0.0000000000
103590  -27.855  12.906  38.518 0.0000000000
103608  -26.400  12.523  37.133 0.0000000000
103609  -26.891  12.822  37.558 0.0000000000
103626  -25.597  12.572  36.414 0.0000000000
103627  -26.020  12.586  36.729 0.0000000000
104528  -20.223  13.692  54.094 0.0000000000
104529  -20.708  13.517  54.386 0.0000000000
104530  -21.482  13.730  54.985 0.0000000000
104531  -22.252  13.796  55.216 0.0000000000
104532  -23.109  13.888  55.117 0.0000000000
104533  -23.971  13.931  54.830 0.0000000000
104534  -24.780  13.892  54.581 0.0000000000
104544  -14.384  13.773  53.349 0.0000000000
104545  -15.361  13.905  53.275 0.0000000000
104546  -16.392  13.949  53.206 0.0000000000
104547  -17.456  13.848  53.170 0.0000000000
104548  -18.540  13.601  53.284 0.0000000000
104549  -19.799  13.335  53.595 0.0000000000
104550  -20.535  12.992  53.949 0.0000000000
104551  -25.543  13.832  54.312 0.0000000000
104552  -26.340  13.796  53.869 0.0000000000
104553  -27.129  13.750  53.366 0.0000000000
104560  -12.574  13.279  52.661 0.0000000000
104561  -13.649  13.442  52.627 0.0000000000
104562  -14.641  13.579  52.537 0.0000000000
104563  -15.673  13.591  52.479 0.0000000000
104564  -16.735  13.499  52.434 0.0000000000
104565  -17.801  13.158  52.383 0.0000000000
104566  -18.809  13.009  52.743 0.0000000000
104567  -19.340  12.724  52.894 0.0000000000
104568  -27.824  13.631  52.721 0.0000000000
104569  -28.470  13.200  52.327 0.0000000000
104573  -13.002  13.025  51.946 0.0000000000
104574  -13.949  13.171  51.865 0.0000000000
104575  -14.967  13.203  51.795 0.0000000000
104576  -16.043  13.111  51.775 0.0000000000
104577  -17.078  12.940  51.877 0.0000000000
104578  -17.551  12.826  51.996 0.0000000000
104579  -28.209  13.769  51.897 0.0000000000
104580  -28.778  13.119  51.683 0.0000000000
104585  -27.507  13.809  50.399 0.0000000000
104586  -28.051  13.485  50.824 0.0000000000
104587  -28.654  13.110  51.210 0.0000000000
104598  -27.426  13.460  49.894 0.0000000000
104599  -27.871  13.224  50.266 0.0000000000
104611  -26.247  13.719  48.465 0.0000000000
104612  -26.530  13.503  48.814 0.0000000000
104623  -22.773  14.129  46.852 0.0000000000
104624  -26.046  13.426  48.030 0.0000000000
104625  -26.338  13.244  48.395 0.0000000000
104638  -23.083  14.278  45.847 0.0000000000
104639  -25.125  13.472  46.388 0.0000000000
104640  -25.495  13.653  47.224 0.0000000000
104650  -22.364  13.534  44.458 0.0000000000
104651  -22.968  14.095  45.007 0.0000000000
104652  -24.703  13.694  45.433 0.0000000000
104660  -22.585  13.688  43.316 0.0000000000
104661  -23.397  14.082  44.045 0.0000000000
104662  -24.109  14.180  44.185 0.0000000000
104663  -24.418  13.949  44.563 0.0000000000
104672  -23.369  14.011  42.805 0.0000000000
104673  -24.104  13.865  43.320 0.0000000000
104674  -24.323  13.978  43.958 0.0000000000
104675  -31.051  13.276  42.954 0.0000000000
104684  -23.278  14.057  41.839 0.0000000000
104685  -23.717  13.785  42.211 0.0000000000
104686  -30.842  13.893  42.330 0.0000000000
104687  -31.198  14.074  42.872 0.0000000000
104695  -23.167  14.123  41.036 0.0000000000
104696  -23.567  13.876  41.366 0.0000000000
104697  -29.908  13.680  40.986 0.0000000000
104698  -30.426  13.766  41.628 0.0000000000
104710  -22.909  14.053  40.147 0.0000000000
104711  -23.401  13.869  40.737 0.0000000000
104712  -29.466  13.586  40.372 0.0000000000
104721  -28.574  13.647  39.222 0.0000000000
104722  -29.061  13.627  39.770 0.0000000000
104733  -27.506  13.512  38.172 0.0000000000
104734  -28.051  13.604  38.666 0.0000000000
104751  -26.554  13.529  37.216 0.0000000000
104752  -27.096  13.341  37.733 0.0000000000
104768  -25.317  13.425  36.187 0.0000000000
104769  -26.030  13.137  36.642 0.0000000000
105638  -21.184  15.215  55.393 0.0000000000
105639  -21.571  15.171  55.427 0.0000000000
105640  -22.087  15.328  55.373 0.0000000000
105655  -17.954  14.900  54.754 0.0000000000
105656  -19.029  14.706  54.530 0.0000000000
105657  -20.030  14.217  54.378 0.0000000000
105658  -20.996  14.554  55.153 0.0000000000
105659  -21.850  14.549  55.348 0.0000000000
105660  -22.641  14.928  55.166 0.0000000000
105661  -23.537  14.860  54.824 0.0000000000
105662  -24.453  14.829  54.462 0.0000000000
105663  -25.180  14.485  54.284 0.0000000000
105670  -16.101  14.218  54.049 0.0000000000
105671  -17.143  14.350  53.958 0.0000000000
105672  -18.210  14.281  53.907 0.0000000000
105673  -19.227  14.025  53.905 0.0000000000
105674  -19.702  13.867  53.931 0.0000000000
105675  -25.124  15.102  53.972 0.0000000000
105676  -25.894  14.700  53.836 0.0000000000
105677  -26.774  14.492  53.343 0.0000000000
105678  -27.357  14.251  52.892 0.0000000000
105683  -27.062  14.829  52.531 0.0000000000
105684  -27.642  14.324  52.195 0.0000000000
105693  -23.228  15.193  51.289 0.0000000000
105694  -27.173  14.778  51.572 0.0000000000
105695  -27.635  14.166  51.311 0.0000000000
105706  -23.781  15.105  50.387 0.0000000000
105707  -24.625  15.328  49.992 0.0000000000
105708  -26.512  14.826  50.111 0.0000000000
105709  -27.063  14.441  50.463 0.0000000000
105710  -27.566  14.030  50.874 0.0000000000
105722  -22.973  14.545  49.227 0.0000000000
105723  -24.142  15.072  49.116 0.0000000000
105724  -25.208  15.203  49.324 0.0000000000
105725  -26.166  14.830  49.576 0.0000000000
105726  -26.611  14.070  49.376 0.0000000000
105734  -23.573  14.712  47.801 0.0000000000
105735  -24.669  15.056  48.102 0.0000000000
105736  -25.502  14.809  48.402 0.0000000000
105737  -26.165  14.123  48.623 0.0000000000
105738  -26.423  13.931  48.922 0.0000000000
105744  -23.596  14.616  46.509 0.0000000000
105745  -24.324  14.831  46.957 0.0000000000
105746  -25.057  14.728  47.344 0.0000000000
105747  -25.602  14.223  47.724 0.0000000000
105758  -23.665  14.548  45.749 0.0000000000
105759  -24.126  14.661  45.986 0.0000000000
105760  -24.759  14.388  46.289 0.0000000000
105761  -25.239  14.176  46.950 0.0000000000
105772  -23.497  14.391  45.208 0.0000000000
105773  -23.951  14.531  45.268 0.0000000000
105774  -24.345  14.317  45.364 0.0000000000
105782  -23.436  14.279  44.733 0.0000000000
105783  -23.789  14.369  44.689 0.0000000000
105784  -24.130  14.306  44.793 0.0000000000
105799  -30.957  14.801  42.623 0.0000000000
105800  -31.304  14.648  43.264 0.0000000000
105806  -30.074  14.643  41.193 0.0000000000
105807  -30.543  14.748  41.887 0.0000000000
105817  -29.062  14.883  40.022 0.0000000000
105818  -29.540  14.585  40.515 0.0000000000
105828  -28.733  14.518  39.531 0.0000000000
105829  -29.235  14.249  39.999 0.0000000000
105839  -27.580  14.383  38.339 0.0000000000
105840  -28.169  14.475  38.888 0.0000000000
105852  -26.400  14.429  37.204 0.0000000000
105853  -26.983  14.219  37.730 0.0000000000
105871  -25.876  14.160  36.639 0.0000000000
106691  -19.746  15.974  55.623 0.0000000000
106692  -20.695  15.514  55.398 0.0000000000
106693  -21.378  15.647  55.455 0.0000000000
106694  -21.816  15.777  55.425 0.0000000000
106702  -18.910  15.414  55.284 0.0000000000
106703  -19.823  15.124  55.097 0.0000000000
106704  -20.405  14.845  55.067 0.0000000000
106705  -22.299  16.017  55.159 0.0000000000
106706  -23.046  15.736  54.683 0.0000000000
106707  -23.793  15.489  54.344 0.0000000000
106717  -22.195  16.278  54.308 0.0000000000
106718  -23.375  15.834  53.927 0.0000000000
106719  -24.437  15.577  53.687 0.0000000000
106720  -25.439  15.434  53.286 0.0000000000
106721  -26.342  15.223  52.957 0.0000000000
106732  -22.762  15.779  53.231 0.0000000000
106733  -23.816  15.804  52.940 0.0000000000
106734  -24.802  15.710  52.604 0.0000000000
106735  -25.735  15.544  52.284 0.0000000000
106736  -26.559  15.284  51.948 0.0000000000
106747  -23.114  15.493  52.219 0.0000000000
106748  -24.074  15.547  51.689 0.0000000000
106749  -25.101  15.581  51.513 0.0000000000
106750  -25.975  15.415  51.248 0.0000000000
106751  -26.643  15.044  51.018 0.0000000000
106759  -24.593  15.456  50.797 0.0000000000
106760  -25.387  15.399  50.428 0.0000000000
106761  -26.289  15.089  50.339 0.0000000000
106762  -26.664  14.886  50.602 0.0000000000
106769  -25.846  15.190  49.894 0.0000000000
106770  -26.116  15.096  49.914 0.0000000000
106826  -31.059  15.611  43.315 0.0000000000
106838  -30.067  15.558  41.564 0.0000000000
106839  -30.444  15.753  42.348 0.0000000000
106851  -29.079  15.492  40.391 0.0000000000
106852  -29.587  15.480  40.943 0.0000000000
106862  -27.954  15.769  39.367 0.0000000000
106863  -28.552  15.472  39.820 0.0000000000
106869  -26.849  15.600  38.072 0.0000000000
106870  -27.530  15.411  38.644 0.0000000000
106871  -28.209  15.147  39.232 0.0000000000
106879  -26.444  15.257  37.535 0.0000000000
106880  -27.118  14.995  38.030 0.0000000000
106894  -26.027  14.921  36.982 0.0000000000
107658  -20.506  16.423  55.409 0.0000000000
107659  -21.233  16.120  55.425 0.0000000000
107660  -21.571  15.983  55.450 0.0000000000
107674  -20.427  16.906  55.128 0.0000000000
107675  -21.214  16.564  55.166 0.0000000000
107676  -21.704  16.233  55.296 0.0000000000
107692  -21.205  16.714  54.738 0.0000000000
107693  -21.800  16.519  54.996 0.0000000000
107789  -29.888  16.825  42.592 0.0000000000
107790  -30.260  16.580  42.896 0.0000000000
107802  -29.214  16.954  41.571 0.0000000000
107803  -29.770  16.521  42.028 0.0000000000
107804  -30.178  16.301  42.395 0.0000000000
107816  -28.345  16.929  40.479 0.0000000000
107817  -28.981  16.476  40.894 0.0000000000
107818  -29.621  16.026  41.328 0.0000000000
107832  -28.155  16.466  39.953 0.0000000000
107833  -28.668  15.967  40.278 0.0000000000
107844  -27.455  16.383  39.100 0.0000000000
108678  -28.882  17.897  42.268 0.0000000000
108679  -29.630  17.353  42.903 0.0000000000
108680  -30.032  17.029  43.114 0.0000000000
108694  -28.707  17.470  41.477 0.0000000000
108695  -29.268  17.258  42.022 0.0000000000
108710  -28.388  17.272  40.823 0.0000000000
109538  -29.038  18.237  42.896 0.0000000000
