#!ascii label  , from subject ab_data vox2ras=TkReg
846
16525  -35.821  -62.081  -8.983 0.0000000000
16526  -36.465  -62.116  -9.061 0.0000000000
16537  -34.944  -62.146  -9.653 0.0000000000
16538  -35.650  -62.275  -9.541 0.0000000000
16539  -36.819  -62.592  -9.867 0.0000000000
16549  -34.980  -62.308  -10.275 0.0000000000
16550  -35.938  -62.692  -10.586 0.0000000000
16564  -35.075  -62.433  -11.292 0.0000000000
17506  -36.769  -60.719  -6.884 0.0000000000
17517  -34.681  -60.874  -7.712 0.0000000000
17518  -35.293  -61.008  -7.664 0.0000000000
17519  -36.511  -61.112  -7.452 0.0000000000
17535  -33.970  -61.147  -8.501 0.0000000000
17536  -34.522  -61.227  -8.284 0.0000000000
17537  -35.744  -61.707  -8.447 0.0000000000
17538  -37.108  -61.740  -8.402 0.0000000000
17554  -33.936  -61.380  -9.045 0.0000000000
17555  -34.921  -61.857  -9.083 0.0000000000
17556  -35.496  -62.018  -8.991 0.0000000000
17564  -33.613  -61.359  -10.147 0.0000000000
17565  -34.382  -61.886  -9.829 0.0000000000
17574  -33.532  -61.204  -11.260 0.0000000000
17575  -34.211  -61.941  -10.831 0.0000000000
17583  -33.731  -60.887  -12.275 0.0000000000
17584  -34.295  -61.899  -12.108 0.0000000000
17597  -33.932  -60.590  -12.816 0.0000000000
17598  -34.328  -61.225  -13.326 0.0000000000
18551  -35.324  -59.942  -6.680 0.0000000000
18552  -36.038  -59.982  -6.571 0.0000000000
18553  -36.879  -60.266  -6.434 0.0000000000
18564  -33.916  -60.335  -7.457 0.0000000000
18565  -34.722  -60.382  -7.197 0.0000000000
18566  -35.702  -60.488  -7.079 0.0000000000
18567  -36.360  -60.515  -6.885 0.0000000000
18578  -32.759  -60.225  -8.817 0.0000000000
18579  -33.567  -60.648  -8.282 0.0000000000
18580  -34.251  -60.755  -7.756 0.0000000000
18593  -32.522  -60.049  -9.645 0.0000000000
18594  -33.147  -60.778  -9.403 0.0000000000
18603  -32.629  -59.798  -10.584 0.0000000000
18604  -33.000  -60.601  -10.454 0.0000000000
18612  -32.816  -59.597  -11.093 0.0000000000
18613  -33.136  -60.133  -11.493 0.0000000000
18622  -33.656  -60.087  -12.468 0.0000000000
18634  -34.104  -60.098  -13.200 0.0000000000
18635  -34.549  -60.385  -13.939 0.0000000000
19598  -36.119  -58.914  -5.760 0.0000000000
19599  -36.892  -59.148  -5.643 0.0000000000
19609  -33.830  -59.235  -6.663 0.0000000000
19610  -34.648  -59.507  -6.506 0.0000000000
19611  -35.539  -59.259  -6.188 0.0000000000
19612  -36.445  -59.518  -6.093 0.0000000000
19613  -37.223  -59.739  -5.915 0.0000000000
19616  -32.596  -59.292  -7.789 0.0000000000
19617  -33.232  -59.664  -7.303 0.0000000000
19618  -34.024  -59.893  -6.946 0.0000000000
19629  -31.852  -58.794  -8.986 0.0000000000
19630  -32.256  -59.365  -8.659 0.0000000000
19631  -32.813  -59.893  -8.145 0.0000000000
19643  -31.843  -58.412  -9.347 0.0000000000
19644  -32.138  -59.060  -9.860 0.0000000000
19654  -32.615  -59.129  -10.824 0.0000000000
19660  -33.024  -59.226  -11.433 0.0000000000
19661  -33.511  -59.324  -12.056 0.0000000000
19671  -34.084  -59.311  -12.736 0.0000000000
19672  -34.512  -59.110  -13.098 0.0000000000
19683  -34.317  -59.510  -13.156 0.0000000000
19684  -34.686  -59.485  -13.561 0.0000000000
19685  -35.239  -59.378  -13.904 0.0000000000
19706  -34.976  -59.831  -14.133 0.0000000000
19707  -35.624  -59.634  -14.368 0.0000000000
20627  -36.876  -57.754  -1.052 0.0000000000
20646  -34.791  -57.779  -1.894 0.0000000000
20647  -35.470  -57.890  -1.864 0.0000000000
20648  -36.385  -58.080  -1.828 0.0000000000
20649  -37.382  -58.250  -1.743 0.0000000000
20666  -34.482  -57.741  -2.199 0.0000000000
20667  -34.971  -57.733  -2.612 0.0000000000
20668  -35.919  -57.946  -2.704 0.0000000000
20669  -36.920  -58.352  -2.716 0.0000000000
20686  -34.959  -57.647  -3.173 0.0000000000
20687  -35.419  -57.757  -3.361 0.0000000000
20688  -36.353  -58.091  -3.841 0.0000000000
20689  -37.666  -58.580  -3.640 0.0000000000
20704  -35.521  -57.995  -4.889 0.0000000000
20705  -36.068  -58.158  -4.782 0.0000000000
20706  -37.360  -58.635  -4.755 0.0000000000
20718  -33.347  -58.001  -5.979 0.0000000000
20719  -33.844  -58.117  -5.793 0.0000000000
20720  -35.178  -58.309  -5.449 0.0000000000
20721  -36.468  -58.632  -5.297 0.0000000000
20722  -37.163  -58.908  -5.316 0.0000000000
20727  -32.334  -58.045  -6.831 0.0000000000
20728  -33.062  -58.366  -6.510 0.0000000000
20729  -34.255  -58.721  -6.166 0.0000000000
20730  -34.925  -58.902  -6.105 0.0000000000
20733  -31.622  -57.874  -7.827 0.0000000000
20734  -32.115  -58.458  -7.577 0.0000000000
20735  -32.748  -58.943  -7.300 0.0000000000
20744  -31.632  -58.116  -8.584 0.0000000000
20745  -31.925  -58.711  -8.451 0.0000000000
20754  -31.742  -57.843  -9.366 0.0000000000
20755  -32.053  -58.104  -9.915 0.0000000000
20756  -40.722  -57.983  -9.622 0.0000000000
20757  -41.393  -58.235  -9.793 0.0000000000
20758  -41.848  -58.209  -10.271 0.0000000000
20766  -32.569  -58.302  -10.618 0.0000000000
20767  -33.153  -58.129  -11.123 0.0000000000
20768  -39.433  -58.081  -10.418 0.0000000000
20769  -40.263  -58.268  -10.223 0.0000000000
20770  -41.341  -58.656  -10.625 0.0000000000
20771  -41.788  -58.483  -11.133 0.0000000000
20781  -32.939  -58.653  -11.167 0.0000000000
20782  -33.605  -58.453  -11.644 0.0000000000
20783  -34.374  -58.254  -12.003 0.0000000000
20784  -38.396  -58.064  -11.384 0.0000000000
20785  -39.154  -58.293  -11.073 0.0000000000
20786  -40.384  -58.741  -11.289 0.0000000000
20787  -41.321  -59.035  -11.603 0.0000000000
20788  -41.649  -58.790  -12.069 0.0000000000
20801  -34.052  -58.734  -12.253 0.0000000000
20802  -34.830  -58.450  -12.699 0.0000000000
20803  -36.045  -58.204  -12.725 0.0000000000
20804  -37.067  -58.289  -12.509 0.0000000000
20805  -38.177  -58.338  -12.058 0.0000000000
20806  -39.429  -58.775  -12.085 0.0000000000
20820  -34.830  -58.919  -13.251 0.0000000000
20821  -35.451  -58.828  -13.464 0.0000000000
20822  -36.523  -58.570  -13.296 0.0000000000
20823  -37.549  -58.635  -13.089 0.0000000000
20824  -38.694  -58.907  -13.036 0.0000000000
20840  -35.592  -59.214  -13.915 0.0000000000
20841  -36.094  -59.036  -13.923 0.0000000000
20842  -36.993  -58.883  -13.878 0.0000000000
21710  -33.342  -57.238  -0.972 0.0000000000
21711  -34.360  -57.237  -0.690 0.0000000000
21712  -35.386  -57.148  -0.531 0.0000000000
21713  -36.410  -57.068  -0.521 0.0000000000
21714  -37.407  -56.952  -0.689 0.0000000000
21732  -32.481  -57.234  -2.117 0.0000000000
21733  -33.209  -57.547  -1.909 0.0000000000
21734  -34.146  -57.650  -1.621 0.0000000000
21735  -34.987  -57.641  -1.238 0.0000000000
21736  -35.894  -57.768  -1.056 0.0000000000
21752  -32.119  -57.070  -2.769 0.0000000000
21753  -32.980  -57.456  -2.836 0.0000000000
21754  -34.095  -57.672  -2.699 0.0000000000
21755  -34.691  -57.640  -3.038 0.0000000000
21767  -31.865  -56.903  -3.337 0.0000000000
21768  -32.554  -57.104  -3.815 0.0000000000
21769  -33.709  -57.413  -3.709 0.0000000000
21770  -34.749  -57.597  -3.666 0.0000000000
21771  -35.545  -57.791  -4.102 0.0000000000
21772  -35.901  -57.964  -4.361 0.0000000000
21783  -32.659  -57.044  -4.826 0.0000000000
21784  -33.464  -57.305  -4.666 0.0000000000
21785  -34.350  -57.529  -4.512 0.0000000000
21786  -35.123  -57.787  -4.632 0.0000000000
21787  -35.629  -57.944  -4.577 0.0000000000
21796  -32.399  -57.058  -5.458 0.0000000000
21797  -33.147  -57.546  -5.710 0.0000000000
21798  -34.153  -57.691  -5.220 0.0000000000
21799  -34.732  -57.758  -4.990 0.0000000000
21802  -31.716  -57.240  -6.607 0.0000000000
21803  -32.171  -57.449  -6.285 0.0000000000
21804  -32.794  -57.773  -6.163 0.0000000000
21808  -31.655  -57.463  -7.139 0.0000000000
21809  -32.050  -57.860  -6.962 0.0000000000
21819  -31.380  -57.295  -8.061 0.0000000000
21820  -40.181  -57.187  -8.943 0.0000000000
21821  -40.706  -57.266  -8.800 0.0000000000
21822  -41.637  -57.364  -8.686 0.0000000000
21828  -31.545  -57.119  -9.056 0.0000000000
21829  -31.945  -57.355  -9.810 0.0000000000
21830  -37.792  -56.774  -9.748 0.0000000000
21831  -38.477  -57.137  -9.665 0.0000000000
21832  -39.881  -57.528  -9.424 0.0000000000
21833  -41.157  -57.716  -9.232 0.0000000000
21834  -42.023  -57.559  -9.461 0.0000000000
21844  -32.415  -57.525  -10.307 0.0000000000
21845  -33.142  -57.471  -10.791 0.0000000000
21846  -34.068  -57.158  -10.994 0.0000000000
21847  -35.044  -57.071  -10.967 0.0000000000
21848  -36.089  -57.050  -10.818 0.0000000000
21849  -37.369  -57.139  -10.380 0.0000000000
21850  -38.747  -57.759  -10.389 0.0000000000
21851  -39.575  -57.935  -10.085 0.0000000000
21852  -41.234  -57.245  -10.859 0.0000000000
21853  -41.911  -57.657  -10.662 0.0000000000
21865  -33.669  -57.775  -11.236 0.0000000000
21866  -34.437  -57.693  -11.505 0.0000000000
21867  -35.462  -57.496  -11.440 0.0000000000
21868  -36.523  -57.546  -11.316 0.0000000000
21869  -37.742  -57.796  -11.333 0.0000000000
21870  -38.509  -57.948  -11.045 0.0000000000
21871  -40.113  -57.103  -12.132 0.0000000000
21872  -40.971  -57.439  -11.669 0.0000000000
21873  -41.759  -58.176  -11.784 0.0000000000
21884  -34.944  -57.882  -11.981 0.0000000000
21885  -35.747  -57.854  -12.049 0.0000000000
21886  -36.748  -57.969  -11.966 0.0000000000
21887  -37.419  -58.097  -11.961 0.0000000000
21889  -41.395  -57.945  -12.774 0.0000000000
22771  -32.685  -55.706  -0.057 0.0000000000
22772  -33.257  -55.828  0.126 0.0000000000
22773  -34.260  -55.775  0.243 0.0000000000
22774  -35.232  -55.616  0.156 0.0000000000
22791  -31.747  -56.138  -1.088 0.0000000000
22792  -32.491  -56.340  -0.618 0.0000000000
22793  -33.705  -56.572  -0.233 0.0000000000
22794  -34.802  -56.472  -0.119 0.0000000000
22795  -35.944  -56.110  -0.215 0.0000000000
22796  -36.921  -56.113  -0.449 0.0000000000
22811  -30.876  -56.148  -2.208 0.0000000000
22812  -31.742  -56.659  -1.739 0.0000000000
22813  -32.603  -57.069  -1.433 0.0000000000
22823  -30.796  -56.105  -3.156 0.0000000000
22824  -31.404  -56.653  -2.837 0.0000000000
22836  -30.834  -55.873  -4.096 0.0000000000
22837  -31.560  -56.611  -3.936 0.0000000000
22838  -32.190  -56.880  -4.368 0.0000000000
22853  -30.860  -55.681  -4.629 0.0000000000
22854  -31.370  -56.131  -4.952 0.0000000000
22855  -32.026  -56.713  -4.855 0.0000000000
22864  -31.592  -56.377  -5.772 0.0000000000
22865  -31.921  -56.713  -5.564 0.0000000000
22868  -31.492  -56.706  -6.467 0.0000000000
22869  -31.784  -56.805  -6.015 0.0000000000
22876  -31.201  -56.571  -7.410 0.0000000000
22886  -31.284  -56.376  -8.376 0.0000000000
22887  -38.969  -56.295  -8.894 0.0000000000
22888  -39.959  -56.725  -8.710 0.0000000000
22889  -41.239  -56.756  -8.321 0.0000000000
22890  -42.202  -56.890  -8.432 0.0000000000
22896  -31.601  -56.244  -9.107 0.0000000000
22897  -32.101  -56.468  -9.751 0.0000000000
22898  -33.063  -56.048  -10.084 0.0000000000
22899  -34.105  -55.973  -10.085 0.0000000000
22900  -35.104  -55.938  -10.052 0.0000000000
22901  -36.089  -56.008  -9.935 0.0000000000
22902  -37.145  -56.305  -9.725 0.0000000000
22903  -38.209  -56.393  -9.328 0.0000000000
22904  -39.087  -56.828  -9.173 0.0000000000
22905  -41.570  -56.474  -9.674 0.0000000000
22906  -42.171  -56.632  -9.330 0.0000000000
22916  -32.243  -57.042  -10.119 0.0000000000
22917  -32.718  -56.846  -10.348 0.0000000000
22918  -33.607  -56.661  -10.514 0.0000000000
22919  -34.594  -56.556  -10.515 0.0000000000
22920  -35.583  -56.527  -10.448 0.0000000000
22921  -36.478  -56.594  -10.283 0.0000000000
22922  -40.299  -56.447  -10.667 0.0000000000
22923  -41.125  -56.691  -10.283 0.0000000000
22924  -42.003  -57.171  -9.907 0.0000000000
22935  -39.318  -56.239  -11.597 0.0000000000
22936  -39.915  -56.577  -11.317 0.0000000000
22937  -40.818  -56.994  -11.012 0.0000000000
22945  -39.097  -56.231  -12.048 0.0000000000
22946  -39.524  -56.722  -12.576 0.0000000000
23825  -32.943  -55.162  0.194 0.0000000000
23826  -33.790  -55.031  0.393 0.0000000000
23827  -34.884  -54.856  0.451 0.0000000000
23828  -36.246  -54.814  0.104 0.0000000000
23845  -31.844  -55.721  -0.830 0.0000000000
23846  -32.281  -55.321  -0.313 0.0000000000
23847  -36.603  -55.503  -0.270 0.0000000000
23848  -37.232  -55.221  -0.311 0.0000000000
23864  -30.745  -55.603  -1.987 0.0000000000
23865  -31.202  -55.654  -1.422 0.0000000000
23877  -30.606  -55.464  -2.549 0.0000000000
23893  -30.474  -55.295  -3.429 0.0000000000
23911  -30.509  -55.105  -4.443 0.0000000000
23912  -30.886  -55.561  -5.035 0.0000000000
23919  -30.676  -55.068  -5.394 0.0000000000
23920  -31.100  -55.826  -5.796 0.0000000000
23926  -30.784  -55.126  -6.231 0.0000000000
23927  -31.002  -55.835  -6.755 0.0000000000
23935  -30.852  -55.105  -6.936 0.0000000000
23936  -31.062  -55.498  -7.693 0.0000000000
23945  -31.628  -55.407  -8.763 0.0000000000
23946  -32.139  -55.014  -8.964 0.0000000000
23947  -39.259  -55.670  -8.603 0.0000000000
23948  -40.495  -55.931  -8.249 0.0000000000
23949  -41.734  -56.094  -7.731 0.0000000000
23950  -42.312  -56.045  -8.464 0.0000000000
23960  -31.875  -55.860  -9.331 0.0000000000
23961  -32.485  -55.425  -9.392 0.0000000000
23962  -33.609  -55.369  -9.593 0.0000000000
23963  -34.600  -55.337  -9.620 0.0000000000
23964  -35.553  -55.315  -9.585 0.0000000000
23965  -36.551  -55.382  -9.484 0.0000000000
23966  -37.609  -55.534  -9.285 0.0000000000
23967  -38.455  -55.748  -8.976 0.0000000000
23968  -40.353  -55.603  -10.007 0.0000000000
23969  -41.284  -56.015  -9.550 0.0000000000
23970  -42.201  -55.989  -9.077 0.0000000000
23984  -39.329  -55.459  -10.913 0.0000000000
23985  -39.978  -56.045  -10.468 0.0000000000
23986  -40.604  -56.123  -10.003 0.0000000000
23995  -39.120  -55.861  -11.490 0.0000000000
23996  -39.462  -56.040  -10.978 0.0000000000
24004  -38.644  -55.460  -12.424 0.0000000000
24888  -32.655  -54.573  0.012 0.0000000000
24889  -33.316  -54.411  0.308 0.0000000000
24890  -34.247  -54.093  0.555 0.0000000000
24891  -35.459  -53.851  0.681 0.0000000000
24908  -31.719  -55.061  -0.907 0.0000000000
24909  -32.187  -54.573  -0.620 0.0000000000
24924  -30.745  -55.033  -1.967 0.0000000000
24925  -31.363  -54.600  -1.534 0.0000000000
24926  -31.812  -54.549  -1.060 0.0000000000
24942  -30.568  -54.498  -2.749 0.0000000000
24943  -30.917  -54.498  -2.068 0.0000000000
24962  -30.342  -54.568  -3.681 0.0000000000
24976  -30.288  -54.263  -4.274 0.0000000000
24979  -30.404  -54.361  -5.017 0.0000000000
24984  -30.556  -54.386  -5.867 0.0000000000
24993  -30.760  -54.445  -6.634 0.0000000000
24994  -31.007  -54.515  -7.318 0.0000000000
24995  -43.346  -55.176  -7.623 0.0000000000
24996  -43.988  -55.081  -7.552 0.0000000000
25007  -31.418  -54.557  -8.038 0.0000000000
25008  -32.038  -54.502  -8.572 0.0000000000
25009  -32.820  -54.178  -8.637 0.0000000000
25010  -33.695  -54.051  -8.794 0.0000000000
25011  -34.581  -54.053  -8.986 0.0000000000
25012  -35.258  -54.117  -9.103 0.0000000000
25013  -39.093  -55.002  -8.650 0.0000000000
25014  -39.776  -55.085  -8.413 0.0000000000
25015  -40.814  -55.156  -8.103 0.0000000000
25016  -41.754  -55.181  -8.054 0.0000000000
25017  -42.595  -55.132  -7.754 0.0000000000
25018  -43.628  -55.302  -7.911 0.0000000000
25033  -32.535  -54.769  -8.954 0.0000000000
25034  -33.209  -54.725  -9.140 0.0000000000
25035  -34.128  -54.692  -9.247 0.0000000000
25036  -35.014  -54.668  -9.292 0.0000000000
25037  -35.876  -54.522  -9.236 0.0000000000
25038  -36.965  -54.590  -9.206 0.0000000000
25039  -38.275  -54.796  -8.957 0.0000000000
25040  -40.212  -55.250  -10.042 0.0000000000
25041  -40.627  -55.235  -9.686 0.0000000000
25042  -41.920  -55.040  -8.931 0.0000000000
25043  -43.146  -54.737  -8.815 0.0000000000
25044  -44.235  -54.601  -8.857 0.0000000000
25064  -39.235  -55.061  -10.885 0.0000000000
25065  -39.742  -54.930  -10.370 0.0000000000
25066  -40.819  -54.554  -9.909 0.0000000000
25067  -41.650  -54.259  -9.941 0.0000000000
25077  -38.848  -54.800  -11.437 0.0000000000
25078  -39.378  -54.358  -11.038 0.0000000000
25085  -37.789  -53.754  -13.283 0.0000000000
25086  -38.050  -54.385  -12.920 0.0000000000
25094  -37.886  -53.875  -13.673 0.0000000000
25992  -32.988  -54.109  0.144 0.0000000000
25993  -33.482  -53.549  0.259 0.0000000000
25994  -34.656  -53.070  0.728 0.0000000000
26012  -32.751  -54.007  -0.332 0.0000000000
26013  -33.153  -53.167  -0.583 0.0000000000
26031  -31.570  -54.192  -1.668 0.0000000000
26032  -32.120  -54.020  -1.299 0.0000000000
26033  -32.913  -53.395  -1.603 0.0000000000
26051  -30.709  -53.640  -2.856 0.0000000000
26052  -31.305  -53.964  -2.210 0.0000000000
26053  -32.204  -53.508  -2.220 0.0000000000
26054  -33.159  -53.443  -2.513 0.0000000000
26055  -33.643  -53.479  -3.123 0.0000000000
26074  -30.364  -53.708  -3.629 0.0000000000
26075  -32.546  -53.347  -2.814 0.0000000000
26076  -33.089  -53.405  -3.221 0.0000000000
26077  -33.583  -53.393  -3.462 0.0000000000
26092  -30.283  -53.595  -4.660 0.0000000000
26095  -30.402  -53.734  -5.472 0.0000000000
26098  -30.724  -53.522  -6.383 0.0000000000
26099  -31.143  -52.941  -6.739 0.0000000000
26110  -30.901  -53.982  -6.989 0.0000000000
26111  -31.461  -53.506  -7.424 0.0000000000
26112  -32.351  -53.012  -7.779 0.0000000000
26113  -32.831  -52.720  -7.854 0.0000000000
26114  -43.246  -54.443  -7.589 0.0000000000
26115  -44.270  -54.264  -7.398 0.0000000000
26130  -31.769  -54.060  -8.077 0.0000000000
26131  -32.239  -53.726  -8.165 0.0000000000
26132  -33.176  -53.289  -8.211 0.0000000000
26133  -34.185  -53.372  -8.593 0.0000000000
26134  -35.131  -53.424  -8.972 0.0000000000
26135  -35.601  -53.925  -9.095 0.0000000000
26136  -39.116  -54.416  -8.769 0.0000000000
26137  -39.944  -54.311  -8.526 0.0000000000
26138  -40.769  -54.069  -8.396 0.0000000000
26139  -41.709  -54.126  -8.010 0.0000000000
26140  -42.391  -54.066  -7.809 0.0000000000
26159  -35.561  -53.074  -9.165 0.0000000000
26160  -36.115  -53.603  -9.216 0.0000000000
26161  -37.337  -53.718  -9.239 0.0000000000
26162  -38.383  -53.675  -9.139 0.0000000000
26163  -39.277  -53.576  -8.988 0.0000000000
26164  -39.946  -53.558  -8.738 0.0000000000
26165  -42.628  -54.267  -9.851 0.0000000000
26166  -43.781  -54.276  -9.925 0.0000000000
26187  -40.338  -54.307  -10.440 0.0000000000
26188  -40.957  -53.948  -10.496 0.0000000000
26189  -41.989  -53.766  -10.638 0.0000000000
26204  -39.110  -53.829  -11.397 0.0000000000
26205  -40.007  -53.884  -10.953 0.0000000000
26206  -41.185  -53.463  -11.279 0.0000000000
26217  -37.782  -53.469  -12.891 0.0000000000
26218  -38.278  -53.710  -12.007 0.0000000000
26230  -37.628  -53.294  -13.725 0.0000000000
26231  -37.872  -53.693  -14.245 0.0000000000
26244  -37.571  -53.267  -14.606 0.0000000000
27178  -33.844  -52.375  0.396 0.0000000000
27198  -33.523  -52.133  -0.339 0.0000000000
27216  -33.294  -52.491  -1.176 0.0000000000
27217  -33.703  -52.530  -1.834 0.0000000000
27236  -30.974  -53.375  -2.702 0.0000000000
27237  -31.397  -53.203  -2.678 0.0000000000
27238  -31.970  -53.077  -2.786 0.0000000000
27239  -33.436  -53.114  -1.951 0.0000000000
27240  -34.045  -53.082  -2.579 0.0000000000
27241  -35.166  -52.936  -3.002 0.0000000000
27242  -36.269  -52.923  -3.327 0.0000000000
27267  -30.735  -52.835  -3.228 0.0000000000
27268  -31.474  -52.574  -3.085 0.0000000000
27269  -32.346  -52.722  -3.213 0.0000000000
27270  -33.290  -52.936  -3.816 0.0000000000
27271  -34.304  -53.290  -3.602 0.0000000000
27272  -35.614  -53.194  -3.757 0.0000000000
27273  -36.699  -53.234  -3.912 0.0000000000
27298  -30.330  -52.756  -4.246 0.0000000000
27299  -34.142  -52.744  -4.267 0.0000000000
27300  -35.097  -52.920  -4.199 0.0000000000
27301  -36.153  -52.938  -4.231 0.0000000000
27312  -30.386  -52.828  -5.379 0.0000000000
27319  -30.815  -52.477  -6.251 0.0000000000
27320  -31.639  -52.291  -6.864 0.0000000000
27321  -32.156  -51.705  -7.062 0.0000000000
27335  -31.975  -52.735  -7.405 0.0000000000
27336  -32.508  -52.180  -7.502 0.0000000000
27337  -33.262  -52.382  -7.993 0.0000000000
27338  -43.532  -53.017  -7.556 0.0000000000
27360  -33.849  -52.716  -8.289 0.0000000000
27361  -34.545  -52.623  -8.613 0.0000000000
27362  -35.242  -52.563  -8.993 0.0000000000
27363  -39.983  -52.470  -8.705 0.0000000000
27364  -40.793  -52.853  -8.449 0.0000000000
27365  -41.795  -52.948  -8.073 0.0000000000
27366  -42.627  -53.124  -7.737 0.0000000000
27385  -35.862  -52.641  -9.319 0.0000000000
27386  -36.675  -52.778  -9.507 0.0000000000
27387  -37.671  -52.775  -9.501 0.0000000000
27388  -38.660  -52.726  -9.327 0.0000000000
27389  -39.556  -52.750  -9.038 0.0000000000
27390  -40.229  -53.126  -8.737 0.0000000000
27417  -39.546  -53.428  -11.398 0.0000000000
27418  -40.170  -53.175  -11.505 0.0000000000
27419  -41.018  -53.165  -11.907 0.0000000000
27428  -38.063  -52.929  -12.419 0.0000000000
27429  -39.034  -52.845  -11.788 0.0000000000
27430  -40.337  -52.650  -12.102 0.0000000000
27447  -37.680  -52.661  -13.214 0.0000000000
27467  -37.060  -52.243  -14.852 0.0000000000
27468  -37.280  -52.420  -14.342 0.0000000000
27482  -37.297  -52.903  -14.950 0.0000000000
28350  -33.764  -51.348  0.312 0.0000000000
28351  -34.275  -51.765  0.834 0.0000000000
28367  -33.570  -51.455  -0.604 0.0000000000
28384  -33.715  -51.652  -1.370 0.0000000000
28385  -34.190  -52.023  -2.002 0.0000000000
28410  -34.701  -52.462  -2.432 0.0000000000
28411  -35.261  -52.266  -2.461 0.0000000000
28412  -35.959  -52.398  -2.640 0.0000000000
28431  -31.036  -52.024  -3.421 0.0000000000
28432  -31.645  -51.774  -3.418 0.0000000000
28433  -32.539  -51.708  -3.509 0.0000000000
28434  -33.575  -51.807  -4.040 0.0000000000
28435  -34.394  -51.517  -4.283 0.0000000000
28436  -35.147  -51.566  -4.484 0.0000000000
28461  -30.585  -51.933  -3.943 0.0000000000
28462  -34.172  -52.151  -4.388 0.0000000000
28463  -34.751  -52.265  -4.476 0.0000000000
28464  -35.708  -52.253  -4.623 0.0000000000
28473  -30.372  -51.868  -4.871 0.0000000000
28474  -30.624  -51.434  -5.402 0.0000000000
28482  -30.551  -51.986  -5.642 0.0000000000
28483  -31.021  -51.481  -6.116 0.0000000000
28484  -31.819  -51.239  -6.722 0.0000000000
28499  -32.594  -51.107  -7.264 0.0000000000
28500  -33.242  -51.526  -7.843 0.0000000000
28501  -42.405  -51.040  -7.603 0.0000000000
28502  -43.034  -51.594  -7.576 0.0000000000
28503  -44.140  -51.903  -7.441 0.0000000000
28522  -33.962  -51.865  -8.290 0.0000000000
28523  -34.837  -51.764  -8.742 0.0000000000
28524  -35.551  -51.852  -9.173 0.0000000000
28525  -38.955  -50.934  -8.790 0.0000000000
28526  -39.871  -51.563  -8.572 0.0000000000
28527  -41.013  -51.723  -8.138 0.0000000000
28528  -42.087  -51.740  -7.805 0.0000000000
28529  -42.800  -52.365  -7.670 0.0000000000
28541  -36.194  -51.958  -9.460 0.0000000000
28542  -37.004  -51.904  -9.627 0.0000000000
28543  -37.975  -51.830  -9.496 0.0000000000
28544  -38.996  -51.807  -9.128 0.0000000000
28545  -39.579  -52.134  -8.834 0.0000000000
28568  -38.262  -52.161  -12.677 0.0000000000
28569  -39.441  -51.965  -12.536 0.0000000000
28586  -37.681  -51.831  -13.520 0.0000000000
28587  -38.584  -51.311  -13.351 0.0000000000
28602  -37.020  -51.933  -14.850 0.0000000000
28603  -37.499  -51.523  -14.336 0.0000000000
28604  -37.929  -51.330  -13.825 0.0000000000
28619  -36.927  -51.706  -15.446 0.0000000000
28620  -37.346  -51.400  -15.095 0.0000000000
29512  -33.722  -50.334  0.868 0.0000000000
29530  -33.769  -50.440  -0.118 0.0000000000
29531  -34.026  -50.180  -0.741 0.0000000000
29550  -33.736  -50.836  -0.908 0.0000000000
29551  -34.345  -50.781  -1.455 0.0000000000
29552  -35.170  -50.758  -1.807 0.0000000000
29553  -36.025  -50.753  -1.827 0.0000000000
29577  -34.841  -51.605  -2.136 0.0000000000
29578  -35.615  -51.549  -2.235 0.0000000000
29579  -36.479  -51.579  -2.311 0.0000000000
29594  -31.010  -51.219  -3.698 0.0000000000
29595  -31.818  -50.474  -3.625 0.0000000000
29596  -32.916  -50.514  -3.527 0.0000000000
29597  -33.952  -50.568  -3.767 0.0000000000
29598  -34.956  -50.676  -4.017 0.0000000000
29626  -30.625  -51.178  -4.475 0.0000000000
29627  -31.045  -50.444  -4.264 0.0000000000
29635  -30.539  -51.257  -5.013 0.0000000000
29636  -30.877  -50.708  -5.273 0.0000000000
29642  -31.504  -50.557  -6.141 0.0000000000
29643  -32.199  -50.422  -6.727 0.0000000000
29657  -32.771  -50.226  -7.200 0.0000000000
29658  -33.491  -50.492  -7.782 0.0000000000
29659  -34.161  -50.203  -8.117 0.0000000000
29660  -40.930  -50.004  -7.706 0.0000000000
29661  -41.851  -50.418  -7.602 0.0000000000
29662  -42.729  -50.486  -7.517 0.0000000000
29663  -43.664  -50.727  -7.458 0.0000000000
29664  -44.731  -50.957  -7.414 0.0000000000
29681  -33.715  -51.178  -8.135 0.0000000000
29682  -34.300  -50.884  -8.420 0.0000000000
29683  -35.456  -50.848  -8.958 0.0000000000
29684  -36.496  -50.351  -9.045 0.0000000000
29685  -37.465  -50.213  -8.894 0.0000000000
29686  -38.394  -50.175  -8.646 0.0000000000
29687  -39.351  -50.281  -8.404 0.0000000000
29688  -40.367  -50.476  -8.085 0.0000000000
29689  -41.238  -50.853  -7.860 0.0000000000
29701  -35.877  -51.450  -9.254 0.0000000000
29702  -36.363  -51.228  -9.333 0.0000000000
29703  -37.240  -51.037  -9.340 0.0000000000
29704  -38.174  -50.964  -9.107 0.0000000000
29749  -38.657  -50.958  -13.772 0.0000000000
29750  -39.202  -50.888  -13.777 0.0000000000
29765  -37.707  -51.144  -14.747 0.0000000000
29766  -38.348  -50.904  -14.304 0.0000000000
29784  -37.838  -50.884  -15.308 0.0000000000
30650  -33.938  -49.476  0.523 0.0000000000
30651  -34.301  -49.207  0.007 0.0000000000
30667  -34.084  -49.717  -0.229 0.0000000000
30668  -34.739  -49.506  -0.718 0.0000000000
30669  -35.822  -49.329  -0.836 0.0000000000
30691  -34.894  -50.196  -1.402 0.0000000000
30692  -35.495  -50.025  -1.369 0.0000000000
30693  -36.427  -49.980  -1.350 0.0000000000
30712  -34.019  -48.699  -2.974 0.0000000000
30713  -34.485  -48.772  -3.044 0.0000000000
30730  -31.978  -49.633  -3.896 0.0000000000
30731  -32.550  -49.277  -3.664 0.0000000000
30732  -33.499  -49.476  -3.301 0.0000000000
30733  -34.550  -49.443  -3.376 0.0000000000
30734  -35.597  -49.761  -3.841 0.0000000000
30762  -31.594  -49.781  -4.315 0.0000000000
30763  -32.083  -49.136  -4.354 0.0000000000
30769  -31.278  -50.001  -4.915 0.0000000000
30770  -31.834  -49.373  -5.181 0.0000000000
30774  -31.476  -50.041  -5.544 0.0000000000
30775  -32.047  -49.706  -6.152 0.0000000000
30776  -32.674  -49.203  -6.550 0.0000000000
30792  -32.546  -49.777  -6.800 0.0000000000
30793  -33.209  -49.445  -7.197 0.0000000000
30794  -34.150  -49.495  -7.785 0.0000000000
30795  -34.992  -49.171  -8.102 0.0000000000
30796  -40.037  -49.003  -7.707 0.0000000000
30797  -40.472  -49.193  -7.664 0.0000000000
30798  -41.394  -49.355  -7.535 0.0000000000
30799  -42.313  -49.538  -7.471 0.0000000000
30800  -43.223  -49.715  -7.497 0.0000000000
30801  -44.249  -49.842  -7.556 0.0000000000
30802  -45.316  -50.219  -7.568 0.0000000000
30823  -34.787  -50.007  -8.363 0.0000000000
30824  -35.770  -49.559  -8.591 0.0000000000
30825  -36.808  -49.492  -8.671 0.0000000000
30826  -37.745  -49.362  -8.491 0.0000000000
30827  -38.740  -49.342  -8.255 0.0000000000
30828  -39.770  -49.336  -7.902 0.0000000000
30829  -40.378  -49.744  -7.828 0.0000000000
30830  -44.975  -49.461  -7.715 0.0000000000
30831  -45.875  -49.630  -7.844 0.0000000000
31755  -34.251  -48.930  0.446 0.0000000000
31756  -34.743  -48.670  0.155 0.0000000000
31773  -34.901  -48.944  -0.326 0.0000000000
31774  -35.313  -48.825  -0.327 0.0000000000
31815  -33.940  -47.878  -2.991 0.0000000000
31816  -34.675  -48.177  -2.865 0.0000000000
31817  -35.665  -48.095  -2.750 0.0000000000
31840  -32.762  -48.370  -3.741 0.0000000000
31841  -33.286  -48.407  -3.312 0.0000000000
31842  -34.740  -48.799  -3.112 0.0000000000
31843  -35.231  -48.839  -3.249 0.0000000000
31869  -32.448  -48.511  -4.212 0.0000000000
31875  -32.383  -48.472  -4.984 0.0000000000
31876  -32.831  -48.104  -5.661 0.0000000000
31880  -32.452  -48.833  -5.882 0.0000000000
31881  -33.319  -48.406  -6.542 0.0000000000
31882  -34.106  -48.172  -7.055 0.0000000000
31892  -33.857  -48.769  -7.269 0.0000000000
31893  -34.657  -48.478  -7.524 0.0000000000
31894  -35.707  -48.455  -8.023 0.0000000000
31895  -36.544  -48.315  -8.179 0.0000000000
31896  -38.326  -47.589  -7.766 0.0000000000
31897  -38.955  -47.873  -7.749 0.0000000000
31898  -39.901  -48.466  -7.654 0.0000000000
31899  -40.958  -48.449  -7.527 0.0000000000
31900  -41.924  -48.558  -7.475 0.0000000000
31901  -42.868  -48.760  -7.479 0.0000000000
31902  -43.639  -49.051  -7.569 0.0000000000
31903  -44.334  -48.901  -7.724 0.0000000000
31922  -36.364  -48.888  -8.401 0.0000000000
31923  -37.086  -48.720  -8.362 0.0000000000
31924  -38.010  -48.297  -8.035 0.0000000000
31925  -39.163  -48.689  -7.907 0.0000000000
31926  -39.605  -48.833  -7.802 0.0000000000
31927  -45.171  -48.819  -8.058 0.0000000000
31928  -46.288  -48.884  -8.311 0.0000000000
32841  -33.929  -47.379  -3.009 0.0000000000
32842  -34.364  -47.227  -2.761 0.0000000000
32843  -35.171  -47.239  -2.412 0.0000000000
32866  -33.020  -47.866  -3.668 0.0000000000
32867  -33.531  -47.420  -3.401 0.0000000000
32868  -33.935  -46.994  -3.070 0.0000000000
32890  -32.725  -47.916  -4.152 0.0000000000
32891  -33.093  -47.384  -4.028 0.0000000000
32895  -32.587  -48.093  -4.565 0.0000000000
32896  -32.890  -47.554  -4.873 0.0000000000
32900  -33.426  -47.483  -5.836 0.0000000000
32901  -34.242  -47.443  -6.626 0.0000000000
32902  -34.863  -46.919  -6.728 0.0000000000
32914  -34.551  -47.867  -7.143 0.0000000000
32915  -35.231  -47.436  -7.260 0.0000000000
32916  -36.547  -47.531  -7.761 0.0000000000
32917  -37.663  -47.243  -7.697 0.0000000000
32918  -38.667  -46.925  -7.584 0.0000000000
32919  -39.646  -47.266  -7.539 0.0000000000
32920  -40.578  -47.499  -7.525 0.0000000000
32921  -41.517  -47.620  -7.554 0.0000000000
32922  -42.544  -47.678  -7.612 0.0000000000
32923  -43.604  -48.158  -7.683 0.0000000000
32924  -44.458  -48.224  -8.032 0.0000000000
32934  -37.098  -48.089  -8.131 0.0000000000
32935  -37.330  -47.770  -7.938 0.0000000000
32936  -43.279  -47.284  -7.934 0.0000000000
32937  -44.071  -47.496  -8.209 0.0000000000
32938  -45.267  -47.782  -8.551 0.0000000000
32939  -46.562  -48.110  -8.940 0.0000000000
32958  -46.036  -47.323  -9.189 0.0000000000
33804  -34.309  -46.527  -2.952 0.0000000000
33805  -34.843  -46.470  -2.572 0.0000000000
33806  -35.645  -46.277  -2.261 0.0000000000
33821  -33.431  -47.021  -3.839 0.0000000000
33822  -33.864  -46.564  -3.643 0.0000000000
33840  -33.404  -46.873  -4.359 0.0000000000
33841  -33.968  -46.296  -4.562 0.0000000000
33847  -33.574  -46.787  -5.209 0.0000000000
33848  -34.381  -46.242  -5.428 0.0000000000
33849  -34.940  -45.970  -5.981 0.0000000000
33853  -33.976  -46.834  -5.930 0.0000000000
33854  -34.608  -46.580  -6.265 0.0000000000
33855  -35.440  -46.309  -6.619 0.0000000000
33856  -36.244  -46.093  -6.902 0.0000000000
33868  -36.039  -46.718  -7.231 0.0000000000
33869  -36.881  -46.398  -7.312 0.0000000000
33870  -37.891  -46.199  -7.425 0.0000000000
33871  -38.688  -46.016  -7.425 0.0000000000
33872  -39.450  -46.261  -7.461 0.0000000000
33873  -40.299  -46.527  -7.513 0.0000000000
33874  -41.162  -46.620  -7.654 0.0000000000
33875  -41.947  -46.943  -7.716 0.0000000000
33888  -41.859  -46.231  -7.941 0.0000000000
33889  -42.633  -46.615  -8.066 0.0000000000
33890  -43.541  -46.609  -8.488 0.0000000000
33891  -44.422  -46.960  -8.711 0.0000000000
33899  -44.218  -46.244  -8.953 0.0000000000
33900  -45.218  -46.609  -9.238 0.0000000000
34753  -34.670  -46.112  -2.839 0.0000000000
34754  -35.179  -45.582  -2.819 0.0000000000
34755  -36.177  -45.236  -2.367 0.0000000000
34767  -34.487  -45.976  -3.250 0.0000000000
34768  -34.870  -45.528  -3.575 0.0000000000
34785  -34.387  -45.870  -3.984 0.0000000000
34786  -34.957  -45.421  -4.278 0.0000000000
34792  -34.556  -45.849  -4.696 0.0000000000
34793  -35.146  -45.513  -5.221 0.0000000000
34794  -35.707  -45.115  -5.686 0.0000000000
34797  -35.454  -45.591  -6.028 0.0000000000
34798  -36.244  -45.295  -6.403 0.0000000000
34799  -36.839  -44.788  -6.590 0.0000000000
34808  -36.640  -45.776  -6.911 0.0000000000
34809  -37.218  -45.323  -7.012 0.0000000000
34810  -38.240  -45.329  -7.288 0.0000000000
34811  -39.140  -45.336  -7.410 0.0000000000
34812  -40.179  -45.456  -7.598 0.0000000000
34813  -40.709  -46.034  -7.662 0.0000000000
34826  -40.635  -44.998  -7.907 0.0000000000
34827  -41.172  -45.508  -8.000 0.0000000000
34828  -42.350  -45.514  -8.456 0.0000000000
34829  -42.955  -46.082  -8.519 0.0000000000
34839  -42.784  -45.030  -8.890 0.0000000000
34840  -43.407  -45.536  -8.964 0.0000000000
34841  -44.625  -45.536  -9.361 0.0000000000
35808  -35.871  -44.676  -2.911 0.0000000000
35822  -35.462  -44.907  -3.706 0.0000000000
35823  -36.151  -44.046  -3.562 0.0000000000
35840  -35.436  -44.998  -4.560 0.0000000000
35841  -35.930  -44.273  -4.539 0.0000000000
35851  -35.659  -44.853  -5.118 0.0000000000
35852  -36.119  -44.407  -5.573 0.0000000000
35856  -36.655  -44.319  -6.189 0.0000000000
35857  -37.344  -44.285  -6.612 0.0000000000
35858  -38.016  -44.076  -6.899 0.0000000000
35866  -37.877  -44.678  -7.053 0.0000000000
35867  -38.631  -44.434  -7.244 0.0000000000
35868  -39.563  -44.495  -7.540 0.0000000000
35869  -40.301  -44.477  -7.866 0.0000000000
35882  -40.907  -44.523  -8.198 0.0000000000
35883  -41.663  -44.588  -8.460 0.0000000000
35884  -42.414  -44.508  -8.807 0.0000000000
35896  -43.091  -44.530  -9.168 0.0000000000
35897  -44.006  -44.601  -9.367 0.0000000000
35898  -45.104  -44.608  -9.646 0.0000000000
36897  -36.704  -43.100  -3.450 0.0000000000
36913  -36.266  -43.398  -4.177 0.0000000000
36924  -36.459  -43.351  -5.141 0.0000000000
36925  -36.861  -42.886  -5.509 0.0000000000
36928  -36.536  -43.850  -5.755 0.0000000000
36929  -37.004  -43.379  -6.023 0.0000000000
36930  -37.764  -43.440  -6.613 0.0000000000
36941  -38.409  -43.516  -7.058 0.0000000000
36942  -39.148  -43.603  -7.408 0.0000000000
36943  -39.940  -43.629  -7.798 0.0000000000
36958  -40.593  -43.729  -8.217 0.0000000000
36959  -41.221  -43.766  -8.478 0.0000000000
36960  -41.962  -43.699  -8.743 0.0000000000
36978  -42.714  -43.726  -9.084 0.0000000000
36979  -43.499  -43.740  -9.316 0.0000000000
36980  -44.445  -43.685  -9.539 0.0000000000
36981  -45.508  -43.703  -9.897 0.0000000000
37893  -36.867  -42.530  -3.719 0.0000000000
37911  -36.675  -42.549  -4.299 0.0000000000
37912  -36.998  -42.197  -3.870 0.0000000000
37921  -36.867  -42.389  -5.109 0.0000000000
37922  -37.199  -42.494  -5.730 0.0000000000
37925  -37.625  -42.643  -6.290 0.0000000000
37926  -38.208  -42.749  -6.773 0.0000000000
37938  -38.793  -42.809  -7.195 0.0000000000
37939  -39.562  -42.754  -7.551 0.0000000000
37940  -40.542  -42.741  -8.091 0.0000000000
37941  -41.132  -42.410  -8.177 0.0000000000
37955  -40.903  -43.246  -8.418 0.0000000000
37956  -41.417  -42.847  -8.515 0.0000000000
37957  -42.472  -42.860  -8.817 0.0000000000
37958  -43.189  -42.641  -8.987 0.0000000000
37982  -43.105  -43.138  -9.146 0.0000000000
37983  -43.789  -42.879  -9.314 0.0000000000
37984  -44.873  -42.760  -9.619 0.0000000000
37985  -45.899  -42.832  -10.166 0.0000000000
39022  -36.898  -42.142  -4.671 0.0000000000
39023  -37.196  -41.829  -4.355 0.0000000000
39024  -37.961  -41.178  -4.510 0.0000000000
39035  -37.020  -41.948  -4.896 0.0000000000
39036  -37.453  -41.723  -5.367 0.0000000000
39037  -38.547  -40.991  -5.469 0.0000000000
39038  -39.276  -40.796  -5.604 0.0000000000
39039  -42.180  -41.285  -6.303 0.0000000000
39040  -42.794  -41.304  -6.088 0.0000000000
39041  -43.536  -41.261  -5.882 0.0000000000
39042  -43.960  -41.094  -5.751 0.0000000000
39054  -37.551  -42.109  -6.008 0.0000000000
39055  -38.226  -41.854  -6.391 0.0000000000
39056  -39.496  -41.208  -6.336 0.0000000000
39057  -40.687  -41.386  -6.749 0.0000000000
39058  -41.714  -41.419  -6.816 0.0000000000
39059  -42.645  -41.506  -6.825 0.0000000000
39060  -43.537  -41.575  -6.572 0.0000000000
39061  -44.454  -41.443  -6.223 0.0000000000
39062  -45.466  -41.294  -6.546 0.0000000000
39078  -38.560  -42.336  -6.886 0.0000000000
39079  -39.064  -42.056  -7.064 0.0000000000
39080  -40.068  -41.942  -7.317 0.0000000000
39081  -41.209  -41.928  -7.736 0.0000000000
39082  -42.320  -41.723  -7.680 0.0000000000
39083  -43.361  -41.601  -7.590 0.0000000000
39084  -44.340  -41.531  -7.335 0.0000000000
39085  -45.165  -41.501  -7.090 0.0000000000
39086  -46.015  -41.298  -7.169 0.0000000000
39098  -41.426  -42.318  -8.199 0.0000000000
39099  -41.979  -42.242  -8.274 0.0000000000
39100  -43.135  -42.083  -8.544 0.0000000000
39101  -44.289  -41.486  -8.500 0.0000000000
39102  -44.974  -41.294  -8.796 0.0000000000
39127  -43.533  -42.392  -9.038 0.0000000000
39128  -44.142  -42.133  -9.176 0.0000000000
39129  -45.585  -41.665  -9.610 0.0000000000
39130  -46.527  -41.424  -10.394 0.0000000000
39147  -46.257  -42.322  -10.404 0.0000000000
40187  -38.807  -40.786  -4.503 0.0000000000
40188  -39.653  -40.557  -4.500 0.0000000000
40189  -40.582  -40.414  -4.669 0.0000000000
40190  -41.598  -40.327  -4.847 0.0000000000
40191  -42.348  -40.421  -5.208 0.0000000000
40202  -39.212  -40.643  -5.106 0.0000000000
40203  -39.927  -40.616  -5.427 0.0000000000
40204  -40.958  -40.668  -5.482 0.0000000000
40205  -41.967  -40.912  -5.714 0.0000000000
40206  -42.842  -40.848  -5.590 0.0000000000
40207  -43.497  -40.664  -5.575 0.0000000000
40208  -44.284  -40.513  -5.733 0.0000000000
40222  -40.456  -40.938  -6.048 0.0000000000
40223  -41.254  -41.108  -6.144 0.0000000000
40224  -41.776  -41.206  -6.212 0.0000000000
40225  -45.016  -40.933  -6.143 0.0000000000
40242  -44.551  -41.265  -7.991 0.0000000000
40243  -44.956  -41.206  -7.842 0.0000000000
40244  -45.632  -41.007  -7.848 0.0000000000
40245  -46.381  -40.866  -7.886 0.0000000000
40255  -44.816  -41.236  -8.350 0.0000000000
40256  -45.367  -41.029  -8.639 0.0000000000
40257  -46.111  -40.713  -8.697 0.0000000000
40280  -45.843  -40.876  -9.252 0.0000000000
40281  -46.648  -40.776  -9.874 0.0000000000
41385  -41.757  -39.972  -4.310 0.0000000000
41397  -42.910  -40.289  -5.266 0.0000000000
