#!ascii label  , from subject ab_data vox2ras=TkReg
2115
13466  -7.596  -65.000  -6.872 0.0000000000
13467  -8.288  -64.793  -7.061 0.0000000000
13486  -8.218  -65.291  -7.474 0.0000000000
13487  -9.154  -64.804  -7.432 0.0000000000
13488  -9.776  -64.647  -7.743 0.0000000000
13497  -7.861  -65.650  -8.324 0.0000000000
13498  -8.960  -65.482  -8.264 0.0000000000
13499  -9.958  -64.990  -8.216 0.0000000000
13500  -10.437  -64.818  -8.628 0.0000000000
13517  -8.486  -65.669  -9.310 0.0000000000
13518  -9.715  -65.344  -9.338 0.0000000000
13519  -10.243  -65.080  -8.848 0.0000000000
13533  -8.970  -65.508  -10.356 0.0000000000
14487  -7.840  -64.314  -6.822 0.0000000000
14488  -8.504  -64.214  -7.052 0.0000000000
14503  -9.083  -64.025  -7.264 0.0000000000
14504  -9.806  -64.151  -7.628 0.0000000000
14505  -10.194  -63.793  -7.823 0.0000000000
14512  -10.095  -64.530  -7.903 0.0000000000
14513  -10.692  -64.208  -8.256 0.0000000000
14514  -11.354  -63.737  -8.756 0.0000000000
14529  -10.294  -65.053  -9.964 0.0000000000
14530  -10.692  -64.816  -9.305 0.0000000000
14531  -11.374  -64.133  -9.223 0.0000000000
14548  -9.812  -65.039  -10.549 0.0000000000
14549  -10.742  -64.498  -10.531 0.0000000000
14550  -11.236  -64.399  -9.822 0.0000000000
15486  -8.023  -63.767  -6.974 0.0000000000
15502  -8.438  -63.486  -7.304 0.0000000000
15503  -9.231  -63.443  -7.582 0.0000000000
15504  -9.819  -63.552  -7.749 0.0000000000
15513  -9.535  -63.132  -7.887 0.0000000000
15514  -10.194  -63.203  -8.070 0.0000000000
15515  -11.156  -63.040  -8.549 0.0000000000
15523  -11.690  -63.303  -9.251 0.0000000000
15533  -11.140  -63.858  -11.036 0.0000000000
15534  -11.585  -63.667  -10.234 0.0000000000
15553  -11.410  -63.359  -11.048 0.0000000000
16510  -8.646  -62.939  -7.820 0.0000000000
16511  -9.158  -62.997  -7.885 0.0000000000
16522  -9.212  -62.547  -8.327 0.0000000000
16523  -10.276  -62.288  -8.561 0.0000000000
16524  -11.125  -62.097  -8.717 0.0000000000
16535  -11.839  -62.250  -9.119 0.0000000000
16536  -12.268  -61.808  -9.731 0.0000000000
16547  -12.138  -62.639  -9.910 0.0000000000
16548  -12.361  -61.854  -10.392 0.0000000000
16562  -11.803  -62.446  -11.047 0.0000000000
16563  -12.304  -61.743  -10.910 0.0000000000
17532  -9.301  -61.456  -8.892 0.0000000000
17533  -10.561  -61.287  -8.810 0.0000000000
17534  -11.430  -61.527  -8.948 0.0000000000
17551  -11.289  -60.868  -8.984 0.0000000000
17552  -12.037  -61.034  -9.361 0.0000000000
17553  -12.514  -61.091  -10.087 0.0000000000
17563  -12.556  -61.149  -10.784 0.0000000000
17572  -11.524  -61.436  -11.813 0.0000000000
17573  -12.215  -61.352  -11.301 0.0000000000
18576  -9.690  -60.375  -8.819 0.0000000000
18577  -10.716  -60.255  -8.880 0.0000000000
18590  -11.518  -60.184  -9.169 0.0000000000
18591  -12.111  -60.091  -9.483 0.0000000000
18592  -12.552  -60.278  -9.874 0.0000000000
18601  -12.873  -60.298  -10.590 0.0000000000
18602  -13.102  -59.967  -10.816 0.0000000000
18609  -12.087  -60.760  -11.762 0.0000000000
18610  -12.666  -60.377  -11.346 0.0000000000
18611  -13.076  -60.061  -11.045 0.0000000000
18620  -11.461  -60.349  -12.130 0.0000000000
18621  -12.238  -60.081  -11.941 0.0000000000
19628  -10.129  -59.415  -8.879 0.0000000000
19640  -10.989  -59.408  -9.155 0.0000000000
19641  -11.745  -59.443  -9.464 0.0000000000
19642  -12.396  -59.489  -9.777 0.0000000000
19652  -12.842  -59.602  -10.250 0.0000000000
19653  -13.068  -59.703  -10.685 0.0000000000
19658  -13.039  -59.633  -11.232 0.0000000000
19659  -13.158  -59.757  -10.951 0.0000000000
19665  -12.016  -59.358  -12.413 0.0000000000
19666  -12.690  -59.444  -11.785 0.0000000000
19667  -16.451  -58.853  -12.777 0.0000000000
19668  -16.941  -59.092  -12.657 0.0000000000
19669  -17.826  -59.389  -12.578 0.0000000000
19670  -18.666  -59.491  -12.694 0.0000000000
20743  -9.657  -58.509  -8.778 0.0000000000
20751  -10.464  -58.579  -9.137 0.0000000000
20752  -11.297  -58.586  -9.508 0.0000000000
20753  -12.038  -58.882  -9.720 0.0000000000
20763  -11.871  -58.273  -9.851 0.0000000000
20764  -12.593  -58.685  -10.230 0.0000000000
20765  -13.026  -59.210  -10.626 0.0000000000
20774  -13.039  -58.730  -11.184 0.0000000000
20775  -13.143  -59.399  -10.931 0.0000000000
20776  -16.585  -57.661  -11.874 0.0000000000
20777  -17.074  -57.915  -11.651 0.0000000000
20778  -17.967  -58.206  -11.457 0.0000000000
20779  -18.969  -58.339  -11.581 0.0000000000
20780  -19.813  -58.168  -11.752 0.0000000000
20793  -11.563  -58.208  -12.998 0.0000000000
20794  -12.611  -58.452  -12.263 0.0000000000
20795  -15.782  -58.241  -12.812 0.0000000000
20796  -16.453  -58.229  -12.355 0.0000000000
20797  -17.433  -58.688  -12.067 0.0000000000
20798  -18.415  -58.925  -12.068 0.0000000000
20799  -19.534  -58.927  -12.533 0.0000000000
20800  -20.449  -58.028  -12.450 0.0000000000
20817  -16.115  -58.689  -12.874 0.0000000000
20819  -20.472  -58.635  -13.606 0.0000000000
21816  -9.251  -57.609  -8.416 0.0000000000
21817  -10.171  -57.647  -8.742 0.0000000000
21818  -10.845  -57.310  -8.921 0.0000000000
21826  -10.761  -57.920  -9.273 0.0000000000
21827  -11.322  -57.574  -9.536 0.0000000000
21838  -11.994  -57.606  -10.167 0.0000000000
21839  -12.606  -57.911  -10.755 0.0000000000
21840  -17.659  -56.642  -10.661 0.0000000000
21841  -18.131  -56.882  -10.596 0.0000000000
21842  -18.938  -57.026  -10.630 0.0000000000
21843  -19.751  -57.092  -10.720 0.0000000000
21857  -12.202  -57.226  -10.802 0.0000000000
21858  -12.584  -57.531  -11.595 0.0000000000
21859  -16.688  -57.150  -11.527 0.0000000000
21860  -17.473  -57.193  -11.010 0.0000000000
21861  -18.491  -57.621  -11.006 0.0000000000
21862  -19.435  -57.690  -11.128 0.0000000000
21863  -20.455  -57.448  -11.391 0.0000000000
21864  -21.201  -57.069  -11.678 0.0000000000
21877  -11.681  -57.068  -13.012 0.0000000000
21878  -12.285  -57.472  -12.553 0.0000000000
21880  -15.548  -57.481  -12.564 0.0000000000
21881  -16.156  -57.229  -12.020 0.0000000000
21882  -21.066  -57.374  -12.285 0.0000000000
21883  -21.581  -56.891  -12.258 0.0000000000
21895  -11.073  -57.313  -13.352 0.0000000000
21899  -21.115  -57.334  -13.276 0.0000000000
21900  -21.365  -57.054  -12.745 0.0000000000
21909  -20.937  -57.539  -14.393 0.0000000000
21927  -20.002  -57.444  -16.075 0.0000000000
21928  -20.551  -57.501  -15.388 0.0000000000
21943  -17.753  -57.169  -17.188 0.0000000000
21944  -18.494  -57.388  -16.885 0.0000000000
21945  -19.378  -57.412  -16.463 0.0000000000
21957  -17.391  -57.473  -17.628 0.0000000000
21958  -17.986  -57.721  -17.310 0.0000000000
22872  -9.541  -56.087  -7.690 0.0000000000
22873  -10.329  -56.174  -7.635 0.0000000000
22874  -11.178  -56.229  -7.799 0.0000000000
22875  -11.737  -56.219  -8.012 0.0000000000
22883  -9.792  -56.873  -8.039 0.0000000000
22884  -10.611  -56.801  -8.309 0.0000000000
22885  -11.404  -56.610  -8.747 0.0000000000
22895  -11.633  -56.888  -9.639 0.0000000000
22909  -11.862  -56.639  -10.284 0.0000000000
22910  -17.840  -56.244  -10.517 0.0000000000
22911  -18.458  -56.194  -10.401 0.0000000000
22912  -19.346  -56.319  -10.351 0.0000000000
22913  -20.398  -56.516  -10.533 0.0000000000
22914  -21.347  -56.220  -10.657 0.0000000000
22915  -22.046  -56.004  -10.898 0.0000000000
22928  -11.923  -56.512  -11.324 0.0000000000
22929  -12.225  -56.879  -12.128 0.0000000000
22930  -16.795  -56.449  -11.161 0.0000000000
22931  -17.259  -56.123  -10.729 0.0000000000
22932  -21.052  -56.813  -11.118 0.0000000000
22933  -21.727  -56.545  -11.462 0.0000000000
22934  -22.369  -55.942  -11.548 0.0000000000
22938  -11.664  -56.345  -12.412 0.0000000000
22939  -12.009  -56.916  -12.563 0.0000000000
22941  -15.566  -56.462  -12.263 0.0000000000
22942  -16.190  -56.235  -11.660 0.0000000000
22943  -22.099  -56.298  -12.253 0.0000000000
22944  -22.506  -55.689  -12.178 0.0000000000
22951  -10.899  -56.276  -13.280 0.0000000000
22954  -21.324  -56.779  -13.490 0.0000000000
22955  -21.586  -56.453  -13.130 0.0000000000
22963  -21.238  -56.505  -14.031 0.0000000000
22964  -21.529  -55.994  -13.740 0.0000000000
22979  -19.240  -56.071  -15.939 0.0000000000
22980  -19.874  -56.517  -15.813 0.0000000000
22981  -20.700  -56.567  -15.025 0.0000000000
22994  -17.142  -55.679  -17.269 0.0000000000
22995  -17.726  -56.339  -16.967 0.0000000000
22996  -18.901  -56.466  -16.329 0.0000000000
22997  -19.567  -56.945  -16.207 0.0000000000
23007  -16.993  -56.412  -17.747 0.0000000000
23008  -17.398  -56.861  -17.338 0.0000000000
23924  -11.376  -55.064  -6.924 0.0000000000
23925  -11.540  -55.261  -7.075 0.0000000000
23930  -8.976  -55.366  -7.719 0.0000000000
23931  -9.876  -55.341  -7.317 0.0000000000
23932  -10.962  -55.415  -7.102 0.0000000000
23933  -11.855  -55.634  -7.471 0.0000000000
23934  -12.624  -55.356  -7.804 0.0000000000
23942  -12.278  -55.922  -8.403 0.0000000000
23943  -13.098  -55.278  -8.470 0.0000000000
23944  -13.379  -55.143  -8.827 0.0000000000
23955  -11.941  -56.090  -9.504 0.0000000000
23956  -12.789  -55.481  -9.303 0.0000000000
23957  -13.229  -55.290  -8.976 0.0000000000
23958  -21.159  -54.913  -9.761 0.0000000000
23959  -21.638  -54.889  -9.824 0.0000000000
23975  -11.752  -55.556  -10.540 0.0000000000
23976  -12.264  -55.518  -9.873 0.0000000000
23977  -16.947  -54.760  -10.739 0.0000000000
23978  -17.711  -55.319  -10.479 0.0000000000
23979  -18.786  -55.330  -10.398 0.0000000000
23980  -19.775  -55.478  -10.151 0.0000000000
23981  -20.799  -55.574  -10.079 0.0000000000
23982  -21.812  -55.367  -10.238 0.0000000000
23983  -22.598  -55.438  -10.890 0.0000000000
23990  -10.972  -54.946  -11.989 0.0000000000
23991  -11.416  -55.580  -11.665 0.0000000000
23992  -16.555  -55.383  -11.124 0.0000000000
23993  -17.075  -55.415  -10.690 0.0000000000
23994  -22.860  -55.235  -11.699 0.0000000000
23998  -11.090  -55.570  -12.530 0.0000000000
24000  -15.680  -55.441  -12.077 0.0000000000
24001  -16.100  -55.391  -11.649 0.0000000000
24002  -22.211  -55.675  -12.802 0.0000000000
24003  -22.740  -55.051  -12.489 0.0000000000
24009  -10.764  -55.490  -13.012 0.0000000000
24012  -21.846  -55.415  -13.564 0.0000000000
24013  -22.420  -54.990  -13.153 0.0000000000
24021  -20.821  -55.676  -14.750 0.0000000000
24022  -21.341  -55.523  -14.167 0.0000000000
24036  -18.858  -55.668  -16.002 0.0000000000
24037  -19.402  -55.616  -15.698 0.0000000000
24038  -20.170  -55.712  -15.347 0.0000000000
24054  -16.937  -55.157  -17.150 0.0000000000
24055  -17.304  -55.268  -16.852 0.0000000000
24056  -18.131  -55.400  -16.361 0.0000000000
24982  -11.686  -54.973  -6.949 0.0000000000
24983  -11.856  -55.182  -7.102 0.0000000000
24987  -9.357  -54.395  -7.414 0.0000000000
24988  -10.316  -54.442  -7.038 0.0000000000
24989  -11.316  -54.535  -6.970 0.0000000000
24990  -12.232  -54.753  -7.234 0.0000000000
24991  -13.249  -54.713  -7.922 0.0000000000
24992  -13.762  -54.465  -8.203 0.0000000000
25004  -13.329  -54.981  -8.285 0.0000000000
25005  -13.589  -54.854  -8.547 0.0000000000
25006  -14.119  -54.577  -8.959 0.0000000000
25026  -13.024  -55.173  -9.642 0.0000000000
25027  -13.466  -54.951  -9.359 0.0000000000
25028  -14.288  -54.319  -9.555 0.0000000000
25029  -20.923  -54.395  -9.619 0.0000000000
25030  -21.539  -54.380  -9.602 0.0000000000
25031  -22.342  -54.210  -9.695 0.0000000000
25032  -22.962  -54.054  -9.932 0.0000000000
25052  -11.839  -54.645  -10.758 0.0000000000
25053  -12.722  -54.867  -10.190 0.0000000000
25054  -13.792  -54.300  -10.145 0.0000000000
25055  -14.367  -54.018  -10.068 0.0000000000
25057  -17.118  -54.183  -10.717 0.0000000000
25058  -18.110  -54.429  -10.362 0.0000000000
25059  -19.192  -54.482  -10.250 0.0000000000
25060  -20.268  -54.502  -9.881 0.0000000000
25061  -22.026  -54.768  -9.853 0.0000000000
25062  -22.647  -54.710  -10.278 0.0000000000
25063  -23.300  -54.102  -10.479 0.0000000000
25072  -11.331  -54.688  -11.296 0.0000000000
25075  -23.210  -54.715  -11.054 0.0000000000
25076  -23.573  -53.911  -11.181 0.0000000000
25083  -23.346  -54.239  -12.002 0.0000000000
25084  -23.607  -53.626  -11.613 0.0000000000
25092  -22.023  -54.285  -13.593 0.0000000000
25093  -22.777  -54.251  -12.920 0.0000000000
25100  -20.001  -54.333  -15.010 0.0000000000
25101  -20.803  -54.699  -14.561 0.0000000000
25102  -21.472  -54.754  -14.053 0.0000000000
25109  -17.136  -53.776  -16.252 0.0000000000
25110  -17.898  -54.091  -15.986 0.0000000000
25111  -18.710  -54.756  -15.794 0.0000000000
25112  -19.642  -54.941  -15.377 0.0000000000
25113  -20.308  -55.062  -15.043 0.0000000000
25128  -17.472  -54.619  -16.405 0.0000000000
25129  -18.043  -54.709  -16.145 0.0000000000
26102  -9.017  -53.483  -7.723 0.0000000000
26103  -9.835  -53.486  -7.318 0.0000000000
26104  -10.807  -53.520  -7.160 0.0000000000
26105  -11.842  -53.656  -7.230 0.0000000000
26106  -12.880  -53.772  -7.578 0.0000000000
26107  -14.099  -53.858  -7.926 0.0000000000
26108  -15.274  -53.326  -8.091 0.0000000000
26109  -15.839  -53.064  -8.143 0.0000000000
26125  -14.122  -54.399  -8.485 0.0000000000
26126  -14.911  -53.979  -8.881 0.0000000000
26127  -16.102  -53.290  -8.683 0.0000000000
26128  -17.140  -53.100  -8.833 0.0000000000
26129  -17.658  -53.051  -8.835 0.0000000000
26149  -14.870  -53.729  -9.887 0.0000000000
26150  -15.758  -53.354  -9.722 0.0000000000
26151  -16.786  -53.239  -9.641 0.0000000000
26152  -17.866  -53.302  -9.365 0.0000000000
26153  -18.968  -53.320  -9.463 0.0000000000
26154  -19.869  -53.295  -9.549 0.0000000000
26155  -20.781  -53.686  -9.492 0.0000000000
26156  -21.881  -53.599  -9.318 0.0000000000
26157  -22.806  -53.473  -9.522 0.0000000000
26158  -23.399  -53.470  -9.998 0.0000000000
26177  -13.186  -53.551  -10.706 0.0000000000
26181  -17.189  -53.624  -10.407 0.0000000000
26182  -18.533  -53.789  -10.035 0.0000000000
26183  -19.512  -53.802  -9.921 0.0000000000
26184  -20.106  -53.782  -9.772 0.0000000000
26185  -23.674  -53.449  -10.636 0.0000000000
26186  -23.921  -52.960  -10.692 0.0000000000
26202  -23.874  -53.102  -11.256 0.0000000000
26203  -24.085  -52.716  -10.890 0.0000000000
26215  -23.134  -53.363  -12.624 0.0000000000
26216  -23.616  -53.224  -11.971 0.0000000000
26228  -21.749  -53.300  -13.714 0.0000000000
26229  -22.458  -53.379  -13.244 0.0000000000
26236  -18.911  -52.877  -15.094 0.0000000000
26237  -19.510  -53.436  -14.978 0.0000000000
26238  -20.381  -53.756  -14.589 0.0000000000
26239  -21.172  -53.813  -14.157 0.0000000000
26251  -17.630  -53.276  -15.794 0.0000000000
26252  -18.515  -53.442  -15.452 0.0000000000
26253  -19.287  -54.169  -15.358 0.0000000000
27325  -9.465  -52.777  -7.772 0.0000000000
27326  -10.285  -52.527  -7.627 0.0000000000
27327  -11.324  -52.675  -7.436 0.0000000000
27328  -12.393  -52.765  -7.506 0.0000000000
27329  -13.503  -52.831  -7.586 0.0000000000
27330  -14.644  -52.747  -7.630 0.0000000000
27331  -15.832  -52.613  -7.767 0.0000000000
27332  -16.870  -52.253  -7.736 0.0000000000
27333  -17.807  -52.037  -7.685 0.0000000000
27334  -18.317  -51.837  -7.673 0.0000000000
27349  -9.169  -52.232  -8.291 0.0000000000
27350  -9.734  -52.299  -7.972 0.0000000000
27351  -16.111  -52.967  -8.169 0.0000000000
27352  -16.628  -52.834  -8.227 0.0000000000
27353  -17.662  -52.713  -8.337 0.0000000000
27354  -18.735  -52.265  -8.043 0.0000000000
27355  -19.886  -52.130  -8.409 0.0000000000
27356  -20.846  -52.012  -8.736 0.0000000000
27357  -21.833  -51.994  -8.769 0.0000000000
27358  -22.830  -51.969  -8.797 0.0000000000
27359  -23.374  -51.839  -8.963 0.0000000000
27377  -17.922  -53.028  -8.825 0.0000000000
27378  -18.451  -52.957  -8.786 0.0000000000
27379  -19.408  -52.801  -8.885 0.0000000000
27380  -20.360  -52.734  -9.134 0.0000000000
27381  -21.348  -52.800  -9.099 0.0000000000
27382  -22.403  -52.759  -9.089 0.0000000000
27383  -23.546  -52.434  -9.508 0.0000000000
27384  -24.234  -52.033  -9.916 0.0000000000
27405  -23.757  -52.981  -10.234 0.0000000000
27406  -24.107  -52.463  -10.403 0.0000000000
27415  -23.810  -52.496  -11.709 0.0000000000
27416  -24.180  -52.229  -11.144 0.0000000000
27426  -22.736  -52.623  -12.899 0.0000000000
27427  -23.357  -52.343  -12.346 0.0000000000
27439  -18.638  -51.727  -14.761 0.0000000000
27440  -19.068  -51.816  -14.657 0.0000000000
27441  -20.015  -52.064  -14.521 0.0000000000
27442  -21.031  -52.597  -14.131 0.0000000000
27443  -22.015  -52.405  -13.397 0.0000000000
27456  -17.180  -51.825  -15.478 0.0000000000
27457  -18.271  -52.135  -15.061 0.0000000000
27458  -19.313  -52.551  -14.783 0.0000000000
27459  -20.160  -52.950  -14.561 0.0000000000
27460  -20.697  -53.280  -14.377 0.0000000000
27475  -17.417  -52.526  -15.610 0.0000000000
27476  -17.948  -52.835  -15.489 0.0000000000
28489  -10.376  -52.060  -7.897 0.0000000000
28490  -10.801  -51.961  -7.785 0.0000000000
28491  -11.821  -51.775  -7.714 0.0000000000
28492  -12.927  -51.870  -7.631 0.0000000000
28493  -13.987  -51.872  -7.498 0.0000000000
28494  -15.071  -51.817  -7.408 0.0000000000
28495  -16.119  -51.656  -7.382 0.0000000000
28496  -17.102  -51.457  -7.400 0.0000000000
28497  -18.021  -51.295  -7.477 0.0000000000
28498  -18.655  -50.987  -7.580 0.0000000000
28512  -9.979  -51.670  -8.243 0.0000000000
28513  -10.987  -51.160  -8.027 0.0000000000
28514  -11.773  -50.972  -7.966 0.0000000000
28515  -18.640  -51.568  -7.683 0.0000000000
28516  -19.337  -51.286  -7.881 0.0000000000
28517  -20.305  -51.192  -8.391 0.0000000000
28518  -21.266  -51.121  -8.611 0.0000000000
28519  -22.276  -51.129  -8.579 0.0000000000
28520  -23.271  -51.211  -8.637 0.0000000000
28521  -23.979  -51.071  -8.787 0.0000000000
28539  -23.734  -51.610  -9.044 0.0000000000
28540  -24.326  -51.345  -9.470 0.0000000000
28557  -24.457  -51.580  -10.514 0.0000000000
28560  -23.854  -51.499  -11.783 0.0000000000
28561  -24.289  -51.500  -11.192 0.0000000000
28564  -21.177  -50.803  -13.695 0.0000000000
28565  -21.853  -51.066  -13.276 0.0000000000
28566  -22.607  -51.585  -12.829 0.0000000000
28567  -23.311  -51.511  -12.350 0.0000000000
28575  -17.947  -50.861  -14.942 0.0000000000
28576  -18.624  -51.210  -14.716 0.0000000000
28577  -19.688  -51.150  -14.467 0.0000000000
28578  -20.665  -51.401  -14.142 0.0000000000
28579  -21.456  -51.656  -13.646 0.0000000000
28580  -21.982  -51.680  -13.274 0.0000000000
28594  -17.572  -51.296  -15.169 0.0000000000
28595  -18.072  -51.374  -14.927 0.0000000000
29649  -12.473  -51.085  -7.799 0.0000000000
29650  -13.328  -50.879  -7.699 0.0000000000
29651  -14.374  -50.982  -7.485 0.0000000000
29652  -15.381  -50.877  -7.328 0.0000000000
29653  -16.380  -50.719  -7.296 0.0000000000
29654  -17.326  -50.575  -7.397 0.0000000000
29655  -18.158  -50.431  -7.526 0.0000000000
29656  -18.908  -50.300  -7.747 0.0000000000
29670  -9.365  -50.871  -8.945 0.0000000000
29671  -10.248  -50.379  -8.660 0.0000000000
29672  -11.317  -50.401  -8.286 0.0000000000
29673  -12.197  -50.477  -8.081 0.0000000000
29674  -12.748  -50.603  -7.900 0.0000000000
29675  -19.722  -50.229  -8.162 0.0000000000
29676  -20.643  -50.179  -8.512 0.0000000000
29677  -21.673  -50.125  -8.498 0.0000000000
29678  -22.752  -50.199  -8.327 0.0000000000
29679  -23.719  -50.336  -8.443 0.0000000000
29680  -24.375  -50.481  -8.880 0.0000000000
29699  -24.721  -50.490  -9.418 0.0000000000
29700  -25.007  -50.017  -9.648 0.0000000000
29717  -24.883  -50.598  -10.165 0.0000000000
29718  -25.160  -49.790  -10.109 0.0000000000
29727  -23.843  -50.607  -11.844 0.0000000000
29728  -24.424  -50.607  -11.233 0.0000000000
29731  -21.037  -50.233  -13.628 0.0000000000
29732  -21.567  -50.269  -13.373 0.0000000000
29733  -22.346  -50.416  -12.903 0.0000000000
29734  -23.258  -50.589  -12.330 0.0000000000
29738  -17.900  -50.546  -15.049 0.0000000000
29739  -18.282  -50.313  -14.880 0.0000000000
29740  -19.248  -50.251  -14.430 0.0000000000
29741  -20.378  -50.283  -13.935 0.0000000000
29757  -18.089  -49.655  -15.114 0.0000000000
30783  -13.362  -50.396  -7.845 0.0000000000
30784  -13.779  -50.321  -7.783 0.0000000000
30785  -14.675  -50.152  -7.636 0.0000000000
30786  -15.650  -49.969  -7.530 0.0000000000
30787  -16.629  -49.840  -7.583 0.0000000000
30788  -17.546  -49.762  -7.700 0.0000000000
30789  -18.302  -49.742  -7.807 0.0000000000
30790  -22.550  -48.534  -8.085 0.0000000000
30791  -22.829  -48.617  -7.995 0.0000000000
30807  -10.321  -49.816  -8.912 0.0000000000
30808  -10.799  -49.682  -8.732 0.0000000000
30809  -11.811  -49.806  -8.445 0.0000000000
30810  -12.951  -50.009  -8.123 0.0000000000
30811  -13.937  -49.570  -8.104 0.0000000000
30812  -14.910  -49.329  -8.025 0.0000000000
30813  -15.901  -49.131  -7.972 0.0000000000
30814  -16.883  -49.077  -8.102 0.0000000000
30815  -17.838  -49.096  -8.230 0.0000000000
30816  -18.899  -49.265  -8.174 0.0000000000
30817  -19.940  -49.217  -8.421 0.0000000000
30818  -20.952  -49.133  -8.451 0.0000000000
30819  -22.187  -48.894  -8.196 0.0000000000
30820  -23.345  -49.260  -8.095 0.0000000000
30821  -24.308  -49.509  -8.468 0.0000000000
30822  -24.902  -49.136  -8.806 0.0000000000
30838  -10.023  -49.542  -9.535 0.0000000000
30839  -10.723  -49.067  -9.186 0.0000000000
30840  -24.800  -49.844  -9.081 0.0000000000
30841  -25.209  -49.234  -9.515 0.0000000000
30854  -24.939  -49.883  -10.681 0.0000000000
30855  -25.206  -49.035  -10.474 0.0000000000
30866  -23.320  -49.319  -12.292 0.0000000000
30867  -23.705  -49.700  -12.017 0.0000000000
30868  -24.677  -49.278  -11.311 0.0000000000
30869  -25.082  -48.615  -11.065 0.0000000000
30872  -21.048  -49.614  -13.547 0.0000000000
30873  -21.912  -49.536  -13.129 0.0000000000
30874  -22.877  -49.476  -12.496 0.0000000000
30875  -23.278  -49.918  -12.262 0.0000000000
30882  -18.762  -49.198  -14.641 0.0000000000
30883  -19.844  -49.371  -14.128 0.0000000000
30884  -20.449  -49.473  -13.785 0.0000000000
31889  -22.603  -48.057  -7.991 0.0000000000
31890  -23.460  -48.228  -7.834 0.0000000000
31891  -24.233  -48.116  -7.858 0.0000000000
31907  -11.338  -49.178  -8.817 0.0000000000
31908  -12.130  -49.088  -8.701 0.0000000000
31909  -13.121  -48.933  -8.608 0.0000000000
31910  -14.114  -48.678  -8.549 0.0000000000
31911  -15.132  -48.533  -8.581 0.0000000000
31912  -16.144  -48.467  -8.683 0.0000000000
31913  -17.127  -48.448  -8.817 0.0000000000
31914  -18.145  -48.357  -8.887 0.0000000000
31915  -19.176  -48.330  -8.673 0.0000000000
31916  -20.148  -48.202  -8.557 0.0000000000
31917  -21.149  -48.076  -8.404 0.0000000000
31918  -21.895  -47.829  -8.211 0.0000000000
31919  -24.040  -48.761  -8.030 0.0000000000
31920  -24.690  -48.502  -8.306 0.0000000000
31921  -25.265  -48.443  -8.860 0.0000000000
31934  -10.465  -48.802  -9.806 0.0000000000
31935  -11.236  -48.492  -9.435 0.0000000000
31936  -12.255  -48.236  -9.134 0.0000000000
31937  -13.234  -47.936  -9.039 0.0000000000
31938  -14.302  -47.852  -9.174 0.0000000000
31939  -15.349  -47.920  -9.387 0.0000000000
31940  -16.343  -47.978  -9.552 0.0000000000
31941  -17.266  -47.895  -9.585 0.0000000000
31942  -17.947  -47.650  -9.456 0.0000000000
31943  -25.567  -48.148  -9.771 0.0000000000
31958  -11.099  -47.974  -10.086 0.0000000000
31959  -25.117  -47.916  -11.222 0.0000000000
31960  -25.316  -48.134  -10.758 0.0000000000
31974  -23.367  -48.783  -12.320 0.0000000000
31975  -24.093  -48.694  -11.971 0.0000000000
31976  -24.753  -48.269  -11.497 0.0000000000
31977  -25.116  -48.249  -11.153 0.0000000000
31983  -21.429  -48.913  -13.341 0.0000000000
31984  -22.110  -48.591  -12.913 0.0000000000
31985  -22.766  -48.487  -12.566 0.0000000000
31993  -18.929  -48.171  -14.688 0.0000000000
31994  -19.622  -48.391  -14.316 0.0000000000
31995  -20.616  -48.626  -13.738 0.0000000000
31996  -21.459  -48.230  -13.361 0.0000000000
32910  -23.118  -47.225  -7.749 0.0000000000
32911  -23.996  -47.378  -7.616 0.0000000000
32912  -24.802  -47.545  -7.910 0.0000000000
32913  -25.245  -47.427  -8.218 0.0000000000
32927  -18.588  -47.739  -9.111 0.0000000000
32928  -19.270  -47.211  -8.878 0.0000000000
32929  -20.401  -47.203  -8.540 0.0000000000
32930  -21.315  -47.095  -8.310 0.0000000000
32931  -22.219  -46.955  -8.082 0.0000000000
32932  -25.148  -47.903  -8.359 0.0000000000
32933  -25.556  -47.487  -8.751 0.0000000000
32943  -11.608  -47.875  -9.780 0.0000000000
32944  -12.339  -47.545  -9.841 0.0000000000
32945  -13.392  -47.334  -9.954 0.0000000000
32946  -14.477  -47.367  -10.152 0.0000000000
32947  -15.493  -47.468  -10.295 0.0000000000
32948  -16.467  -47.474  -10.305 0.0000000000
32949  -17.373  -47.129  -10.110 0.0000000000
32950  -18.313  -47.025  -9.470 0.0000000000
32951  -18.760  -46.671  -9.203 0.0000000000
32952  -25.817  -47.155  -9.549 0.0000000000
32966  -12.483  -47.187  -10.916 0.0000000000
32967  -13.554  -47.106  -11.083 0.0000000000
32968  -14.523  -47.072  -11.163 0.0000000000
32969  -15.417  -46.903  -10.978 0.0000000000
32970  -16.551  -46.883  -10.629 0.0000000000
32971  -17.034  -46.748  -10.476 0.0000000000
32972  -25.295  -47.642  -11.053 0.0000000000
32973  -25.608  -47.231  -10.579 0.0000000000
32990  -14.854  -46.660  -11.508 0.0000000000
32991  -23.695  -48.229  -12.266 0.0000000000
32992  -24.148  -47.848  -12.093 0.0000000000
32993  -24.881  -47.220  -11.533 0.0000000000
32994  -25.443  -46.763  -11.145 0.0000000000
33004  -22.474  -48.034  -12.711 0.0000000000
33005  -23.138  -47.598  -12.531 0.0000000000
33006  -24.036  -47.039  -12.171 0.0000000000
33007  -24.403  -46.741  -11.956 0.0000000000
33014  -19.392  -47.466  -14.554 0.0000000000
33015  -20.169  -47.529  -14.097 0.0000000000
33016  -21.056  -47.513  -13.651 0.0000000000
33017  -22.086  -47.521  -13.148 0.0000000000
33018  -22.620  -47.054  -12.970 0.0000000000
33864  -22.805  -46.231  -7.741 0.0000000000
33865  -23.660  -46.407  -7.530 0.0000000000
33866  -24.554  -46.557  -7.613 0.0000000000
33867  -25.344  -46.701  -8.071 0.0000000000
33882  -19.861  -46.288  -8.726 0.0000000000
33883  -20.727  -46.265  -8.427 0.0000000000
33884  -21.534  -46.174  -8.207 0.0000000000
33885  -22.148  -46.003  -7.986 0.0000000000
33886  -25.960  -46.409  -8.857 0.0000000000
33887  -26.295  -45.822  -9.300 0.0000000000
33894  -17.750  -46.367  -9.886 0.0000000000
33895  -18.436  -46.206  -9.473 0.0000000000
33896  -19.088  -46.201  -9.099 0.0000000000
33897  -26.144  -46.382  -9.905 0.0000000000
33898  -26.398  -45.618  -9.882 0.0000000000
33907  -15.860  -46.277  -10.806 0.0000000000
33908  -16.737  -46.342  -10.498 0.0000000000
33909  -17.249  -46.487  -10.293 0.0000000000
33910  -25.864  -46.164  -10.852 0.0000000000
33911  -26.226  -45.893  -10.323 0.0000000000
33926  -15.180  -46.446  -11.280 0.0000000000
33927  -24.637  -46.365  -11.871 0.0000000000
33928  -25.231  -46.324  -11.480 0.0000000000
33939  -22.945  -46.563  -12.884 0.0000000000
33940  -23.529  -46.514  -12.507 0.0000000000
33941  -24.106  -46.342  -12.194 0.0000000000
33953  -19.820  -46.624  -14.438 0.0000000000
33954  -20.601  -46.612  -14.043 0.0000000000
33955  -21.503  -46.598  -13.685 0.0000000000
33956  -22.357  -46.546  -13.346 0.0000000000
34804  -23.301  -45.421  -7.588 0.0000000000
34805  -24.201  -45.545  -7.470 0.0000000000
34806  -25.078  -45.642  -7.667 0.0000000000
34807  -25.708  -45.629  -8.200 0.0000000000
34820  -20.287  -45.418  -8.643 0.0000000000
34821  -21.081  -45.384  -8.436 0.0000000000
34822  -21.808  -45.313  -8.234 0.0000000000
34823  -22.498  -45.315  -7.885 0.0000000000
34824  -26.207  -45.426  -8.722 0.0000000000
34825  -26.506  -45.157  -9.297 0.0000000000
34832  -17.898  -45.485  -9.719 0.0000000000
34833  -18.732  -45.392  -9.375 0.0000000000
34834  -19.503  -45.398  -8.983 0.0000000000
34835  -26.559  -45.000  -9.921 0.0000000000
34848  -14.882  -45.185  -11.166 0.0000000000
34849  -15.550  -45.440  -10.667 0.0000000000
34850  -16.368  -45.695  -10.411 0.0000000000
34851  -17.149  -45.750  -10.180 0.0000000000
34852  -25.935  -45.574  -11.062 0.0000000000
34853  -26.247  -45.299  -10.607 0.0000000000
34869  -15.100  -45.890  -11.287 0.0000000000
34870  -24.896  -45.734  -11.869 0.0000000000
34871  -25.508  -45.594  -11.457 0.0000000000
34872  -25.898  -45.158  -11.225 0.0000000000
34883  -23.278  -45.980  -12.798 0.0000000000
34884  -23.821  -45.633  -12.580 0.0000000000
34885  -24.382  -45.811  -12.173 0.0000000000
34894  -19.524  -45.797  -14.770 0.0000000000
34895  -20.175  -45.759  -14.389 0.0000000000
34896  -21.021  -45.718  -14.165 0.0000000000
34897  -21.955  -45.702  -13.808 0.0000000000
34898  -22.882  -45.739  -13.287 0.0000000000
34899  -23.406  -45.556  -12.972 0.0000000000
35861  -22.908  -44.463  -7.742 0.0000000000
35862  -23.802  -44.541  -7.478 0.0000000000
35863  -24.739  -44.633  -7.436 0.0000000000
35864  -25.603  -44.658  -7.770 0.0000000000
35865  -26.154  -44.310  -8.073 0.0000000000
35876  -19.930  -44.556  -8.824 0.0000000000
35877  -20.684  -44.606  -8.621 0.0000000000
35878  -21.408  -44.520  -8.462 0.0000000000
35879  -22.115  -44.447  -8.135 0.0000000000
35880  -26.037  -44.913  -8.260 0.0000000000
35881  -26.433  -44.517  -8.688 0.0000000000
35887  -15.427  -43.688  -10.197 0.0000000000
35888  -15.868  -44.054  -9.781 0.0000000000
35889  -17.002  -44.631  -9.734 0.0000000000
35890  -18.214  -44.505  -9.535 0.0000000000
35891  -19.148  -44.488  -9.223 0.0000000000
35892  -26.621  -44.397  -9.503 0.0000000000
35904  -15.140  -44.376  -10.550 0.0000000000
35905  -16.065  -44.972  -10.094 0.0000000000
35906  -16.671  -45.286  -10.103 0.0000000000
35907  -26.496  -44.399  -10.315 0.0000000000
35920  -25.090  -45.288  -11.850 0.0000000000
35921  -25.422  -44.824  -11.710 0.0000000000
35922  -26.106  -44.430  -11.147 0.0000000000
35933  -24.005  -45.171  -12.735 0.0000000000
35934  -24.538  -45.002  -12.371 0.0000000000
35935  -25.137  -44.321  -12.166 0.0000000000
35941  -19.470  -45.200  -14.819 0.0000000000
35942  -19.791  -45.003  -14.565 0.0000000000
35943  -20.466  -44.937  -14.408 0.0000000000
35944  -21.418  -44.677  -14.352 0.0000000000
35945  -22.534  -44.940  -13.911 0.0000000000
35946  -23.668  -44.863  -13.256 0.0000000000
35947  -24.387  -44.346  -12.987 0.0000000000
35953  -19.481  -44.773  -14.888 0.0000000000
35954  -21.629  -44.031  -14.517 0.0000000000
35955  -22.212  -44.223  -14.462 0.0000000000
35956  -23.053  -44.329  -14.172 0.0000000000
36936  -23.367  -43.531  -7.573 0.0000000000
36937  -24.318  -43.619  -7.336 0.0000000000
36938  -25.257  -43.700  -7.394 0.0000000000
36939  -25.987  -43.708  -7.729 0.0000000000
36940  -26.384  -43.665  -8.294 0.0000000000
36953  -20.366  -43.923  -8.761 0.0000000000
36954  -20.969  -43.797  -8.622 0.0000000000
36955  -21.672  -43.508  -8.431 0.0000000000
36956  -22.474  -43.503  -7.936 0.0000000000
36957  -26.692  -43.627  -9.029 0.0000000000
36965  -15.720  -43.140  -10.042 0.0000000000
36966  -16.554  -43.289  -9.651 0.0000000000
36967  -17.660  -43.463  -9.537 0.0000000000
36968  -18.729  -43.505  -9.396 0.0000000000
36969  -19.745  -43.528  -9.094 0.0000000000
36970  -20.580  -43.205  -8.945 0.0000000000
36971  -21.149  -43.099  -8.782 0.0000000000
36972  -26.723  -43.608  -9.908 0.0000000000
36987  -26.476  -43.601  -10.788 0.0000000000
37000  -25.626  -44.008  -11.754 0.0000000000
37001  -26.113  -43.609  -11.414 0.0000000000
37011  -24.805  -44.158  -12.622 0.0000000000
37012  -25.324  -43.647  -12.426 0.0000000000
37017  -20.116  -44.560  -14.532 0.0000000000
37018  -20.472  -44.098  -14.556 0.0000000000
37019  -21.150  -43.748  -14.553 0.0000000000
37020  -24.205  -44.148  -13.434 0.0000000000
37021  -24.784  -43.588  -13.305 0.0000000000
37022  -25.368  -43.218  -12.911 0.0000000000
37025  -19.878  -44.359  -14.698 0.0000000000
37026  -20.050  -43.795  -14.823 0.0000000000
37027  -21.819  -43.544  -14.714 0.0000000000
37028  -22.786  -43.612  -14.685 0.0000000000
37029  -23.925  -43.716  -14.111 0.0000000000
37030  -24.599  -43.301  -13.976 0.0000000000
37933  -22.925  -42.453  -7.775 0.0000000000
37934  -23.865  -42.585  -7.350 0.0000000000
37935  -24.856  -42.680  -7.238 0.0000000000
37936  -25.752  -42.804  -7.528 0.0000000000
37937  -26.259  -42.996  -7.957 0.0000000000
37952  -21.536  -42.550  -8.697 0.0000000000
37953  -22.139  -42.601  -8.272 0.0000000000
37954  -26.612  -42.779  -8.571 0.0000000000
37969  -16.118  -42.133  -10.155 0.0000000000
37970  -17.144  -42.324  -9.599 0.0000000000
37971  -18.218  -42.435  -9.432 0.0000000000
37972  -19.262  -42.524  -9.296 0.0000000000
37973  -20.208  -42.506  -9.199 0.0000000000
37974  -20.974  -42.460  -9.062 0.0000000000
37975  -26.922  -42.709  -9.466 0.0000000000
37976  -27.132  -42.283  -10.026 0.0000000000
37991  -26.839  -42.855  -10.413 0.0000000000
37992  -27.122  -42.193  -10.744 0.0000000000
38005  -25.842  -43.356  -11.891 0.0000000000
38006  -26.523  -42.693  -11.574 0.0000000000
38007  -27.042  -42.065  -11.341 0.0000000000
38019  -25.784  -42.966  -12.455 0.0000000000
38020  -26.227  -42.352  -12.596 0.0000000000
38026  -20.375  -43.630  -14.763 0.0000000000
38027  -20.674  -43.507  -14.732 0.0000000000
38028  -24.933  -43.097  -13.850 0.0000000000
38029  -25.506  -42.631  -13.450 0.0000000000
38030  -26.190  -41.902  -13.213 0.0000000000
38034  -20.410  -43.247  -14.982 0.0000000000
38035  -21.142  -42.972  -14.909 0.0000000000
38036  -22.192  -42.747  -15.072 0.0000000000
38037  -23.443  -42.829  -15.054 0.0000000000
38038  -24.730  -42.737  -14.567 0.0000000000
38039  -25.525  -42.038  -14.356 0.0000000000
39073  -22.930  -41.732  -7.840 0.0000000000
39074  -23.466  -41.595  -7.595 0.0000000000
39075  -24.411  -41.633  -7.323 0.0000000000
39076  -25.438  -41.721  -7.393 0.0000000000
39077  -26.366  -41.969  -7.937 0.0000000000
39093  -21.928  -41.967  -8.598 0.0000000000
39094  -22.496  -41.620  -8.250 0.0000000000
39095  -22.973  -41.268  -7.900 0.0000000000
39096  -27.090  -41.703  -8.889 0.0000000000
39097  -27.553  -41.051  -9.245 0.0000000000
39114  -16.832  -41.497  -9.956 0.0000000000
39115  -17.682  -41.240  -9.731 0.0000000000
39116  -18.788  -41.494  -9.378 0.0000000000
39117  -19.799  -41.592  -9.240 0.0000000000
39118  -20.717  -41.628  -9.195 0.0000000000
39119  -21.494  -41.653  -8.956 0.0000000000
39120  -22.042  -41.396  -8.720 0.0000000000
39121  -27.132  -42.050  -9.577 0.0000000000
39122  -27.447  -41.530  -9.984 0.0000000000
39140  -17.036  -40.974  -10.137 0.0000000000
39141  -27.435  -41.574  -11.114 0.0000000000
39156  -26.628  -42.144  -12.197 0.0000000000
39157  -27.064  -41.776  -11.941 0.0000000000
39172  -26.690  -41.760  -12.712 0.0000000000
39173  -27.262  -41.196  -12.737 0.0000000000
39185  -25.986  -41.784  -13.828 0.0000000000
39186  -26.776  -41.195  -13.647 0.0000000000
39187  -27.304  -40.846  -13.220 0.0000000000
39195  -20.793  -42.628  -15.336 0.0000000000
39196  -21.452  -41.793  -15.529 0.0000000000
39197  -22.778  -41.767  -15.441 0.0000000000
39198  -24.108  -41.858  -15.526 0.0000000000
39199  -25.240  -41.660  -15.216 0.0000000000
39200  -26.104  -41.304  -14.584 0.0000000000
39201  -26.625  -40.859  -14.385 0.0000000000
40237  -23.322  -40.841  -7.796 0.0000000000
40238  -23.957  -40.677  -7.512 0.0000000000
40239  -24.950  -40.580  -7.283 0.0000000000
40240  -26.143  -40.660  -7.530 0.0000000000
40241  -27.014  -40.251  -7.795 0.0000000000
40250  -22.356  -40.933  -8.628 0.0000000000
40251  -22.875  -40.614  -8.270 0.0000000000
40252  -26.904  -41.030  -8.075 0.0000000000
40253  -27.600  -40.438  -8.574 0.0000000000
40254  -28.203  -39.855  -9.040 0.0000000000
40267  -17.848  -40.522  -9.948 0.0000000000
40268  -18.441  -40.536  -9.743 0.0000000000
40269  -19.390  -40.655  -9.449 0.0000000000
40270  -20.382  -40.702  -9.313 0.0000000000
40271  -21.311  -40.732  -9.245 0.0000000000
40272  -21.972  -40.796  -9.014 0.0000000000
40273  -28.063  -40.523  -9.638 0.0000000000
40274  -28.536  -39.624  -9.659 0.0000000000
40292  -17.353  -40.325  -10.468 0.0000000000
40293  -18.035  -40.104  -10.130 0.0000000000
40294  -28.012  -40.831  -10.773 0.0000000000
40295  -28.577  -39.996  -10.494 0.0000000000
40314  -27.763  -40.912  -11.911 0.0000000000
40315  -28.449  -40.169  -11.541 0.0000000000
40330  -27.747  -40.463  -12.914 0.0000000000
40331  -28.233  -40.217  -12.356 0.0000000000
40343  -27.045  -40.260  -14.356 0.0000000000
40344  -27.386  -40.473  -13.575 0.0000000000
40354  -22.198  -40.588  -15.507 0.0000000000
40355  -23.454  -40.731  -15.687 0.0000000000
40356  -24.707  -40.780  -15.820 0.0000000000
40357  -25.754  -40.653  -15.371 0.0000000000
40358  -26.440  -40.580  -14.848 0.0000000000
41426  -23.475  -40.134  -7.909 0.0000000000
41427  -24.327  -39.454  -7.750 0.0000000000
41428  -25.524  -39.539  -7.457 0.0000000000
41429  -26.552  -39.492  -7.606 0.0000000000
41430  -27.413  -39.471  -7.959 0.0000000000
41435  -22.516  -40.296  -8.856 0.0000000000
41436  -23.358  -39.460  -8.825 0.0000000000
41437  -24.083  -38.905  -8.428 0.0000000000
41438  -28.014  -39.370  -8.530 0.0000000000
41439  -28.439  -39.139  -9.088 0.0000000000
41446  -18.410  -39.943  -10.070 0.0000000000
41447  -18.972  -39.873  -9.889 0.0000000000
41448  -19.979  -39.867  -9.679 0.0000000000
41449  -21.020  -39.888  -9.623 0.0000000000
41450  -22.199  -39.850  -9.581 0.0000000000
41451  -23.039  -39.079  -9.980 0.0000000000
41452  -28.729  -38.922  -9.600 0.0000000000
41466  -17.432  -39.706  -11.057 0.0000000000
41467  -18.238  -39.401  -10.707 0.0000000000
41468  -19.475  -39.225  -10.241 0.0000000000
41469  -20.541  -39.170  -9.998 0.0000000000
41470  -21.574  -39.171  -10.017 0.0000000000
41471  -22.437  -39.023  -10.166 0.0000000000
41472  -22.836  -38.797  -10.243 0.0000000000
41473  -28.871  -39.127  -10.259 0.0000000000
41488  -17.945  -38.847  -11.419 0.0000000000
41489  -28.875  -39.315  -11.218 0.0000000000
41502  -28.194  -39.918  -12.871 0.0000000000
41503  -28.614  -39.337  -12.431 0.0000000000
41515  -27.173  -39.250  -14.645 0.0000000000
41516  -27.865  -39.451  -13.630 0.0000000000
41517  -28.458  -38.606  -13.190 0.0000000000
41525  -21.851  -39.520  -15.535 0.0000000000
41526  -22.893  -39.626  -15.577 0.0000000000
41527  -24.067  -39.678  -15.847 0.0000000000
41528  -25.253  -39.665  -15.788 0.0000000000
41529  -26.390  -39.653  -15.242 0.0000000000
42550  -25.194  -38.730  -7.683 0.0000000000
42551  -26.064  -38.536  -7.678 0.0000000000
42552  -27.064  -38.553  -7.802 0.0000000000
42553  -27.808  -38.622  -8.194 0.0000000000
42558  -24.075  -38.595  -8.929 0.0000000000
42559  -24.727  -38.297  -8.362 0.0000000000
42560  -25.488  -38.144  -7.948 0.0000000000
42561  -28.319  -38.560  -8.655 0.0000000000
42562  -28.715  -38.423  -9.174 0.0000000000
42566  -23.696  -38.367  -9.645 0.0000000000
42567  -24.387  -37.986  -9.185 0.0000000000
42568  -29.103  -38.264  -9.843 0.0000000000
42569  -29.330  -37.695  -9.942 0.0000000000
42581  -19.103  -38.706  -10.699 0.0000000000
42582  -19.909  -38.427  -10.305 0.0000000000
42583  -21.044  -38.509  -10.043 0.0000000000
42584  -21.972  -38.527  -10.141 0.0000000000
42585  -22.616  -38.502  -10.223 0.0000000000
42586  -23.057  -38.423  -10.158 0.0000000000
42587  -29.192  -38.506  -10.806 0.0000000000
42588  -29.378  -37.785  -10.478 0.0000000000
42599  -17.794  -38.441  -11.798 0.0000000000
42600  -18.542  -38.322  -11.253 0.0000000000
42601  -19.220  -38.132  -10.774 0.0000000000
42602  -29.146  -38.516  -11.756 0.0000000000
42603  -29.395  -37.815  -11.291 0.0000000000
42616  -18.038  -37.822  -11.892 0.0000000000
42617  -28.917  -38.096  -12.626 0.0000000000
42618  -29.312  -37.762  -12.003 0.0000000000
42630  -27.505  -38.350  -14.481 0.0000000000
42631  -28.137  -38.155  -13.831 0.0000000000
42632  -28.528  -37.874  -13.292 0.0000000000
42639  -22.423  -38.692  -15.515 0.0000000000
42640  -23.453  -38.648  -15.624 0.0000000000
42641  -24.583  -38.593  -15.785 0.0000000000
42642  -25.718  -38.538  -15.610 0.0000000000
42643  -26.710  -38.439  -15.137 0.0000000000
43662  -25.946  -37.796  -7.901 0.0000000000
43663  -26.651  -37.606  -7.858 0.0000000000
43664  -27.801  -37.635  -8.032 0.0000000000
43665  -28.353  -37.153  -8.236 0.0000000000
43670  -24.890  -37.373  -8.910 0.0000000000
43671  -25.501  -37.490  -8.294 0.0000000000
43672  -26.032  -37.318  -8.001 0.0000000000
43673  -28.174  -38.120  -8.364 0.0000000000
43674  -28.690  -37.635  -8.696 0.0000000000
43675  -29.077  -37.328  -8.955 0.0000000000
43684  -19.787  -37.062  -9.976 0.0000000000
43685  -20.205  -37.118  -9.800 0.0000000000
43686  -21.131  -37.247  -9.653 0.0000000000
43687  -22.092  -37.402  -9.706 0.0000000000
43688  -23.068  -37.590  -9.857 0.0000000000
43689  -24.177  -37.262  -9.533 0.0000000000
43690  -28.955  -37.962  -9.254 0.0000000000
43691  -29.219  -37.462  -9.383 0.0000000000
43704  -18.896  -37.109  -10.829 0.0000000000
43705  -19.431  -37.313  -10.440 0.0000000000
43706  -20.542  -37.797  -9.998 0.0000000000
43707  -21.554  -37.919  -9.977 0.0000000000
43708  -22.377  -38.002  -10.100 0.0000000000
43709  -22.801  -38.129  -10.153 0.0000000000
43710  -29.489  -37.200  -10.112 0.0000000000
43721  -18.610  -37.286  -11.304 0.0000000000
43722  -18.962  -37.779  -10.947 0.0000000000
43723  -29.592  -37.118  -10.894 0.0000000000
43734  -17.826  -36.935  -12.371 0.0000000000
43735  -29.204  -37.156  -12.451 0.0000000000
43736  -29.491  -37.063  -11.723 0.0000000000
43745  -27.693  -37.319  -14.283 0.0000000000
43746  -28.295  -37.224  -13.693 0.0000000000
43747  -28.756  -37.224  -13.069 0.0000000000
43754  -22.855  -37.762  -15.475 0.0000000000
43755  -23.912  -37.624  -15.544 0.0000000000
43756  -25.004  -37.511  -15.543 0.0000000000
43757  -26.027  -37.447  -15.263 0.0000000000
43758  -26.909  -37.407  -14.781 0.0000000000
44721  -25.961  -36.249  -7.759 0.0000000000
44722  -26.265  -36.763  -7.870 0.0000000000
44723  -27.282  -36.708  -7.703 0.0000000000
44724  -28.188  -36.627  -7.909 0.0000000000
44730  -20.927  -36.107  -8.779 0.0000000000
44731  -21.349  -36.178  -8.719 0.0000000000
44732  -22.221  -36.260  -8.766 0.0000000000
44733  -22.977  -36.213  -9.011 0.0000000000
44734  -24.697  -36.698  -9.060 0.0000000000
44735  -25.406  -36.558  -8.363 0.0000000000
44736  -25.827  -37.020  -8.194 0.0000000000
44737  -28.723  -36.702  -8.398 0.0000000000
44738  -29.184  -36.840  -8.896 0.0000000000
44747  -19.798  -36.624  -9.826 0.0000000000
44748  -20.643  -36.362  -9.202 0.0000000000
44749  -21.681  -36.744  -9.221 0.0000000000
44750  -22.617  -36.774  -9.380 0.0000000000
44751  -23.541  -36.567  -9.409 0.0000000000
44752  -24.203  -36.423  -9.276 0.0000000000
44753  -29.471  -36.595  -9.619 0.0000000000
44763  -18.800  -36.644  -10.890 0.0000000000
44764  -19.196  -36.181  -10.288 0.0000000000
44765  -29.621  -36.432  -10.434 0.0000000000
44773  -18.426  -36.262  -11.757 0.0000000000
44774  -29.637  -36.276  -11.291 0.0000000000
44784  -18.083  -35.859  -12.768 0.0000000000
44785  -28.899  -36.523  -12.810 0.0000000000
44786  -29.305  -36.145  -12.212 0.0000000000
44795  -27.068  -36.437  -14.449 0.0000000000
44796  -27.795  -36.353  -13.950 0.0000000000
44797  -28.448  -36.382  -13.372 0.0000000000
44806  -23.269  -36.762  -15.372 0.0000000000
44807  -24.311  -36.594  -15.277 0.0000000000
44808  -25.332  -36.475  -15.122 0.0000000000
44809  -26.244  -36.471  -14.800 0.0000000000
45724  -22.551  -35.173  -7.949 0.0000000000
45725  -23.311  -35.189  -8.121 0.0000000000
45726  -24.140  -35.222  -8.227 0.0000000000
45727  -24.900  -35.351  -8.018 0.0000000000
45728  -25.632  -35.682  -7.681 0.0000000000
45729  -26.694  -35.849  -7.349 0.0000000000
45730  -27.916  -35.741  -7.407 0.0000000000
45731  -28.852  -35.702  -8.140 0.0000000000
45732  -29.291  -35.164  -8.599 0.0000000000
45744  -20.174  -35.291  -8.835 0.0000000000
45745  -20.828  -35.670  -8.572 0.0000000000
45746  -21.826  -35.547  -8.256 0.0000000000
45747  -22.770  -35.696  -8.500 0.0000000000
45748  -23.672  -35.842  -8.861 0.0000000000
45749  -24.559  -35.970  -8.719 0.0000000000
45750  -25.148  -35.864  -8.259 0.0000000000
45751  -29.083  -36.254  -8.587 0.0000000000
45752  -29.423  -35.733  -9.066 0.0000000000
45764  -19.740  -35.594  -9.506 0.0000000000
45765  -20.305  -35.759  -8.987 0.0000000000
45766  -23.897  -36.194  -9.219 0.0000000000
45767  -24.103  -36.062  -9.103 0.0000000000
45768  -29.603  -35.819  -9.967 0.0000000000
45781  -18.742  -35.657  -11.062 0.0000000000
45782  -19.137  -35.193  -10.380 0.0000000000
45783  -29.657  -35.528  -10.731 0.0000000000
45792  -18.516  -35.214  -12.128 0.0000000000
45793  -29.445  -35.312  -11.595 0.0000000000
45803  -28.668  -35.641  -12.887 0.0000000000
45804  -29.033  -35.006  -12.357 0.0000000000
45814  -26.436  -35.669  -14.469 0.0000000000
45815  -27.118  -35.442  -14.146 0.0000000000
45816  -27.921  -35.316  -13.527 0.0000000000
45826  -23.686  -35.738  -15.153 0.0000000000
45827  -24.669  -35.563  -14.871 0.0000000000
45828  -25.629  -35.433  -14.615 0.0000000000
46709  -25.701  -34.083  -6.780 0.0000000000
46710  -26.668  -34.008  -6.488 0.0000000000
46711  -27.305  -33.886  -6.434 0.0000000000
46718  -20.910  -34.253  -7.732 0.0000000000
46719  -21.892  -34.624  -7.629 0.0000000000
46720  -22.902  -34.565  -7.581 0.0000000000
46721  -23.770  -34.589  -7.642 0.0000000000
46722  -24.566  -34.673  -7.615 0.0000000000
46723  -25.321  -34.806  -7.363 0.0000000000
46724  -26.207  -34.932  -6.864 0.0000000000
46725  -27.534  -34.611  -6.718 0.0000000000
46726  -28.568  -34.635  -7.491 0.0000000000
46727  -29.224  -34.588  -8.250 0.0000000000
46741  -19.692  -34.549  -8.948 0.0000000000
46742  -20.462  -34.796  -8.350 0.0000000000
46743  -21.157  -35.029  -8.014 0.0000000000
46744  -29.515  -34.609  -9.031 0.0000000000
46758  -18.888  -34.239  -10.270 0.0000000000
46759  -19.290  -34.676  -9.862 0.0000000000
46760  -29.677  -34.792  -10.006 0.0000000000
46772  -18.720  -34.494  -11.121 0.0000000000
46773  -18.998  -34.660  -10.406 0.0000000000
46774  -29.519  -34.526  -11.044 0.0000000000
46785  -18.438  -34.195  -12.456 0.0000000000
46786  -29.189  -34.374  -11.821 0.0000000000
46799  -27.563  -34.089  -13.305 0.0000000000
46800  -28.234  -34.436  -12.934 0.0000000000
46801  -28.764  -34.185  -12.330 0.0000000000
46814  -25.527  -34.175  -14.358 0.0000000000
46815  -26.062  -34.579  -14.307 0.0000000000
46816  -27.160  -34.431  -13.744 0.0000000000
46817  -27.734  -34.572  -13.380 0.0000000000
46826  -24.045  -34.677  -14.895 0.0000000000
46827  -25.115  -34.451  -14.501 0.0000000000
46828  -25.600  -34.815  -14.457 0.0000000000
47722  -20.680  -32.778  -6.992 0.0000000000
47723  -21.108  -32.961  -6.792 0.0000000000
47724  -21.971  -33.135  -6.536 0.0000000000
47725  -22.965  -33.241  -6.468 0.0000000000
47726  -23.951  -33.267  -6.552 0.0000000000
47727  -25.023  -33.328  -6.648 0.0000000000
47728  -26.155  -33.176  -6.407 0.0000000000
47729  -27.234  -33.192  -6.274 0.0000000000
47730  -28.084  -33.074  -6.292 0.0000000000
47740  -19.742  -33.191  -7.912 0.0000000000
47741  -20.504  -33.258  -7.382 0.0000000000
47742  -21.473  -33.684  -7.202 0.0000000000
47743  -22.445  -33.835  -7.134 0.0000000000
47744  -23.393  -33.886  -7.138 0.0000000000
47745  -24.283  -33.980  -7.144 0.0000000000
47746  -24.981  -34.154  -7.150 0.0000000000
47747  -27.792  -33.679  -6.421 0.0000000000
47748  -28.638  -33.469  -6.803 0.0000000000
47749  -29.237  -33.664  -7.771 0.0000000000
47761  -19.413  -33.491  -8.672 0.0000000000
47762  -20.098  -33.939  -8.146 0.0000000000
47763  -29.510  -33.679  -8.707 0.0000000000
47778  -18.563  -33.416  -10.461 0.0000000000
47779  -19.066  -33.871  -9.571 0.0000000000
47780  -29.591  -33.686  -9.637 0.0000000000
47789  -18.348  -33.456  -11.712 0.0000000000
47790  -29.486  -33.671  -10.556 0.0000000000
47801  -17.565  -32.972  -12.981 0.0000000000
47802  -18.061  -33.409  -12.722 0.0000000000
47803  -28.653  -33.177  -11.865 0.0000000000
47804  -29.148  -33.531  -11.413 0.0000000000
47815  -26.741  -33.179  -13.188 0.0000000000
47816  -27.479  -33.379  -12.936 0.0000000000
47817  -28.327  -33.415  -12.407 0.0000000000
47818  -28.863  -33.722  -12.003 0.0000000000
47827  -24.682  -33.318  -14.077 0.0000000000
47828  -25.350  -33.636  -14.042 0.0000000000
47829  -26.311  -33.552  -13.639 0.0000000000
47830  -27.089  -33.688  -13.417 0.0000000000
47841  -24.271  -33.637  -14.495 0.0000000000
47842  -24.863  -33.725  -14.304 0.0000000000
48806  -22.830  -31.759  -5.720 0.0000000000
48807  -23.231  -31.931  -5.729 0.0000000000
48808  -23.848  -31.988  -5.754 0.0000000000
48822  -20.758  -32.320  -6.720 0.0000000000
48823  -21.471  -32.301  -6.317 0.0000000000
48824  -22.514  -32.282  -5.920 0.0000000000
48825  -23.513  -32.565  -6.024 0.0000000000
48826  -24.497  -32.361  -6.089 0.0000000000
48827  -25.614  -32.291  -6.227 0.0000000000
48828  -26.789  -32.135  -6.063 0.0000000000
48829  -27.907  -32.340  -6.023 0.0000000000
48830  -28.655  -32.521  -6.392 0.0000000000
48842  -19.911  -32.490  -7.530 0.0000000000
48843  -20.405  -32.520  -7.123 0.0000000000
48844  -29.159  -32.507  -6.746 0.0000000000
48845  -29.399  -32.667  -7.400 0.0000000000
48853  -19.353  -32.540  -8.289 0.0000000000
48854  -29.575  -32.764  -8.344 0.0000000000
48868  -18.384  -32.465  -10.186 0.0000000000
48869  -18.798  -32.779  -9.313 0.0000000000
48870  -29.564  -32.754  -9.248 0.0000000000
48882  -17.532  -32.307  -11.730 0.0000000000
48883  -18.122  -32.555  -11.156 0.0000000000
48884  -28.977  -32.267  -10.762 0.0000000000
48885  -29.395  -32.665  -10.186 0.0000000000
48898  -17.023  -32.459  -12.637 0.0000000000
48899  -17.801  -32.842  -12.181 0.0000000000
48900  -27.896  -32.291  -11.797 0.0000000000
48901  -28.556  -32.514  -11.400 0.0000000000
48902  -29.233  -32.893  -10.921 0.0000000000
48914  -25.871  -32.305  -13.041 0.0000000000
48915  -26.619  -32.478  -12.771 0.0000000000
48916  -27.581  -32.537  -12.302 0.0000000000
48917  -28.248  -32.755  -11.998 0.0000000000
48926  -24.780  -32.754  -13.732 0.0000000000
48927  -25.486  -32.695  -13.396 0.0000000000
48928  -26.195  -32.837  -13.189 0.0000000000
48936  -24.291  -32.785  -14.143 0.0000000000
50000  -23.044  -31.401  -5.651 0.0000000000
50001  -23.592  -31.432  -5.667 0.0000000000
50002  -24.276  -31.453  -5.750 0.0000000000
50018  -20.972  -31.518  -6.519 0.0000000000
50019  -21.801  -31.377  -6.023 0.0000000000
50020  -22.558  -31.379  -5.751 0.0000000000
50021  -25.134  -31.423  -5.910 0.0000000000
50022  -26.105  -31.328  -6.042 0.0000000000
50023  -26.908  -31.161  -6.061 0.0000000000
50024  -27.699  -31.380  -6.006 0.0000000000
50025  -28.787  -31.542  -6.261 0.0000000000
50026  -29.347  -31.087  -6.596 0.0000000000
50039  -19.632  -31.626  -7.795 0.0000000000
50040  -20.310  -31.723  -7.082 0.0000000000
50041  -29.129  -32.075  -6.512 0.0000000000
50042  -29.529  -31.641  -6.977 0.0000000000
50050  -18.340  -31.221  -9.305 0.0000000000
50051  -18.976  -31.631  -8.697 0.0000000000
50052  -29.727  -31.790  -8.083 0.0000000000
50063  -17.444  -31.207  -10.298 0.0000000000
50064  -17.983  -31.711  -10.397 0.0000000000
50065  -18.521  -31.934  -9.599 0.0000000000
50066  -29.694  -32.001  -8.880 0.0000000000
50077  -16.243  -31.311  -11.555 0.0000000000
50078  -16.954  -31.672  -11.384 0.0000000000
50079  -17.700  -32.035  -11.188 0.0000000000
50080  -29.162  -31.654  -10.399 0.0000000000
50081  -29.540  -31.774  -9.649 0.0000000000
50094  -16.474  -32.001  -12.274 0.0000000000
50095  -27.142  -31.135  -11.788 0.0000000000
50096  -27.712  -31.569  -11.563 0.0000000000
50097  -28.519  -31.604  -10.948 0.0000000000
50109  -24.954  -31.062  -12.952 0.0000000000
50110  -25.671  -31.546  -12.759 0.0000000000
50111  -26.880  -31.557  -12.177 0.0000000000
50112  -27.479  -32.006  -11.907 0.0000000000
50124  -23.762  -31.071  -14.089 0.0000000000
50125  -24.698  -31.646  -13.462 0.0000000000
50126  -25.428  -32.032  -13.155 0.0000000000
50138  -24.006  -31.956  -14.245 0.0000000000
50139  -24.460  -32.280  -13.880 0.0000000000
51239  -22.816  -31.012  -5.680 0.0000000000
51240  -23.233  -30.888  -5.672 0.0000000000
51241  -23.864  -30.899  -5.677 0.0000000000
51257  -20.633  -31.042  -6.838 0.0000000000
51258  -21.267  -30.432  -6.652 0.0000000000
51259  -22.537  -30.478  -5.978 0.0000000000
51260  -23.588  -30.271  -5.867 0.0000000000
51261  -24.568  -30.518  -5.834 0.0000000000
51262  -25.629  -30.495  -5.971 0.0000000000
51263  -26.563  -30.467  -6.090 0.0000000000
51264  -27.436  -30.525  -6.189 0.0000000000
51265  -28.328  -30.622  -6.255 0.0000000000
51266  -29.103  -30.617  -6.457 0.0000000000
51283  -19.436  -30.835  -8.087 0.0000000000
51284  -20.253  -30.606  -7.394 0.0000000000
51285  -20.835  -29.980  -7.182 0.0000000000
51286  -29.567  -30.529  -6.996 0.0000000000
51287  -29.933  -29.983  -7.528 0.0000000000
51300  -17.464  -30.320  -9.108 0.0000000000
51301  -17.858  -30.528  -8.953 0.0000000000
51302  -18.738  -30.556  -8.439 0.0000000000
51303  -29.932  -30.704  -7.906 0.0000000000
51304  -30.269  -29.809  -8.145 0.0000000000
51315  -15.975  -30.381  -10.230 0.0000000000
51316  -16.605  -30.516  -9.938 0.0000000000
51317  -17.301  -30.590  -9.571 0.0000000000
51318  -17.831  -31.032  -9.723 0.0000000000
51319  -29.995  -30.937  -9.028 0.0000000000
51320  -30.268  -30.215  -8.630 0.0000000000
51333  -15.596  -30.461  -11.075 0.0000000000
51334  -16.299  -30.958  -10.860 0.0000000000
51335  -16.933  -31.028  -10.381 0.0000000000
51336  -28.845  -30.960  -10.717 0.0000000000
51337  -29.541  -30.724  -10.199 0.0000000000
51348  -15.883  -30.979  -11.645 0.0000000000
51349  -26.787  -30.707  -11.975 0.0000000000
51350  -27.355  -30.734  -11.688 0.0000000000
51351  -28.200  -30.666  -11.331 0.0000000000
51352  -29.061  -30.308  -11.051 0.0000000000
51364  -23.734  -30.225  -13.285 0.0000000000
51365  -24.373  -30.526  -13.058 0.0000000000
51366  -25.112  -30.597  -12.630 0.0000000000
51367  -26.010  -30.692  -12.279 0.0000000000
51380  -23.368  -30.306  -13.743 0.0000000000
51381  -24.002  -30.723  -13.509 0.0000000000
52532  -22.156  -29.337  -6.557 0.0000000000
52533  -23.174  -29.469  -6.204 0.0000000000
52534  -24.187  -29.532  -6.080 0.0000000000
52535  -25.186  -29.636  -6.120 0.0000000000
52536  -26.168  -29.630  -6.179 0.0000000000
52537  -27.129  -29.694  -6.278 0.0000000000
52538  -28.009  -29.860  -6.409 0.0000000000
52539  -28.839  -29.902  -6.522 0.0000000000
52540  -29.300  -30.127  -6.688 0.0000000000
52557  -18.864  -29.258  -7.882 0.0000000000
52558  -19.365  -29.793  -7.840 0.0000000000
52559  -20.470  -29.518  -7.415 0.0000000000
52560  -21.253  -29.378  -7.046 0.0000000000
52561  -28.924  -29.342  -6.669 0.0000000000
52562  -29.437  -29.533  -7.029 0.0000000000
52563  -30.079  -29.305  -7.706 0.0000000000
52581  -16.662  -29.311  -8.969 0.0000000000
52582  -17.239  -29.812  -8.895 0.0000000000
52583  -18.367  -29.721  -8.231 0.0000000000
52584  -18.832  -30.044  -8.136 0.0000000000
52585  -30.371  -29.156  -8.225 0.0000000000
52595  -15.441  -29.765  -10.277 0.0000000000
52596  -16.276  -29.736  -9.464 0.0000000000
52597  -16.865  -30.169  -9.432 0.0000000000
52598  -30.331  -30.158  -9.091 0.0000000000
52599  -30.516  -29.418  -8.972 0.0000000000
52613  -14.445  -29.150  -11.532 0.0000000000
52614  -14.864  -29.706  -11.305 0.0000000000
52615  -30.201  -29.986  -9.715 0.0000000000
52616  -30.522  -29.102  -10.064 0.0000000000
52631  -27.019  -30.348  -11.955 0.0000000000
52632  -27.479  -30.078  -11.850 0.0000000000
52633  -28.541  -29.514  -11.734 0.0000000000
52634  -29.816  -29.464  -10.842 0.0000000000
52635  -30.356  -28.845  -10.657 0.0000000000
52648  -23.244  -29.449  -13.220 0.0000000000
52649  -23.641  -29.727  -13.082 0.0000000000
52650  -24.494  -29.895  -12.694 0.0000000000
52651  -25.345  -29.933  -12.408 0.0000000000
52652  -26.472  -29.890  -12.196 0.0000000000
52653  -27.403  -29.379  -12.305 0.0000000000
52654  -28.087  -28.954  -12.407 0.0000000000
52668  -22.802  -29.499  -13.488 0.0000000000
52669  -23.381  -29.913  -13.346 0.0000000000
53786  -22.376  -28.658  -6.773 0.0000000000
53787  -22.892  -28.724  -6.589 0.0000000000
53788  -23.811  -28.647  -6.453 0.0000000000
53789  -24.819  -28.811  -6.368 0.0000000000
53790  -25.737  -28.874  -6.368 0.0000000000
53791  -26.756  -28.666  -6.431 0.0000000000
53792  -27.827  -29.064  -6.483 0.0000000000
53793  -28.484  -29.360  -6.576 0.0000000000
53805  -19.225  -28.753  -7.735 0.0000000000
53806  -20.036  -28.737  -7.547 0.0000000000
53807  -20.942  -28.591  -7.366 0.0000000000
53808  -21.873  -28.470  -7.072 0.0000000000
53809  -22.671  -28.186  -6.946 0.0000000000
53810  -23.293  -28.203  -6.788 0.0000000000
53811  -27.058  -27.977  -6.614 0.0000000000
53812  -27.727  -28.226  -6.659 0.0000000000
53813  -28.762  -28.673  -6.815 0.0000000000
53814  -29.686  -28.503  -7.578 0.0000000000
53815  -30.226  -28.826  -7.941 0.0000000000
53835  -16.908  -28.841  -8.706 0.0000000000
53836  -17.689  -28.814  -8.343 0.0000000000
53837  -18.522  -28.733  -7.964 0.0000000000
53838  -29.903  -27.927  -7.972 0.0000000000
53839  -30.352  -28.382  -8.423 0.0000000000
53854  -14.699  -28.477  -10.101 0.0000000000
53855  -15.403  -28.841  -9.551 0.0000000000
53856  -16.282  -28.814  -9.027 0.0000000000
53857  -30.595  -28.358  -9.501 0.0000000000
53872  -14.409  -28.684  -10.979 0.0000000000
53873  -14.910  -29.128  -10.412 0.0000000000
53874  -30.528  -28.275  -10.441 0.0000000000
53885  -28.707  -28.692  -12.221 0.0000000000
53886  -29.506  -28.532  -11.797 0.0000000000
53887  -30.259  -28.472  -11.174 0.0000000000
53897  -23.270  -29.194  -13.128 0.0000000000
53898  -23.995  -29.253  -12.901 0.0000000000
53899  -24.756  -29.415  -12.726 0.0000000000
53900  -25.510  -29.237  -12.648 0.0000000000
53901  -26.477  -28.965  -12.633 0.0000000000
53902  -27.402  -28.661  -12.767 0.0000000000
53903  -28.329  -28.330  -12.793 0.0000000000
53904  -29.127  -28.211  -12.482 0.0000000000
53912  -22.649  -28.661  -13.349 0.0000000000
53913  -23.477  -28.665  -13.234 0.0000000000
53914  -24.540  -28.724  -13.054 0.0000000000
53915  -25.634  -28.514  -13.097 0.0000000000
53916  -26.630  -28.288  -13.206 0.0000000000
53917  -27.576  -27.993  -13.275 0.0000000000
53918  -28.369  -27.735  -13.248 0.0000000000
54965  -23.839  -27.965  -6.827 0.0000000000
54966  -24.556  -28.060  -6.687 0.0000000000
54967  -25.444  -28.182  -6.579 0.0000000000
54968  -26.062  -28.335  -6.510 0.0000000000
54980  -18.916  -28.071  -7.824 0.0000000000
54981  -19.650  -27.937  -7.711 0.0000000000
54982  -20.542  -27.840  -7.654 0.0000000000
54983  -21.483  -27.670  -7.602 0.0000000000
54984  -22.390  -27.632  -7.383 0.0000000000
54985  -23.319  -27.586  -7.182 0.0000000000
54986  -24.264  -27.433  -7.098 0.0000000000
54987  -25.197  -27.443  -6.922 0.0000000000
54988  -26.323  -27.663  -6.736 0.0000000000
54989  -27.398  -27.496  -6.890 0.0000000000
54990  -28.419  -27.669  -7.118 0.0000000000
54991  -29.074  -28.054  -7.275 0.0000000000
55010  -16.591  -28.331  -8.836 0.0000000000
55011  -17.124  -27.953  -8.617 0.0000000000
55012  -18.188  -27.795  -8.232 0.0000000000
55013  -19.134  -27.276  -8.089 0.0000000000
55014  -20.111  -27.134  -8.067 0.0000000000
55015  -21.017  -27.141  -8.037 0.0000000000
55016  -28.557  -27.121  -7.505 0.0000000000
55017  -29.280  -27.445  -7.700 0.0000000000
55018  -30.048  -27.431  -8.332 0.0000000000
55033  -14.291  -27.773  -10.331 0.0000000000
55034  -14.897  -27.813  -9.588 0.0000000000
55035  -16.074  -27.760  -9.123 0.0000000000
55036  -16.958  -27.122  -8.968 0.0000000000
55037  -30.491  -27.489  -9.050 0.0000000000
55052  -13.382  -27.157  -11.334 0.0000000000
55053  -13.740  -27.758  -11.161 0.0000000000
55054  -30.658  -27.427  -9.994 0.0000000000
55066  -30.147  -28.021  -11.730 0.0000000000
55067  -30.517  -27.424  -11.202 0.0000000000
55073  -29.001  -27.849  -12.943 0.0000000000
55074  -29.941  -27.467  -12.511 0.0000000000
55075  -30.479  -26.837  -11.882 0.0000000000
55082  -22.822  -28.109  -13.492 0.0000000000
55083  -23.746  -28.004  -13.608 0.0000000000
55084  -24.880  -28.029  -13.594 0.0000000000
55085  -25.894  -27.834  -13.631 0.0000000000
55086  -26.861  -27.550  -13.664 0.0000000000
55087  -27.876  -27.175  -13.723 0.0000000000
55088  -29.063  -27.238  -13.416 0.0000000000
55089  -29.682  -26.945  -13.188 0.0000000000
55093  -24.329  -27.545  -14.050 0.0000000000
55094  -25.235  -27.445  -14.171 0.0000000000
55095  -26.202  -27.188  -14.181 0.0000000000
55096  -27.077  -26.905  -14.108 0.0000000000
55097  -27.578  -26.784  -14.107 0.0000000000
56161  -21.556  -27.083  -7.934 0.0000000000
56162  -22.100  -27.021  -7.830 0.0000000000
56163  -22.970  -26.951  -7.706 0.0000000000
56164  -23.899  -26.900  -7.623 0.0000000000
56165  -24.839  -26.852  -7.513 0.0000000000
56166  -25.830  -26.857  -7.372 0.0000000000
56167  -26.871  -26.876  -7.325 0.0000000000
56168  -27.895  -26.912  -7.342 0.0000000000
56186  -17.652  -27.165  -8.697 0.0000000000
56187  -18.465  -26.766  -8.652 0.0000000000
56188  -19.600  -26.281  -8.676 0.0000000000
56189  -20.706  -26.459  -8.435 0.0000000000
56190  -21.659  -26.549  -8.287 0.0000000000
56191  -22.628  -26.413  -8.225 0.0000000000
56192  -23.562  -26.364  -8.164 0.0000000000
56193  -24.487  -26.356  -8.116 0.0000000000
56194  -25.419  -26.378  -8.066 0.0000000000
56195  -26.381  -26.386  -8.012 0.0000000000
56196  -27.403  -26.347  -7.907 0.0000000000
56197  -28.526  -26.539  -7.924 0.0000000000
56198  -29.536  -26.628  -8.374 0.0000000000
56199  -30.193  -26.849  -8.755 0.0000000000
56215  -14.529  -27.222  -9.933 0.0000000000
56216  -15.175  -26.766  -9.668 0.0000000000
56217  -16.405  -26.540  -9.388 0.0000000000
56218  -17.580  -26.323  -9.218 0.0000000000
56219  -18.668  -25.912  -9.173 0.0000000000
56220  -19.314  -25.705  -9.169 0.0000000000
56221  -29.949  -26.281  -8.834 0.0000000000
56222  -30.391  -26.532  -9.405 0.0000000000
56236  -13.541  -26.982  -11.088 0.0000000000
56237  -14.107  -26.619  -10.579 0.0000000000
56238  -14.903  -25.879  -10.184 0.0000000000
56239  -30.652  -26.473  -10.364 0.0000000000
56249  -12.265  -26.287  -11.624 0.0000000000
56250  -13.245  -26.317  -11.369 0.0000000000
56251  -13.772  -25.743  -11.014 0.0000000000
56252  -30.632  -26.256  -11.303 0.0000000000
56257  -29.993  -26.597  -13.016 0.0000000000
56258  -30.401  -26.080  -12.353 0.0000000000
56267  -23.026  -27.729  -13.757 0.0000000000
56268  -27.942  -26.643  -14.146 0.0000000000
56269  -28.605  -26.614  -13.953 0.0000000000
56270  -29.519  -26.321  -13.618 0.0000000000
56271  -30.062  -25.981  -13.158 0.0000000000
56280  -23.301  -27.229  -14.313 0.0000000000
56281  -24.545  -26.992  -14.637 0.0000000000
56282  -25.579  -26.802  -14.728 0.0000000000
56283  -26.584  -26.466  -14.719 0.0000000000
56284  -27.448  -26.412  -14.471 0.0000000000
56285  -28.205  -26.167  -14.427 0.0000000000
56286  -28.948  -25.995  -14.231 0.0000000000
56294  -23.882  -26.443  -15.202 0.0000000000
56295  -24.988  -26.336  -15.285 0.0000000000
56296  -25.903  -26.204  -15.226 0.0000000000
57497  -20.507  -25.835  -8.853 0.0000000000
57498  -21.338  -25.858  -8.766 0.0000000000
57499  -22.277  -25.836  -8.696 0.0000000000
57500  -23.235  -25.801  -8.650 0.0000000000
57501  -24.170  -25.845  -8.659 0.0000000000
57502  -25.056  -25.870  -8.601 0.0000000000
57503  -25.926  -25.889  -8.577 0.0000000000
57504  -26.859  -25.830  -8.525 0.0000000000
57505  -27.896  -25.749  -8.397 0.0000000000
57506  -28.949  -25.895  -8.534 0.0000000000
57507  -29.541  -26.070  -8.726 0.0000000000
57523  -15.787  -25.763  -9.809 0.0000000000
57524  -16.845  -25.581  -9.707 0.0000000000
57525  -17.965  -25.120  -9.691 0.0000000000
57526  -19.047  -25.238  -9.524 0.0000000000
57527  -19.942  -25.385  -9.284 0.0000000000
57528  -20.965  -25.270  -9.228 0.0000000000
57529  -21.926  -25.276  -9.226 0.0000000000
57530  -22.897  -25.234  -9.152 0.0000000000
57531  -23.870  -25.305  -9.176 0.0000000000
57532  -24.803  -25.386  -9.147 0.0000000000
57533  -25.543  -25.481  -9.015 0.0000000000
57534  -26.314  -25.361  -9.081 0.0000000000
57535  -27.277  -25.248  -9.043 0.0000000000
57536  -28.354  -25.188  -8.954 0.0000000000
57537  -29.666  -25.498  -9.151 0.0000000000
57538  -30.413  -25.788  -9.803 0.0000000000
57549  -13.814  -24.747  -10.965 0.0000000000
57550  -14.201  -25.247  -10.707 0.0000000000
57551  -15.233  -25.017  -10.195 0.0000000000
57552  -16.214  -24.922  -10.062 0.0000000000
57553  -17.063  -24.824  -10.048 0.0000000000
57554  -30.230  -25.104  -9.770 0.0000000000
57555  -30.558  -25.411  -10.511 0.0000000000
57567  -11.266  -25.127  -11.655 0.0000000000
57568  -12.350  -25.037  -11.791 0.0000000000
57569  -13.433  -25.115  -11.211 0.0000000000
57570  -13.790  -25.378  -10.960 0.0000000000
57571  -30.710  -25.259  -11.464 0.0000000000
57574  -11.624  -24.549  -11.860 0.0000000000
57575  -11.920  -24.426  -11.954 0.0000000000
57576  -30.650  -25.012  -12.238 0.0000000000
57580  -29.923  -25.691  -13.546 0.0000000000
57581  -30.359  -25.126  -13.187 0.0000000000
57590  -27.115  -26.083  -14.880 0.0000000000
57591  -27.651  -25.790  -14.859 0.0000000000
57592  -28.569  -25.387  -14.692 0.0000000000
57593  -29.654  -25.272  -14.152 0.0000000000
57594  -30.206  -24.486  -13.886 0.0000000000
57604  -23.344  -25.754  -15.811 0.0000000000
57605  -24.431  -25.646  -15.788 0.0000000000
57606  -25.528  -25.550  -15.660 0.0000000000
57607  -26.743  -25.559  -15.326 0.0000000000
57608  -27.801  -25.030  -15.220 0.0000000000
57609  -28.517  -24.657  -15.058 0.0000000000
58881  -18.198  -24.510  -10.072 0.0000000000
58882  -18.757  -24.608  -9.954 0.0000000000
58883  -19.617  -24.648  -9.783 0.0000000000
58884  -20.556  -24.659  -9.678 0.0000000000
58885  -21.545  -24.675  -9.696 0.0000000000
58886  -22.542  -24.695  -9.700 0.0000000000
58887  -23.543  -24.706  -9.662 0.0000000000
58888  -24.547  -24.779  -9.648 0.0000000000
58889  -25.626  -24.929  -9.585 0.0000000000
58890  -26.683  -24.796  -9.601 0.0000000000
58891  -27.630  -24.588  -9.551 0.0000000000
58892  -28.726  -24.561  -9.413 0.0000000000
58893  -29.659  -24.492  -9.683 0.0000000000
58905  -14.104  -24.451  -10.859 0.0000000000
58906  -14.760  -24.258  -10.618 0.0000000000
58907  -15.730  -24.260  -10.505 0.0000000000
58908  -16.646  -24.242  -10.412 0.0000000000
58909  -17.616  -24.249  -10.270 0.0000000000
58910  -18.434  -24.045  -10.294 0.0000000000
58911  -19.249  -24.000  -10.184 0.0000000000
58912  -20.158  -23.973  -10.067 0.0000000000
58913  -21.134  -24.014  -10.110 0.0000000000
58914  -22.164  -24.024  -10.109 0.0000000000
58915  -23.190  -24.063  -10.119 0.0000000000
58916  -24.186  -24.190  -10.192 0.0000000000
58917  -25.214  -24.275  -10.196 0.0000000000
58918  -26.269  -24.313  -10.166 0.0000000000
58919  -27.028  -24.281  -9.977 0.0000000000
58920  -30.266  -24.562  -10.139 0.0000000000
58921  -30.515  -24.459  -10.814 0.0000000000
58933  -10.966  -24.116  -11.775 0.0000000000
58934  -12.815  -24.214  -11.683 0.0000000000
58935  -13.605  -24.167  -11.239 0.0000000000
58936  -14.229  -23.836  -10.962 0.0000000000
58937  -30.630  -24.331  -11.628 0.0000000000
58939  -11.512  -23.975  -11.937 0.0000000000
58940  -12.071  -24.064  -11.988 0.0000000000
58941  -30.625  -24.185  -12.487 0.0000000000
58943  -30.490  -24.022  -13.320 0.0000000000
58946  -29.126  -24.680  -14.741 0.0000000000
58947  -29.774  -24.034  -14.530 0.0000000000
58948  -30.323  -23.805  -13.955 0.0000000000
58956  -22.961  -25.216  -16.278 0.0000000000
58957  -23.835  -24.853  -16.328 0.0000000000
58958  -24.976  -24.806  -16.211 0.0000000000
58959  -26.083  -24.655  -15.949 0.0000000000
58960  -27.151  -24.461  -15.685 0.0000000000
58961  -28.102  -24.193  -15.490 0.0000000000
58962  -29.003  -23.975  -15.164 0.0000000000
58963  -29.463  -23.566  -14.949 0.0000000000
58975  -23.010  -24.513  -16.643 0.0000000000
58976  -23.600  -24.348  -16.573 0.0000000000
60128  -27.448  -24.102  -9.972 0.0000000000
60129  -28.045  -23.996  -9.864 0.0000000000
60130  -28.945  -23.946  -9.804 0.0000000000
60144  -14.683  -23.658  -10.803 0.0000000000
60145  -15.285  -23.417  -10.741 0.0000000000
60146  -16.173  -23.592  -10.665 0.0000000000
60147  -17.032  -23.496  -10.558 0.0000000000
60148  -17.936  -23.409  -10.516 0.0000000000
60149  -18.807  -23.353  -10.469 0.0000000000
60150  -19.713  -23.257  -10.352 0.0000000000
60151  -20.699  -23.226  -10.312 0.0000000000
60152  -21.726  -23.260  -10.366 0.0000000000
60153  -22.823  -23.317  -10.594 0.0000000000
60154  -23.812  -23.569  -10.668 0.0000000000
60155  -24.784  -23.628  -10.686 0.0000000000
60156  -25.847  -23.686  -10.693 0.0000000000
60157  -27.207  -23.598  -10.513 0.0000000000
60158  -28.442  -23.530  -10.288 0.0000000000
60159  -29.727  -23.643  -10.353 0.0000000000
60160  -30.403  -23.754  -11.072 0.0000000000
60176  -10.906  -23.509  -12.052 0.0000000000
60177  -13.084  -23.420  -11.649 0.0000000000
60178  -13.776  -23.316  -11.325 0.0000000000
60179  -14.509  -23.165  -11.051 0.0000000000
60180  -15.001  -22.875  -10.951 0.0000000000
60181  -23.543  -23.039  -11.071 0.0000000000
60182  -24.316  -23.096  -11.224 0.0000000000
60183  -25.300  -23.109  -11.249 0.0000000000
60184  -26.315  -23.082  -11.155 0.0000000000
60185  -27.009  -22.983  -11.054 0.0000000000
60186  -30.093  -23.201  -11.066 0.0000000000
60187  -30.465  -23.348  -11.775 0.0000000000
60194  -11.431  -23.223  -12.253 0.0000000000
60195  -12.324  -23.368  -11.986 0.0000000000
60196  -30.538  -23.247  -12.733 0.0000000000
60199  -30.484  -23.182  -13.558 0.0000000000
60202  -29.774  -23.121  -14.783 0.0000000000
60203  -30.234  -23.197  -14.258 0.0000000000
60206  -23.877  -24.270  -16.541 0.0000000000
60207  -24.405  -24.143  -16.529 0.0000000000
60208  -25.456  -23.768  -16.508 0.0000000000
60209  -26.601  -23.750  -16.199 0.0000000000
60210  -27.596  -23.605  -15.999 0.0000000000
60211  -28.518  -23.367  -15.735 0.0000000000
60212  -29.270  -23.128  -15.310 0.0000000000
60224  -22.580  -23.797  -17.137 0.0000000000
60225  -23.647  -23.771  -16.813 0.0000000000
60226  -24.621  -23.420  -16.842 0.0000000000
60227  -25.166  -23.252  -16.841 0.0000000000
61368  -15.869  -23.106  -10.751 0.0000000000
61369  -16.430  -22.897  -10.733 0.0000000000
61370  -17.402  -22.545  -10.750 0.0000000000
61371  -18.328  -22.697  -10.663 0.0000000000
61372  -19.198  -22.609  -10.651 0.0000000000
61373  -20.221  -22.462  -10.727 0.0000000000
61374  -21.251  -22.574  -10.737 0.0000000000
61375  -22.220  -22.649  -10.901 0.0000000000
61376  -23.005  -22.739  -11.161 0.0000000000
61377  -28.033  -23.223  -10.669 0.0000000000
61378  -28.750  -23.052  -10.723 0.0000000000
61379  -29.526  -22.962  -10.946 0.0000000000
61392  -13.285  -22.647  -11.600 0.0000000000
61393  -13.954  -22.609  -11.402 0.0000000000
61394  -14.669  -22.457  -11.214 0.0000000000
61395  -15.584  -22.515  -10.950 0.0000000000
61396  -16.555  -22.145  -10.935 0.0000000000
61397  -17.150  -21.934  -10.988 0.0000000000
61398  -20.889  -22.031  -11.156 0.0000000000
61399  -21.712  -22.038  -11.348 0.0000000000
61400  -22.683  -22.211  -11.537 0.0000000000
61401  -23.704  -22.471  -11.668 0.0000000000
61402  -24.771  -22.549  -11.699 0.0000000000
61403  -25.792  -22.369  -11.696 0.0000000000
61404  -26.795  -22.535  -11.438 0.0000000000
61405  -27.807  -22.747  -11.152 0.0000000000
61406  -28.975  -22.464  -11.204 0.0000000000
61407  -29.984  -22.501  -11.436 0.0000000000
61408  -30.384  -22.400  -12.246 0.0000000000
61420  -11.915  -22.436  -12.310 0.0000000000
61421  -12.662  -22.709  -11.864 0.0000000000
61422  -24.367  -22.011  -12.086 0.0000000000
61423  -25.205  -21.985  -11.983 0.0000000000
61424  -25.612  -21.970  -11.920 0.0000000000
61425  -30.496  -22.390  -13.086 0.0000000000
61434  -30.462  -22.420  -13.944 0.0000000000
61442  -29.774  -22.288  -15.168 0.0000000000
61443  -30.160  -22.538  -14.556 0.0000000000
61451  -25.531  -23.040  -16.791 0.0000000000
61452  -26.186  -23.029  -16.571 0.0000000000
61453  -27.101  -22.948  -16.415 0.0000000000
61454  -28.049  -22.803  -16.304 0.0000000000
61455  -28.994  -22.398  -15.984 0.0000000000
61472  -23.061  -22.984  -17.393 0.0000000000
61473  -24.029  -22.854  -17.244 0.0000000000
61474  -25.005  -22.733  -17.167 0.0000000000
61475  -25.809  -22.436  -16.946 0.0000000000
61476  -26.639  -22.302  -16.771 0.0000000000
61477  -27.510  -22.171  -16.620 0.0000000000
61478  -28.281  -22.031  -16.442 0.0000000000
62608  -18.029  -22.195  -10.779 0.0000000000
62609  -18.635  -22.006  -10.816 0.0000000000
62610  -19.534  -21.878  -10.970 0.0000000000
62611  -20.300  -21.804  -11.233 0.0000000000
62617  -13.493  -22.176  -11.566 0.0000000000
62618  -13.985  -21.836  -11.529 0.0000000000
62619  -14.983  -21.720  -11.330 0.0000000000
62620  -15.953  -21.589  -11.220 0.0000000000
62621  -16.869  -21.522  -11.302 0.0000000000
62622  -17.836  -21.623  -11.147 0.0000000000
62623  -18.955  -21.340  -11.305 0.0000000000
62624  -19.907  -21.351  -11.570 0.0000000000
62625  -20.959  -21.393  -11.858 0.0000000000
62626  -22.208  -21.572  -12.067 0.0000000000
62627  -23.209  -21.829  -12.066 0.0000000000
62628  -23.787  -21.978  -12.102 0.0000000000
62629  -26.555  -21.972  -11.823 0.0000000000
62630  -27.401  -22.011  -11.749 0.0000000000
62631  -28.397  -21.948  -11.662 0.0000000000
62632  -29.386  -21.845  -11.682 0.0000000000
62633  -30.154  -21.867  -11.980 0.0000000000
62634  -30.312  -21.948  -12.264 0.0000000000
62645  -12.844  -21.630  -11.899 0.0000000000
62646  -13.660  -21.212  -11.718 0.0000000000
62647  -21.623  -21.233  -12.535 0.0000000000
62648  -22.260  -21.207  -12.701 0.0000000000
62649  -22.972  -21.289  -12.543 0.0000000000
62650  -23.900  -21.464  -12.438 0.0000000000
62651  -24.910  -21.422  -12.409 0.0000000000
62652  -25.894  -21.550  -12.147 0.0000000000
62653  -26.981  -21.395  -12.155 0.0000000000
62654  -27.956  -21.383  -12.171 0.0000000000
62655  -28.914  -21.286  -12.075 0.0000000000
62656  -29.743  -21.357  -12.200 0.0000000000
62657  -30.276  -21.629  -12.601 0.0000000000
62671  -30.418  -21.577  -13.538 0.0000000000
62679  -29.997  -21.654  -15.144 0.0000000000
62680  -30.298  -21.649  -14.542 0.0000000000
62690  -29.583  -21.424  -15.640 0.0000000000
62691  -30.108  -21.204  -15.132 0.0000000000
62710  -23.391  -22.094  -17.433 0.0000000000
62711  -24.355  -21.980  -17.402 0.0000000000
62712  -25.289  -21.846  -17.317 0.0000000000
62713  -26.165  -21.688  -17.147 0.0000000000
62714  -27.041  -21.544  -16.987 0.0000000000
62715  -27.903  -21.349  -16.707 0.0000000000
62716  -28.826  -21.362  -16.391 0.0000000000
63975  -14.374  -21.031  -11.629 0.0000000000
63976  -15.386  -20.912  -11.565 0.0000000000
63977  -16.390  -20.872  -11.617 0.0000000000
63978  -17.371  -20.872  -11.686 0.0000000000
63979  -18.403  -20.787  -11.773 0.0000000000
63980  -19.423  -20.784  -11.948 0.0000000000
63981  -20.297  -20.998  -12.163 0.0000000000
63982  -20.704  -21.111  -12.264 0.0000000000
63990  -13.593  -20.483  -12.136 0.0000000000
63991  -14.809  -20.282  -12.042 0.0000000000
63992  -15.895  -20.265  -12.089 0.0000000000
63993  -16.906  -20.314  -12.196 0.0000000000
63994  -17.883  -20.366  -12.363 0.0000000000
63995  -18.963  -20.309  -12.688 0.0000000000
63996  -19.922  -20.572  -12.687 0.0000000000
63997  -20.876  -20.927  -12.753 0.0000000000
63998  -21.852  -20.901  -13.109 0.0000000000
63999  -22.705  -20.780  -13.004 0.0000000000
64000  -23.590  -20.768  -12.872 0.0000000000
64001  -24.536  -20.774  -12.829 0.0000000000
64002  -25.635  -20.563  -12.766 0.0000000000
64003  -26.601  -20.718  -12.536 0.0000000000
64004  -27.570  -20.723  -12.516 0.0000000000
64005  -28.523  -20.692  -12.483 0.0000000000
64006  -29.456  -20.731  -12.571 0.0000000000
64007  -29.978  -21.053  -12.583 0.0000000000
64020  -19.181  -20.175  -13.175 0.0000000000
64021  -19.570  -20.234  -13.251 0.0000000000
64022  -20.416  -20.322  -13.399 0.0000000000
64023  -21.387  -20.294  -13.471 0.0000000000
64024  -22.361  -20.207  -13.410 0.0000000000
64025  -23.296  -20.138  -13.298 0.0000000000
64026  -24.217  -20.147  -13.229 0.0000000000
64027  -25.034  -20.161  -13.150 0.0000000000
64028  -29.603  -20.280  -13.020 0.0000000000
64029  -30.100  -20.707  -13.161 0.0000000000
64038  -30.344  -20.811  -13.979 0.0000000000
64048  -29.961  -20.551  -15.426 0.0000000000
64049  -30.276  -20.703  -14.719 0.0000000000
64069  -23.682  -21.235  -17.650 0.0000000000
64070  -24.690  -21.156  -17.616 0.0000000000
64071  -25.632  -21.063  -17.513 0.0000000000
64072  -26.531  -20.938  -17.376 0.0000000000
64073  -27.424  -20.742  -17.198 0.0000000000
64074  -28.440  -20.355  -16.971 0.0000000000
64075  -29.396  -20.464  -16.231 0.0000000000
64095  -24.067  -20.448  -17.955 0.0000000000
64096  -25.072  -20.423  -17.896 0.0000000000
64097  -26.010  -20.375  -17.835 0.0000000000
64098  -26.895  -20.242  -17.717 0.0000000000
64099  -27.718  -19.996  -17.536 0.0000000000
64100  -28.201  -19.788  -17.405 0.0000000000
65426  -14.309  -19.711  -12.712 0.0000000000
65427  -15.443  -19.723  -12.697 0.0000000000
65428  -16.496  -19.776  -12.745 0.0000000000
65429  -17.453  -19.928  -12.879 0.0000000000
65430  -18.265  -20.087  -13.031 0.0000000000
65431  -25.956  -20.117  -12.983 0.0000000000
65432  -26.370  -20.110  -12.951 0.0000000000
65433  -27.249  -20.099  -12.907 0.0000000000
65434  -28.173  -20.074  -12.854 0.0000000000
65435  -29.068  -20.072  -12.845 0.0000000000
65444  -16.137  -19.460  -13.484 0.0000000000
65445  -17.134  -19.553  -13.513 0.0000000000
65446  -18.062  -19.737  -13.596 0.0000000000
65447  -19.036  -19.962  -13.551 0.0000000000
65448  -19.967  -19.859  -13.801 0.0000000000
65449  -20.903  -19.426  -13.823 0.0000000000
65450  -21.995  -19.444  -13.691 0.0000000000
65451  -22.988  -19.395  -13.609 0.0000000000
65452  -23.968  -19.409  -13.597 0.0000000000
65453  -24.920  -19.505  -13.505 0.0000000000
65454  -25.895  -19.697  -13.250 0.0000000000
65455  -26.944  -19.492  -13.256 0.0000000000
65456  -27.879  -19.460  -13.228 0.0000000000
65457  -28.753  -19.495  -13.225 0.0000000000
65458  -29.658  -19.711  -13.604 0.0000000000
65459  -30.143  -20.311  -13.746 0.0000000000
65469  -16.859  -19.296  -14.268 0.0000000000
65470  -17.814  -19.304  -14.226 0.0000000000
65471  -18.750  -19.329  -14.197 0.0000000000
65472  -19.665  -19.344  -14.154 0.0000000000
65473  -20.258  -19.356  -14.041 0.0000000000
65474  -29.909  -19.331  -14.687 0.0000000000
65475  -30.185  -20.115  -14.278 0.0000000000
65482  -29.855  -19.500  -15.744 0.0000000000
65483  -30.180  -20.000  -14.968 0.0000000000
65495  -28.566  -19.574  -17.316 0.0000000000
65496  -29.223  -19.438  -16.856 0.0000000000
65504  -23.543  -19.802  -18.408 0.0000000000
65505  -24.523  -19.778  -18.329 0.0000000000
65506  -25.485  -19.785  -18.282 0.0000000000
65507  -26.388  -19.723  -18.221 0.0000000000
65508  -27.219  -19.541  -18.059 0.0000000000
65509  -28.049  -19.186  -17.785 0.0000000000
65510  -28.751  -19.016  -17.437 0.0000000000
65521  -23.948  -19.170  -18.993 0.0000000000
65522  -24.986  -19.210  -18.778 0.0000000000
65523  -25.889  -19.170  -18.697 0.0000000000
65524  -26.738  -19.043  -18.590 0.0000000000
65525  -27.435  -18.899  -18.391 0.0000000000
66756  -21.058  -18.764  -13.986 0.0000000000
66757  -21.703  -18.556  -13.952 0.0000000000
66758  -22.660  -18.690  -13.865 0.0000000000
66759  -23.673  -18.495  -14.017 0.0000000000
66760  -24.731  -18.732  -13.943 0.0000000000
66761  -25.690  -18.801  -13.728 0.0000000000
66762  -26.659  -18.806  -13.588 0.0000000000
66763  -27.622  -18.782  -13.550 0.0000000000
66764  -28.522  -18.861  -13.582 0.0000000000
66765  -29.104  -19.083  -13.603 0.0000000000
66774  -17.593  -18.818  -14.836 0.0000000000
66775  -18.488  -18.731  -14.680 0.0000000000
66776  -19.460  -18.539  -14.598 0.0000000000
66777  -20.516  -18.662  -14.239 0.0000000000
66778  -21.155  -18.430  -14.095 0.0000000000
66779  -23.996  -17.845  -14.286 0.0000000000
66780  -24.595  -17.958  -14.259 0.0000000000
66781  -25.500  -18.045  -14.166 0.0000000000
66782  -26.436  -18.079  -14.003 0.0000000000
66783  -27.364  -18.098  -13.917 0.0000000000
66784  -28.282  -18.157  -13.970 0.0000000000
66785  -29.279  -18.474  -14.239 0.0000000000
66800  -18.305  -18.142  -15.182 0.0000000000
66801  -18.985  -18.157  -14.957 0.0000000000
66802  -29.674  -18.395  -15.382 0.0000000000
66818  -29.556  -18.450  -16.438 0.0000000000
66828  -28.623  -18.402  -17.911 0.0000000000
66829  -29.185  -18.465  -17.314 0.0000000000
66838  -24.604  -18.725  -19.314 0.0000000000
66839  -25.407  -18.649  -19.209 0.0000000000
66840  -26.261  -18.528  -19.111 0.0000000000
66841  -27.166  -18.291  -19.032 0.0000000000
66842  -27.979  -18.369  -18.494 0.0000000000
66860  -23.740  -18.420  -19.944 0.0000000000
66861  -24.865  -18.151  -19.746 0.0000000000
66862  -25.754  -17.997  -19.581 0.0000000000
66863  -26.521  -17.890  -19.478 0.0000000000
66881  -23.588  -17.928  -20.796 0.0000000000
68051  -21.985  -17.937  -14.106 0.0000000000
68052  -22.521  -18.068  -14.075 0.0000000000
68053  -23.058  -18.215  -14.059 0.0000000000
68062  -19.507  -17.811  -14.921 0.0000000000
68063  -20.259  -17.545  -14.738 0.0000000000
68064  -21.366  -17.762  -14.326 0.0000000000
68065  -22.343  -17.468  -14.343 0.0000000000
68066  -23.337  -17.601  -14.310 0.0000000000
68067  -24.331  -17.265  -14.425 0.0000000000
68068  -25.267  -17.240  -14.414 0.0000000000
68069  -26.219  -17.345  -14.364 0.0000000000
68070  -27.134  -17.430  -14.310 0.0000000000
68071  -27.964  -17.488  -14.301 0.0000000000
68072  -28.705  -17.467  -14.530 0.0000000000
68089  -19.112  -17.474  -15.304 0.0000000000
68090  -19.706  -17.351  -15.057 0.0000000000
68091  -29.360  -17.382  -15.181 0.0000000000
68107  -29.555  -17.437  -16.163 0.0000000000
68118  -29.052  -17.832  -17.806 0.0000000000
68119  -29.401  -17.532  -17.169 0.0000000000
68126  -27.820  -17.722  -19.057 0.0000000000
68127  -28.579  -17.467  -18.533 0.0000000000
68128  -29.182  -17.208  -17.930 0.0000000000
68141  -24.375  -17.786  -20.522 0.0000000000
68142  -25.293  -17.536  -20.241 0.0000000000
68143  -26.187  -17.402  -20.007 0.0000000000
68144  -27.208  -17.244  -19.758 0.0000000000
68145  -28.071  -17.092  -19.323 0.0000000000
68160  -23.873  -17.624  -21.426 0.0000000000
68161  -24.854  -17.241  -21.273 0.0000000000
68162  -25.791  -16.992  -20.759 0.0000000000
68163  -26.572  -16.895  -20.497 0.0000000000
68177  -24.119  -17.332  -22.457 0.0000000000
68178  -24.888  -16.817  -22.127 0.0000000000
69293  -20.551  -16.871  -14.978 0.0000000000
69294  -21.074  -16.952  -14.781 0.0000000000
69295  -21.922  -16.746  -14.774 0.0000000000
69296  -22.862  -16.769  -14.598 0.0000000000
69297  -23.804  -16.660  -14.633 0.0000000000
69298  -24.890  -16.349  -14.807 0.0000000000
69299  -25.968  -16.603  -14.733 0.0000000000
69300  -26.908  -16.745  -14.684 0.0000000000
69301  -27.784  -16.859  -14.618 0.0000000000
69302  -28.303  -17.053  -14.613 0.0000000000
69313  -19.946  -16.631  -15.362 0.0000000000
69314  -20.911  -16.485  -15.179 0.0000000000
69315  -21.427  -16.545  -15.011 0.0000000000
69316  -25.186  -15.810  -15.232 0.0000000000
69317  -25.756  -15.963  -15.208 0.0000000000
69318  -26.638  -16.113  -15.168 0.0000000000
69319  -27.553  -16.237  -15.069 0.0000000000
69320  -28.548  -16.522  -15.131 0.0000000000
69334  -29.287  -16.461  -16.048 0.0000000000
69345  -29.459  -16.632  -16.929 0.0000000000
69355  -29.114  -16.389  -18.368 0.0000000000
69356  -29.367  -16.767  -17.604 0.0000000000
69369  -27.997  -16.260  -19.870 0.0000000000
69370  -28.515  -16.539  -19.114 0.0000000000
69386  -25.526  -16.587  -21.601 0.0000000000
69387  -26.327  -16.420  -21.184 0.0000000000
69388  -27.216  -16.234  -20.736 0.0000000000
69400  -24.765  -16.885  -23.073 0.0000000000
69401  -25.373  -16.398  -22.504 0.0000000000
69402  -26.005  -15.886  -22.052 0.0000000000
69403  -26.761  -15.822  -21.520 0.0000000000
69415  -25.407  -16.445  -23.559 0.0000000000
69416  -25.734  -15.967  -22.895 0.0000000000
70552  -22.045  -16.341  -15.025 0.0000000000
70553  -22.430  -16.251  -14.969 0.0000000000
70554  -23.252  -16.104  -14.924 0.0000000000
70555  -24.045  -16.013  -14.988 0.0000000000
70564  -20.634  -15.955  -15.658 0.0000000000
70565  -21.723  -16.044  -15.301 0.0000000000
70566  -22.680  -15.626  -15.306 0.0000000000
70567  -23.597  -15.491  -15.320 0.0000000000
70568  -24.582  -15.535  -15.357 0.0000000000
70569  -25.421  -15.406  -15.552 0.0000000000
70570  -26.315  -15.409  -15.619 0.0000000000
70571  -27.208  -15.609  -15.509 0.0000000000
70572  -27.978  -15.737  -15.473 0.0000000000
70585  -26.945  -15.032  -15.800 0.0000000000
70586  -27.681  -15.097  -15.895 0.0000000000
70587  -28.549  -15.549  -16.124 0.0000000000
70596  -29.069  -15.081  -17.431 0.0000000000
70597  -29.180  -15.617  -17.029 0.0000000000
70608  -29.203  -15.157  -18.064 0.0000000000
70609  -29.311  -16.107  -17.596 0.0000000000
70621  -28.236  -15.569  -20.059 0.0000000000
70622  -28.690  -15.418  -19.382 0.0000000000
70638  -27.900  -15.550  -20.605 0.0000000000
70639  -28.331  -15.019  -20.427 0.0000000000
70652  -26.707  -15.427  -22.148 0.0000000000
70653  -27.556  -15.161  -21.607 0.0000000000
70654  -28.067  -15.035  -21.019 0.0000000000
70664  -25.927  -16.056  -23.528 0.0000000000
70665  -26.277  -15.503  -23.037 0.0000000000
70666  -27.016  -14.891  -22.703 0.0000000000
70681  -26.910  -15.144  -23.828 0.0000000000
71778  -22.019  -15.102  -15.791 0.0000000000
71779  -22.977  -14.903  -15.702 0.0000000000
71780  -23.934  -14.822  -15.712 0.0000000000
71781  -24.852  -14.838  -15.857 0.0000000000
71782  -25.705  -14.856  -15.995 0.0000000000
71783  -26.409  -14.803  -16.017 0.0000000000
71796  -23.252  -14.213  -16.167 0.0000000000
71797  -24.211  -14.162  -16.199 0.0000000000
71798  -25.123  -14.245  -16.356 0.0000000000
71799  -26.013  -14.294  -16.407 0.0000000000
71800  -27.014  -14.373  -16.232 0.0000000000
71801  -28.122  -14.483  -16.527 0.0000000000
71802  -28.734  -15.039  -16.848 0.0000000000
71813  -28.793  -14.469  -17.376 0.0000000000
71814  -28.943  -15.067  -17.188 0.0000000000
71824  -28.985  -14.088  -18.228 0.0000000000
71835  -29.072  -14.211  -19.058 0.0000000000
71853  -28.705  -14.210  -20.141 0.0000000000
71872  -27.931  -14.615  -21.830 0.0000000000
71873  -28.330  -14.308  -21.425 0.0000000000
71887  -27.800  -14.287  -22.438 0.0000000000
71888  -28.289  -13.773  -22.229 0.0000000000
71902  -27.390  -14.409  -23.478 0.0000000000
71916  -27.537  -14.664  -24.528 0.0000000000
71917  -28.007  -14.418  -25.081 0.0000000000
71931  -28.346  -14.328  -25.832 0.0000000000
73192  -23.506  -13.540  -16.729 0.0000000000
73193  -24.479  -13.545  -16.710 0.0000000000
73194  -25.409  -13.592  -16.756 0.0000000000
73195  -26.362  -13.624  -16.755 0.0000000000
73196  -27.365  -13.631  -16.795 0.0000000000
73197  -28.159  -13.705  -17.094 0.0000000000
73209  -23.814  -13.028  -17.323 0.0000000000
73210  -24.728  -13.021  -17.289 0.0000000000
73211  -25.669  -13.052  -17.330 0.0000000000
73212  -26.632  -13.024  -17.328 0.0000000000
73213  -27.576  -13.051  -17.452 0.0000000000
73214  -28.466  -13.338  -17.865 0.0000000000
73226  -28.866  -13.282  -18.761 0.0000000000
73238  -29.039  -13.153  -19.797 0.0000000000
73239  -29.142  -12.612  -20.496 0.0000000000
73253  -28.972  -13.252  -20.940 0.0000000000
73254  -29.204  -12.447  -21.135 0.0000000000
73274  -28.715  -13.081  -22.063 0.0000000000
73275  -29.068  -12.755  -21.528 0.0000000000
73299  -27.792  -13.839  -23.369 0.0000000000
73300  -28.188  -13.334  -22.956 0.0000000000
73320  -27.802  -14.011  -24.122 0.0000000000
73321  -28.118  -13.392  -23.954 0.0000000000
73339  -27.915  -14.208  -24.625 0.0000000000
73340  -28.336  -13.792  -24.888 0.0000000000
73350  -28.824  -13.557  -25.903 0.0000000000
73351  -29.202  -13.125  -26.271 0.0000000000
73360  -29.148  -13.453  -26.827 0.0000000000
74586  -24.015  -12.487  -17.817 0.0000000000
74587  -24.953  -12.464  -17.848 0.0000000000
74588  -25.910  -12.500  -17.920 0.0000000000
74589  -26.857  -12.455  -17.924 0.0000000000
74590  -27.744  -12.541  -18.111 0.0000000000
74591  -28.381  -12.673  -18.496 0.0000000000
74606  -24.184  -11.894  -18.406 0.0000000000
74607  -25.210  -11.868  -18.383 0.0000000000
74608  -26.152  -11.847  -18.423 0.0000000000
74609  -27.078  -11.895  -18.485 0.0000000000
74610  -27.897  -12.053  -18.714 0.0000000000
74611  -28.628  -12.288  -19.216 0.0000000000
74624  -28.976  -12.155  -20.030 0.0000000000
74625  -29.197  -11.970  -20.644 0.0000000000
74639  -29.310  -11.791  -21.267 0.0000000000
74656  -28.927  -12.453  -22.484 0.0000000000
74657  -29.253  -12.158  -21.995 0.0000000000
74678  -28.658  -12.573  -22.977 0.0000000000
74679  -29.116  -12.002  -22.927 0.0000000000
74701  -28.519  -12.738  -23.802 0.0000000000
74702  -28.995  -12.103  -23.720 0.0000000000
74721  -28.613  -13.013  -24.673 0.0000000000
74722  -29.095  -12.352  -24.597 0.0000000000
74735  -28.747  -13.277  -25.243 0.0000000000
74736  -29.228  -12.787  -25.599 0.0000000000
74746  -29.617  -12.714  -26.748 0.0000000000
74747  -30.048  -12.344  -27.166 0.0000000000
74758  -29.522  -13.232  -27.598 0.0000000000
74759  -29.952  -12.594  -27.694 0.0000000000
75939  -23.923  -11.395  -18.899 0.0000000000
75940  -24.608  -11.300  -18.830 0.0000000000
75941  -25.473  -11.086  -18.859 0.0000000000
75942  -26.431  -11.099  -18.895 0.0000000000
75943  -27.390  -11.415  -18.962 0.0000000000
75944  -28.086  -11.584  -19.174 0.0000000000
75971  -24.045  -10.842  -19.434 0.0000000000
75972  -24.901  -10.787  -19.196 0.0000000000
75973  -25.272  -10.764  -19.147 0.0000000000
75974  -27.079  -10.838  -19.245 0.0000000000
75975  -27.804  -10.971  -19.362 0.0000000000
75976  -28.618  -11.222  -19.816 0.0000000000
75977  -29.028  -11.619  -20.288 0.0000000000
76009  -28.762  -10.700  -20.374 0.0000000000
76010  -29.187  -11.104  -20.772 0.0000000000
76041  -29.483  -11.151  -21.835 0.0000000000
76060  -29.488  -11.271  -22.776 0.0000000000
76078  -29.408  -11.437  -23.648 0.0000000000
76092  -29.429  -11.645  -24.468 0.0000000000
76105  -29.695  -11.786  -25.487 0.0000000000
76106  -30.194  -11.397  -26.036 0.0000000000
76118  -29.699  -12.303  -26.106 0.0000000000
76119  -30.173  -11.911  -26.649 0.0000000000
76132  -30.252  -12.061  -27.557 0.0000000000
76143  -30.431  -12.147  -28.483 0.0000000000
76144  -30.802  -11.723  -29.152 0.0000000000
76157  -30.884  -12.265  -29.240 0.0000000000
76158  -31.513  -11.907  -29.641 0.0000000000
76159  -32.756  -11.768  -29.906 0.0000000000
77309  -25.839  -10.788  -19.030 0.0000000000
77310  -26.033  -10.665  -19.160 0.0000000000
77334  -24.208  -10.485  -19.936 0.0000000000
77335  -24.663  -10.477  -19.700 0.0000000000
77336  -25.460  -10.471  -19.474 0.0000000000
77337  -26.405  -10.465  -19.441 0.0000000000
77338  -27.372  -10.325  -19.776 0.0000000000
77339  -28.065  -10.645  -19.704 0.0000000000
77365  -24.490  -10.161  -20.325 0.0000000000
77366  -24.949  -10.235  -19.927 0.0000000000
77367  -27.642  -9.985  -20.249 0.0000000000
77368  -28.244  -10.287  -20.229 0.0000000000
77369  -28.885  -10.216  -20.823 0.0000000000
77400  -29.409  -10.207  -21.584 0.0000000000
77416  -29.857  -10.199  -22.685 0.0000000000
77417  -30.157  -9.665  -23.163 0.0000000000
77432  -29.844  -10.685  -23.592 0.0000000000
77433  -30.271  -9.931  -23.587 0.0000000000
77444  -29.792  -10.999  -24.434 0.0000000000
77445  -30.294  -10.239  -24.457 0.0000000000
77456  -29.778  -11.299  -24.960 0.0000000000
77457  -30.233  -10.815  -25.488 0.0000000000
77469  -30.493  -11.063  -26.598 0.0000000000
77481  -30.537  -11.266  -27.709 0.0000000000
77482  -30.730  -10.905  -28.405 0.0000000000
77495  -30.662  -11.384  -28.635 0.0000000000
77496  -30.975  -10.960  -29.162 0.0000000000
77507  -31.966  -10.948  -29.873 0.0000000000
77508  -33.106  -10.772  -30.223 0.0000000000
77509  -34.152  -10.783  -30.256 0.0000000000
77523  -33.611  -10.156  -30.397 0.0000000000
77524  -34.266  -10.000  -30.273 0.0000000000
78592  -25.518  -10.164  -19.877 0.0000000000
78593  -25.881  -10.081  -19.876 0.0000000000
78594  -26.575  -10.013  -19.958 0.0000000000
78615  -24.716  -9.884  -20.557 0.0000000000
78616  -25.232  -9.928  -20.274 0.0000000000
78617  -26.138  -9.695  -20.435 0.0000000000
78618  -27.068  -9.724  -20.464 0.0000000000
78619  -27.854  -9.638  -20.639 0.0000000000
78620  -28.454  -9.732  -20.845 0.0000000000
78649  -24.450  -9.609  -21.124 0.0000000000
78650  -25.565  -9.339  -21.063 0.0000000000
78651  -26.510  -9.249  -21.105 0.0000000000
78652  -27.380  -9.206  -21.171 0.0000000000
78653  -28.193  -9.195  -21.269 0.0000000000
78654  -28.940  -9.416  -21.479 0.0000000000
78680  -29.535  -9.245  -22.263 0.0000000000
78681  -30.022  -9.246  -22.914 0.0000000000
78696  -30.282  -9.222  -23.538 0.0000000000
78708  -30.487  -9.354  -24.292 0.0000000000
78718  -30.702  -9.485  -25.476 0.0000000000
78719  -31.096  -8.941  -26.012 0.0000000000
78729  -30.688  -10.231  -26.572 0.0000000000
78730  -31.129  -9.340  -26.655 0.0000000000
78740  -30.684  -10.657  -27.216 0.0000000000
78741  -30.948  -10.103  -27.957 0.0000000000
78754  -31.415  -10.035  -29.313 0.0000000000
78766  -32.107  -9.914  -30.079 0.0000000000
78767  -32.868  -9.620  -30.488 0.0000000000
78776  -33.679  -9.381  -30.451 0.0000000000
78777  -34.485  -9.287  -30.375 0.0000000000
79816  -25.078  -8.886  -21.796 0.0000000000
79817  -25.995  -8.730  -21.744 0.0000000000
79818  -26.890  -8.655  -21.719 0.0000000000
79819  -27.769  -8.613  -21.782 0.0000000000
79820  -28.612  -8.695  -21.929 0.0000000000
79821  -29.116  -8.870  -22.064 0.0000000000
79839  -25.556  -8.388  -22.684 0.0000000000
79840  -26.422  -8.272  -22.429 0.0000000000
79841  -27.270  -8.104  -22.373 0.0000000000
79842  -28.200  -8.000  -22.483 0.0000000000
79843  -29.247  -8.253  -22.745 0.0000000000
79844  -29.723  -8.774  -22.799 0.0000000000
79866  -29.581  -8.064  -23.376 0.0000000000
79867  -29.918  -8.485  -23.415 0.0000000000
79879  -30.375  -8.670  -24.023 0.0000000000
79890  -30.660  -8.560  -24.754 0.0000000000
79891  -31.019  -8.451  -25.581 0.0000000000
79902  -31.360  -8.457  -26.415 0.0000000000
79913  -31.582  -8.709  -27.572 0.0000000000
79914  -31.835  -8.454  -28.424 0.0000000000
79927  -31.524  -9.171  -28.670 0.0000000000
79928  -31.916  -8.570  -29.102 0.0000000000
79941  -31.749  -9.275  -29.510 0.0000000000
79942  -32.278  -8.768  -29.965 0.0000000000
79954  -33.063  -8.607  -30.507 0.0000000000
81047  -25.681  -8.134  -23.115 0.0000000000
81048  -26.018  -7.984  -23.056 0.0000000000
81049  -26.775  -7.762  -23.059 0.0000000000
81050  -27.568  -7.638  -23.065 0.0000000000
81051  -28.432  -7.434  -23.625 0.0000000000
81077  -26.286  -7.682  -23.646 0.0000000000
81078  -27.152  -7.317  -24.026 0.0000000000
81079  -29.291  -7.694  -23.652 0.0000000000
81080  -29.739  -7.925  -23.782 0.0000000000
81091  -28.942  -7.150  -24.344 0.0000000000
81092  -29.600  -7.542  -24.207 0.0000000000
81093  -30.176  -7.874  -24.308 0.0000000000
81106  -28.242  -6.837  -24.778 0.0000000000
81107  -30.741  -7.707  -25.115 0.0000000000
81108  -31.185  -7.630  -25.938 0.0000000000
81123  -31.567  -7.626  -26.927 0.0000000000
81138  -31.942  -7.637  -28.105 0.0000000000
81139  -32.115  -8.128  -28.657 0.0000000000
81152  -32.180  -7.163  -28.602 0.0000000000
81153  -32.380  -7.716  -29.104 0.0000000000
81165  -32.707  -7.734  -30.124 0.0000000000
82266  -29.518  -7.155  -24.618 0.0000000000
82267  -29.862  -7.403  -24.527 0.0000000000
82277  -30.105  -6.996  -24.976 0.0000000000
82278  -30.773  -7.034  -25.550 0.0000000000
82287  -28.469  -6.406  -25.512 0.0000000000
82288  -30.404  -6.499  -25.714 0.0000000000
82289  -31.034  -6.676  -26.363 0.0000000000
82302  -31.463  -6.697  -27.444 0.0000000000
82316  -31.868  -6.596  -28.332 0.0000000000
82317  -32.311  -6.707  -28.974 0.0000000000
82327  -32.577  -6.863  -29.660 0.0000000000
83390  -29.055  -6.625  -25.019 0.0000000000
83391  -29.775  -6.275  -25.561 0.0000000000
83405  -29.012  -5.800  -26.018 0.0000000000
83406  -30.220  -5.788  -26.343 0.0000000000
83407  -30.959  -5.979  -27.042 0.0000000000
148457  -28.752  -6.882  -24.712 0.0000000000
148458  -28.549  -7.152  -24.258 0.0000000000
148459  -28.591  -6.630  -25.101 0.0000000000
