#!ascii label  , from subject ab_data vox2ras=TkReg
854
41504  -36.566  -39.552  -12.060 0.0000000000
41505  -36.911  -39.483  -12.867 0.0000000000
41518  -37.237  -39.412  -13.359 0.0000000000
41535  -37.508  -39.279  -13.797 0.0000000000
41536  -37.962  -39.205  -14.436 0.0000000000
41546  -38.521  -39.134  -15.111 0.0000000000
41547  -39.218  -39.146  -15.676 0.0000000000
42570  -37.866  -38.590  -9.555 0.0000000000
42571  -38.775  -38.601  -9.419 0.0000000000
42589  -36.859  -38.748  -10.336 0.0000000000
42590  -37.210  -38.616  -9.914 0.0000000000
42604  -36.613  -38.893  -10.829 0.0000000000
42619  -36.562  -38.837  -11.533 0.0000000000
42620  -36.732  -38.655  -12.308 0.0000000000
42633  -37.129  -38.567  -13.202 0.0000000000
42648  -37.607  -38.334  -14.035 0.0000000000
42649  -38.206  -38.198  -14.725 0.0000000000
42658  -38.899  -37.980  -15.505 0.0000000000
42659  -39.717  -38.239  -16.102 0.0000000000
42667  -40.598  -38.355  -16.409 0.0000000000
42668  -41.627  -38.389  -16.605 0.0000000000
43676  -38.836  -36.870  -8.984 0.0000000000
43677  -39.277  -37.004  -8.873 0.0000000000
43678  -40.130  -37.144  -8.798 0.0000000000
43692  -37.589  -37.956  -9.740 0.0000000000
43693  -38.438  -37.471  -9.316 0.0000000000
43694  -39.448  -37.821  -9.163 0.0000000000
43711  -36.792  -38.463  -10.635 0.0000000000
43712  -37.046  -37.953  -10.359 0.0000000000
43724  -36.704  -38.283  -11.027 0.0000000000
43725  -36.883  -37.538  -11.179 0.0000000000
43737  -36.742  -38.136  -11.675 0.0000000000
43738  -37.024  -37.421  -12.284 0.0000000000
43748  -37.450  -37.423  -13.431 0.0000000000
43763  -37.934  -37.350  -14.211 0.0000000000
43764  -38.529  -37.156  -14.855 0.0000000000
43774  -39.096  -36.895  -15.350 0.0000000000
43775  -39.814  -37.136  -15.788 0.0000000000
43776  -40.650  -36.978  -16.021 0.0000000000
43783  -40.375  -37.605  -16.210 0.0000000000
43784  -41.304  -37.384  -16.321 0.0000000000
43785  -42.503  -37.433  -16.535 0.0000000000
44739  -38.613  -36.640  -9.109 0.0000000000
44740  -39.074  -36.369  -8.776 0.0000000000
44741  -39.829  -36.328  -8.472 0.0000000000
44742  -40.835  -36.419  -8.420 0.0000000000
44754  -37.568  -37.202  -9.797 0.0000000000
44755  -38.131  -36.566  -9.475 0.0000000000
44766  -37.214  -36.962  -10.492 0.0000000000
44775  -37.173  -36.673  -11.308 0.0000000000
44787  -37.363  -36.358  -12.009 0.0000000000
44798  -37.633  -36.292  -12.878 0.0000000000
44799  -38.103  -36.050  -13.537 0.0000000000
44813  -37.845  -36.681  -13.691 0.0000000000
44814  -38.341  -36.359  -14.223 0.0000000000
44824  -38.883  -36.155  -14.924 0.0000000000
44825  -39.622  -36.070  -15.412 0.0000000000
44826  -40.584  -36.152  -15.763 0.0000000000
44827  -41.459  -35.918  -15.909 0.0000000000
44835  -41.237  -36.566  -16.043 0.0000000000
44836  -42.205  -36.348  -16.197 0.0000000000
44837  -43.347  -36.405  -16.670 0.0000000000
45733  -42.231  -34.830  -7.841 0.0000000000
45753  -38.652  -35.950  -9.094 0.0000000000
45754  -39.465  -35.428  -8.581 0.0000000000
45755  -40.459  -35.507  -8.189 0.0000000000
45756  -41.568  -35.442  -8.051 0.0000000000
45769  -37.646  -36.489  -9.983 0.0000000000
45770  -38.142  -35.758  -9.813 0.0000000000
45771  -38.858  -35.095  -9.240 0.0000000000
45784  -37.549  -36.145  -10.568 0.0000000000
45785  -38.054  -35.415  -10.670 0.0000000000
45794  -37.568  -35.858  -11.362 0.0000000000
45795  -38.126  -35.258  -11.507 0.0000000000
45805  -37.732  -35.714  -12.125 0.0000000000
45806  -38.231  -35.229  -12.261 0.0000000000
45817  -37.940  -35.635  -12.593 0.0000000000
45818  -38.302  -35.411  -13.015 0.0000000000
45819  -38.744  -35.024  -13.376 0.0000000000
45832  -38.526  -35.555  -13.761 0.0000000000
45833  -38.991  -34.934  -13.931 0.0000000000
45843  -38.813  -35.610  -14.341 0.0000000000
45844  -39.536  -35.113  -14.666 0.0000000000
45845  -40.300  -35.156  -15.358 0.0000000000
45846  -41.146  -35.159  -15.769 0.0000000000
45855  -42.050  -35.203  -16.097 0.0000000000
45856  -43.132  -35.254  -16.438 0.0000000000
46728  -41.682  -34.359  -7.776 0.0000000000
46729  -42.426  -34.219  -7.801 0.0000000000
46745  -39.607  -34.272  -8.850 0.0000000000
46746  -40.292  -34.604  -8.265 0.0000000000
46747  -40.973  -34.787  -7.978 0.0000000000
46761  -38.585  -34.916  -10.020 0.0000000000
46762  -39.124  -34.440  -9.558 0.0000000000
46775  -38.603  -34.776  -10.873 0.0000000000
46776  -39.015  -34.262  -10.241 0.0000000000
46787  -38.667  -34.719  -11.718 0.0000000000
46788  -39.132  -34.235  -11.100 0.0000000000
46802  -38.715  -34.781  -12.525 0.0000000000
46803  -39.197  -34.241  -12.004 0.0000000000
46818  -38.731  -34.879  -13.013 0.0000000000
46819  -39.214  -34.393  -13.071 0.0000000000
46831  -39.565  -34.209  -14.049 0.0000000000
46832  -40.050  -33.952  -14.350 0.0000000000
46845  -39.836  -34.379  -14.493 0.0000000000
46846  -40.252  -34.234  -14.851 0.0000000000
46847  -40.906  -34.220  -15.461 0.0000000000
46859  -41.708  -34.206  -15.934 0.0000000000
46860  -42.654  -34.181  -16.245 0.0000000000
46861  -43.905  -34.052  -16.487 0.0000000000
47750  -41.008  -33.249  -7.838 0.0000000000
47751  -41.541  -33.565  -7.758 0.0000000000
47752  -42.127  -33.591  -7.750 0.0000000000
47764  -39.769  -33.115  -8.648 0.0000000000
47765  -40.363  -33.636  -8.250 0.0000000000
47766  -40.955  -34.032  -7.910 0.0000000000
47767  -42.790  -33.524  -7.941 0.0000000000
47781  -39.297  -33.590  -9.517 0.0000000000
47791  -38.846  -33.140  -10.626 0.0000000000
47792  -39.102  -33.628  -10.448 0.0000000000
47805  -38.762  -32.969  -11.009 0.0000000000
47806  -39.109  -33.476  -11.376 0.0000000000
47819  -39.452  -33.584  -12.348 0.0000000000
47831  -39.904  -33.438  -13.366 0.0000000000
47832  -40.288  -32.946  -13.667 0.0000000000
47843  -40.006  -33.682  -14.035 0.0000000000
47844  -40.561  -33.225  -14.332 0.0000000000
47845  -41.116  -32.642  -14.733 0.0000000000
47860  -40.756  -33.629  -15.080 0.0000000000
47861  -41.580  -33.021  -15.390 0.0000000000
47862  -42.364  -32.323  -15.667 0.0000000000
47874  -42.211  -33.549  -15.962 0.0000000000
47875  -42.871  -32.898  -16.168 0.0000000000
47876  -44.291  -32.968  -16.803 0.0000000000
47889  -40.065  -33.237  -17.663 0.0000000000
47890  -40.576  -33.245  -17.630 0.0000000000
47891  -41.764  -33.216  -17.664 0.0000000000
47901  -40.074  -33.394  -18.034 0.0000000000
47902  -40.929  -33.558  -18.337 0.0000000000
47909  -40.211  -33.382  -18.844 0.0000000000
47910  -41.058  -33.442  -19.466 0.0000000000
48846  -41.176  -32.770  -7.870 0.0000000000
48847  -41.582  -32.966  -7.803 0.0000000000
48848  -41.903  -33.200  -7.764 0.0000000000
48855  -39.833  -32.218  -8.488 0.0000000000
48856  -40.612  -32.550  -8.091 0.0000000000
48857  -41.522  -32.359  -7.967 0.0000000000
48858  -42.326  -32.716  -7.951 0.0000000000
48859  -43.232  -32.749  -8.243 0.0000000000
48871  -38.543  -32.171  -9.617 0.0000000000
48872  -39.189  -32.418  -9.086 0.0000000000
48886  -38.451  -32.483  -10.483 0.0000000000
48887  -38.865  -32.934  -9.909 0.0000000000
48903  -38.679  -32.644  -11.570 0.0000000000
48904  -39.135  -33.147  -11.972 0.0000000000
48918  -38.659  -32.315  -12.200 0.0000000000
48919  -39.290  -32.703  -12.544 0.0000000000
48929  -39.884  -32.591  -13.371 0.0000000000
48930  -40.326  -32.466  -13.934 0.0000000000
48937  -40.841  -32.286  -14.408 0.0000000000
48938  -41.435  -32.118  -14.869 0.0000000000
48954  -42.011  -31.950  -15.428 0.0000000000
48955  -42.680  -31.781  -15.885 0.0000000000
48968  -38.418  -31.709  -16.818 0.0000000000
48969  -39.145  -31.891  -16.629 0.0000000000
48970  -40.587  -31.805  -16.591 0.0000000000
48971  -41.949  -31.683  -16.648 0.0000000000
48972  -43.100  -31.953  -16.608 0.0000000000
48986  -37.556  -31.684  -17.778 0.0000000000
48987  -38.218  -32.062  -17.363 0.0000000000
48988  -39.668  -32.865  -17.403 0.0000000000
48989  -41.207  -32.507  -17.100 0.0000000000
48990  -42.577  -32.300  -17.224 0.0000000000
49002  -37.767  -31.955  -18.391 0.0000000000
49003  -38.525  -32.599  -18.392 0.0000000000
49004  -39.410  -33.102  -18.651 0.0000000000
49010  -38.101  -32.136  -19.104 0.0000000000
49011  -38.773  -32.415  -19.518 0.0000000000
49012  -39.842  -32.934  -19.741 0.0000000000
49013  -40.610  -33.047  -20.334 0.0000000000
49016  -39.240  -32.279  -20.308 0.0000000000
49017  -39.957  -32.471  -20.827 0.0000000000
49018  -40.892  -32.935  -21.127 0.0000000000
49021  -40.477  -32.378  -21.585 0.0000000000
50053  -39.613  -31.419  -8.741 0.0000000000
50054  -40.364  -31.560  -8.380 0.0000000000
50055  -41.241  -31.593  -8.208 0.0000000000
50056  -42.164  -31.669  -8.245 0.0000000000
50057  -43.122  -31.814  -8.473 0.0000000000
50058  -43.605  -32.201  -8.567 0.0000000000
50067  -37.519  -30.766  -10.152 0.0000000000
50068  -37.937  -31.390  -9.899 0.0000000000
50069  -38.826  -31.411  -9.237 0.0000000000
50070  -43.418  -31.109  -8.962 0.0000000000
50071  -44.071  -31.566  -9.113 0.0000000000
50082  -37.455  -31.051  -10.658 0.0000000000
50083  -38.022  -31.802  -10.998 0.0000000000
50098  -37.576  -31.239  -11.557 0.0000000000
50099  -38.196  -31.885  -11.926 0.0000000000
50113  -37.833  -31.262  -12.469 0.0000000000
50114  -38.622  -31.843  -12.691 0.0000000000
50115  -39.312  -32.078  -13.163 0.0000000000
50127  -38.206  -31.209  -13.105 0.0000000000
50128  -38.893  -31.393  -13.480 0.0000000000
50129  -39.733  -31.832  -13.798 0.0000000000
50130  -40.348  -31.859  -14.253 0.0000000000
50140  -39.295  -31.243  -14.063 0.0000000000
50141  -39.850  -31.316  -14.488 0.0000000000
50142  -40.801  -31.514  -14.806 0.0000000000
50143  -41.495  -31.569  -15.300 0.0000000000
50161  -40.060  -31.080  -15.205 0.0000000000
50162  -40.999  -31.196  -15.591 0.0000000000
50163  -42.020  -31.394  -15.859 0.0000000000
50164  -42.633  -31.377  -16.330 0.0000000000
50178  -37.792  -30.980  -16.653 0.0000000000
50179  -38.339  -31.222  -16.480 0.0000000000
50180  -39.857  -31.122  -16.005 0.0000000000
50181  -41.381  -31.260  -16.173 0.0000000000
50182  -42.434  -31.431  -16.183 0.0000000000
50183  -42.828  -31.450  -16.399 0.0000000000
50192  -37.067  -30.781  -17.423 0.0000000000
50193  -37.457  -31.128  -17.170 0.0000000000
50194  -38.061  -31.569  -16.921 0.0000000000
50201  -36.961  -30.829  -17.705 0.0000000000
50202  -37.154  -31.268  -18.263 0.0000000000
50206  -37.613  -31.440  -19.407 0.0000000000
50207  -38.237  -31.879  -19.646 0.0000000000
50210  -37.640  -31.055  -20.203 0.0000000000
50211  -38.489  -31.543  -20.527 0.0000000000
50212  -39.301  -31.992  -20.857 0.0000000000
50215  -38.773  -31.178  -21.365 0.0000000000
50216  -39.679  -31.608  -21.687 0.0000000000
50217  -40.586  -32.152  -22.115 0.0000000000
50222  -40.096  -31.209  -22.486 0.0000000000
51305  -39.739  -30.932  -8.779 0.0000000000
51306  -40.095  -30.874  -8.655 0.0000000000
51307  -40.914  -30.798  -8.530 0.0000000000
51308  -41.842  -30.815  -8.589 0.0000000000
51309  -42.784  -30.917  -8.789 0.0000000000
51321  -37.698  -30.322  -9.812 0.0000000000
51322  -38.470  -30.455  -9.394 0.0000000000
51323  -39.520  -30.509  -8.975 0.0000000000
51324  -40.493  -30.134  -8.884 0.0000000000
51325  -41.425  -30.072  -9.040 0.0000000000
51326  -42.369  -30.171  -9.320 0.0000000000
51338  -36.786  -29.977  -10.978 0.0000000000
51339  -37.197  -30.241  -10.425 0.0000000000
51353  -36.771  -30.048  -11.672 0.0000000000
51354  -37.093  -30.568  -11.217 0.0000000000
51368  -36.824  -30.084  -12.489 0.0000000000
51369  -37.212  -30.650  -12.124 0.0000000000
51382  -36.815  -29.988  -13.015 0.0000000000
51383  -37.486  -30.517  -13.326 0.0000000000
51384  -38.304  -30.963  -13.517 0.0000000000
51395  -37.845  -30.235  -14.520 0.0000000000
51396  -38.651  -30.792  -14.144 0.0000000000
51397  -39.299  -31.005  -14.382 0.0000000000
51414  -37.855  -30.112  -15.471 0.0000000000
51415  -38.643  -30.487  -15.034 0.0000000000
51416  -39.343  -30.827  -14.779 0.0000000000
51427  -37.054  -29.975  -16.663 0.0000000000
51428  -37.701  -30.525  -16.392 0.0000000000
51429  -38.599  -30.724  -15.776 0.0000000000
51430  -39.311  -30.830  -15.380 0.0000000000
51438  -36.877  -30.340  -17.390 0.0000000000
51439  -37.232  -30.507  -16.898 0.0000000000
51447  -36.716  -30.383  -18.329 0.0000000000
51448  -36.968  -30.795  -19.030 0.0000000000
51455  -36.712  -30.169  -19.141 0.0000000000
51456  -37.123  -30.468  -19.839 0.0000000000
51463  -37.719  -30.491  -20.779 0.0000000000
51464  -38.336  -30.842  -21.227 0.0000000000
51472  -38.160  -30.269  -21.426 0.0000000000
51473  -38.826  -30.571  -21.860 0.0000000000
51474  -39.601  -30.873  -22.319 0.0000000000
51480  -39.364  -30.287  -22.484 0.0000000000
51481  -40.272  -30.588  -22.992 0.0000000000
52600  -37.380  -29.482  -9.954 0.0000000000
52601  -38.083  -29.519  -9.502 0.0000000000
52602  -38.990  -29.507  -9.203 0.0000000000
52603  -39.976  -29.379  -9.035 0.0000000000
52604  -40.970  -29.259  -9.278 0.0000000000
52605  -41.904  -29.334  -9.786 0.0000000000
52606  -42.689  -29.608  -10.015 0.0000000000
52617  -36.671  -29.409  -11.273 0.0000000000
52618  -36.915  -29.440  -10.577 0.0000000000
52636  -36.564  -29.450  -12.054 0.0000000000
52655  -36.605  -29.598  -12.729 0.0000000000
52670  -36.674  -29.570  -13.459 0.0000000000
52671  -37.141  -29.904  -14.162 0.0000000000
52681  -36.686  -29.308  -14.463 0.0000000000
52682  -37.313  -29.716  -14.928 0.0000000000
52694  -36.884  -29.278  -15.427 0.0000000000
52695  -37.343  -29.712  -15.476 0.0000000000
52706  -36.863  -29.242  -16.297 0.0000000000
52707  -37.356  -29.729  -15.998 0.0000000000
52715  -36.713  -29.375  -17.095 0.0000000000
52720  -36.580  -29.501  -17.935 0.0000000000
52725  -36.594  -29.542  -18.767 0.0000000000
52726  -36.755  -29.529  -19.546 0.0000000000
52729  -37.119  -29.519  -20.405 0.0000000000
52736  -37.744  -29.454  -21.424 0.0000000000
52737  -38.337  -29.934  -21.782 0.0000000000
52742  -37.945  -28.913  -21.924 0.0000000000
52743  -38.696  -29.438  -22.443 0.0000000000
52744  -39.578  -29.933  -22.827 0.0000000000
52748  -39.171  -28.894  -23.113 0.0000000000
52749  -40.084  -29.400  -23.418 0.0000000000
53858  -37.731  -28.712  -9.722 0.0000000000
53859  -38.495  -28.646  -9.375 0.0000000000
53860  -39.413  -28.566  -9.207 0.0000000000
53861  -40.384  -28.483  -9.383 0.0000000000
53862  -41.417  -28.350  -9.992 0.0000000000
53863  -42.073  -28.713  -10.291 0.0000000000
53875  -36.781  -28.877  -10.896 0.0000000000
53876  -37.185  -28.670  -10.311 0.0000000000
53888  -36.599  -28.649  -11.607 0.0000000000
53889  -36.914  -28.293  -10.932 0.0000000000
53905  -36.432  -28.815  -12.625 0.0000000000
53919  -36.324  -28.492  -13.762 0.0000000000
53921  -36.418  -28.563  -14.902 0.0000000000
53928  -36.585  -28.542  -15.817 0.0000000000
53939  -36.659  -28.557  -16.675 0.0000000000
53943  -36.747  -28.533  -17.588 0.0000000000
53944  -37.064  -28.125  -18.233 0.0000000000
53948  -36.716  -28.786  -18.436 0.0000000000
53949  -37.056  -28.246  -18.927 0.0000000000
53953  -36.728  -28.908  -19.105 0.0000000000
53954  -36.865  -28.547  -19.796 0.0000000000
53957  -37.061  -28.534  -20.797 0.0000000000
53965  -37.472  -28.387  -21.579 0.0000000000
53974  -37.973  -28.351  -22.255 0.0000000000
53975  -38.620  -28.331  -22.925 0.0000000000
53981  -39.519  -28.300  -23.510 0.0000000000
53982  -40.833  -28.288  -24.131 0.0000000000
55038  -37.588  -28.240  -10.046 0.0000000000
55039  -38.062  -27.855  -9.811 0.0000000000
55040  -38.861  -27.851  -9.406 0.0000000000
55041  -39.761  -27.704  -9.481 0.0000000000
55042  -40.600  -27.813  -9.732 0.0000000000
55055  -37.454  -27.789  -10.493 0.0000000000
55056  -37.887  -27.473  -10.217 0.0000000000
55057  -40.285  -27.229  -9.735 0.0000000000
55058  -41.099  -27.307  -10.070 0.0000000000
55068  -36.510  -28.170  -12.098 0.0000000000
55069  -36.896  -27.628  -11.566 0.0000000000
55076  -36.541  -27.688  -12.702 0.0000000000
55077  -36.898  -27.183  -12.186 0.0000000000
55090  -36.410  -27.549  -13.658 0.0000000000
55098  -36.322  -27.734  -14.472 0.0000000000
55101  -36.388  -27.820  -15.350 0.0000000000
55111  -36.559  -27.695  -16.181 0.0000000000
55112  -36.822  -27.158  -16.794 0.0000000000
55118  -36.720  -27.886  -17.003 0.0000000000
55119  -37.148  -27.473  -17.639 0.0000000000
55124  -37.418  -27.514  -18.564 0.0000000000
55129  -37.333  -27.572  -19.455 0.0000000000
55136  -37.096  -27.721  -20.246 0.0000000000
55152  -37.139  -27.519  -21.028 0.0000000000
55169  -37.526  -27.491  -21.847 0.0000000000
55170  -38.029  -27.447  -22.605 0.0000000000
55183  -38.804  -27.423  -23.327 0.0000000000
55184  -39.825  -27.393  -24.005 0.0000000000
55188  -40.905  -27.279  -24.634 0.0000000000
56223  -38.553  -27.451  -9.728 0.0000000000
56224  -39.029  -27.188  -9.648 0.0000000000
56225  -39.684  -26.984  -9.720 0.0000000000
56240  -37.782  -27.309  -10.436 0.0000000000
56241  -38.262  -27.001  -10.210 0.0000000000
56242  -39.155  -26.492  -10.014 0.0000000000
56243  -40.199  -26.438  -9.961 0.0000000000
56253  -37.563  -27.061  -10.904 0.0000000000
56254  -37.989  -26.407  -11.063 0.0000000000
56259  -36.921  -26.955  -12.589 0.0000000000
56260  -37.428  -26.613  -11.963 0.0000000000
56261  -37.962  -26.114  -11.664 0.0000000000
56272  -36.718  -26.968  -13.259 0.0000000000
56273  -37.247  -26.541  -12.886 0.0000000000
56287  -36.550  -26.972  -14.114 0.0000000000
56288  -37.117  -26.463  -13.690 0.0000000000
56297  -36.502  -27.106  -15.011 0.0000000000
56298  -36.960  -26.420  -14.626 0.0000000000
56305  -36.531  -27.300  -15.607 0.0000000000
56306  -36.840  -26.604  -15.829 0.0000000000
56314  -30.458  -26.305  -17.932 0.0000000000
56315  -31.198  -26.213  -17.752 0.0000000000
56316  -32.043  -26.082  -17.660 0.0000000000
56317  -32.554  -25.887  -17.806 0.0000000000
56318  -37.382  -26.286  -17.070 0.0000000000
56319  -37.817  -25.651  -17.221 0.0000000000
56325  -29.847  -26.590  -18.602 0.0000000000
56326  -30.889  -26.598  -18.633 0.0000000000
56327  -31.747  -26.414  -18.532 0.0000000000
56328  -32.486  -26.071  -18.463 0.0000000000
56329  -37.728  -26.710  -18.110 0.0000000000
56330  -38.035  -25.848  -17.751 0.0000000000
56343  -31.477  -26.477  -19.503 0.0000000000
56344  -32.236  -26.190  -19.454 0.0000000000
56345  -37.893  -26.862  -19.042 0.0000000000
56346  -38.389  -26.189  -18.578 0.0000000000
56365  -37.704  -26.630  -20.203 0.0000000000
56366  -38.439  -26.276  -19.365 0.0000000000
56382  -37.479  -26.690  -21.308 0.0000000000
56399  -37.717  -26.611  -22.074 0.0000000000
56400  -38.267  -26.498  -22.843 0.0000000000
56416  -39.129  -26.487  -23.611 0.0000000000
56417  -40.098  -26.456  -24.395 0.0000000000
56424  -41.147  -26.395  -25.054 0.0000000000
57556  -38.598  -26.198  -10.585 0.0000000000
57557  -39.314  -25.501  -10.561 0.0000000000
57558  -40.484  -25.513  -10.248 0.0000000000
57572  -38.418  -25.790  -11.294 0.0000000000
57573  -38.895  -25.140  -11.753 0.0000000000
57577  -37.608  -26.237  -12.599 0.0000000000
57578  -38.117  -25.800  -12.347 0.0000000000
57579  -38.912  -25.170  -12.856 0.0000000000
57582  -37.653  -26.072  -13.178 0.0000000000
57583  -38.255  -25.590  -13.456 0.0000000000
57584  -38.955  -25.209  -13.844 0.0000000000
57595  -37.589  -25.901  -14.065 0.0000000000
57596  -38.280  -25.412  -14.421 0.0000000000
57597  -38.862  -25.156  -14.397 0.0000000000
57610  -37.477  -25.779  -15.044 0.0000000000
57611  -38.131  -25.258  -15.319 0.0000000000
57617  -31.723  -24.963  -16.722 0.0000000000
57618  -32.014  -25.044  -16.658 0.0000000000
57619  -37.537  -25.666  -16.052 0.0000000000
57620  -38.159  -25.053  -16.179 0.0000000000
57626  -29.916  -25.873  -17.774 0.0000000000
57627  -30.575  -25.563  -17.478 0.0000000000
57628  -31.490  -25.277  -17.028 0.0000000000
57629  -32.591  -25.473  -17.155 0.0000000000
57630  -33.473  -25.239  -17.597 0.0000000000
57631  -34.089  -24.940  -17.928 0.0000000000
57632  -37.769  -25.497  -16.766 0.0000000000
57633  -38.242  -25.068  -17.158 0.0000000000
57648  -29.086  -25.694  -17.952 0.0000000000
57649  -33.034  -25.683  -18.118 0.0000000000
57650  -33.740  -25.313  -18.532 0.0000000000
57651  -34.660  -25.064  -18.634 0.0000000000
57652  -35.436  -24.986  -18.947 0.0000000000
57653  -38.746  -25.204  -18.152 0.0000000000
57654  -39.551  -25.059  -18.662 0.0000000000
57655  -40.149  -24.903  -18.932 0.0000000000
57670  -33.092  -25.652  -19.369 0.0000000000
57671  -34.124  -25.289  -19.607 0.0000000000
57672  -35.116  -25.276  -19.683 0.0000000000
57673  -36.010  -25.023  -19.626 0.0000000000
57674  -36.536  -24.612  -19.864 0.0000000000
57675  -39.117  -25.828  -19.001 0.0000000000
57676  -39.745  -25.396  -19.381 0.0000000000
57677  -40.364  -24.996  -19.481 0.0000000000
57678  -42.765  -25.291  -20.543 0.0000000000
57698  -34.687  -25.481  -20.753 0.0000000000
57699  -35.695  -25.401  -20.691 0.0000000000
57700  -36.431  -24.903  -20.610 0.0000000000
57701  -38.179  -25.925  -20.537 0.0000000000
57702  -38.923  -25.683  -20.055 0.0000000000
57703  -40.089  -25.375  -20.005 0.0000000000
57704  -40.535  -25.077  -19.886 0.0000000000
57724  -36.279  -25.220  -21.736 0.0000000000
57725  -37.851  -26.024  -21.068 0.0000000000
57726  -38.391  -25.439  -20.899 0.0000000000
57745  -37.758  -26.209  -21.604 0.0000000000
57746  -38.086  -25.553  -21.976 0.0000000000
57760  -38.593  -25.606  -23.072 0.0000000000
57761  -39.411  -25.548  -23.932 0.0000000000
57770  -40.416  -25.544  -24.738 0.0000000000
57771  -41.279  -25.545  -25.439 0.0000000000
58922  -40.005  -24.830  -10.534 0.0000000000
58923  -40.722  -24.730  -10.480 0.0000000000
58938  -39.596  -24.457  -11.216 0.0000000000
58942  -39.402  -24.460  -12.291 0.0000000000
58944  -39.606  -24.562  -13.354 0.0000000000
58945  -40.165  -24.373  -13.963 0.0000000000
58949  -38.711  -25.106  -14.814 0.0000000000
58950  -39.438  -24.855  -14.502 0.0000000000
58951  -40.480  -24.530  -14.687 0.0000000000
58952  -41.136  -24.463  -14.995 0.0000000000
58964  -38.804  -24.850  -15.431 0.0000000000
58965  -39.672  -24.646  -15.497 0.0000000000
58966  -40.582  -24.592  -15.618 0.0000000000
58967  -41.505  -24.567  -15.626 0.0000000000
58968  -42.310  -24.497  -15.852 0.0000000000
58969  -42.903  -24.311  -16.051 0.0000000000
58977  -31.722  -24.493  -16.555 0.0000000000
58978  -32.621  -24.533  -16.448 0.0000000000
58979  -33.603  -24.306  -16.491 0.0000000000
58980  -34.485  -24.201  -16.695 0.0000000000
58981  -35.278  -24.024  -16.977 0.0000000000
58982  -38.887  -24.592  -16.323 0.0000000000
58983  -39.797  -24.364  -16.425 0.0000000000
58984  -40.747  -24.363  -16.547 0.0000000000
58985  -41.672  -24.494  -16.590 0.0000000000
58986  -42.507  -24.565  -16.600 0.0000000000
58987  -43.391  -24.488  -16.550 0.0000000000
58991  -29.839  -24.877  -17.503 0.0000000000
58992  -30.621  -24.584  -17.187 0.0000000000
58993  -31.100  -24.316  -16.819 0.0000000000
58994  -33.280  -24.953  -16.887 0.0000000000
58995  -33.937  -24.698  -17.199 0.0000000000
58996  -34.788  -24.573  -17.613 0.0000000000
58997  -35.753  -24.156  -17.700 0.0000000000
58998  -36.344  -23.994  -18.100 0.0000000000
58999  -39.099  -24.524  -17.272 0.0000000000
59000  -39.966  -24.158  -17.378 0.0000000000
59001  -40.987  -23.936  -17.652 0.0000000000
59002  -41.944  -24.315  -17.380 0.0000000000
59003  -42.755  -24.431  -17.467 0.0000000000
59004  -43.646  -24.659  -17.505 0.0000000000
59017  -29.163  -24.580  -17.826 0.0000000000
59018  -35.316  -24.677  -18.301 0.0000000000
59019  -36.005  -24.540  -18.641 0.0000000000
59020  -36.640  -24.060  -18.734 0.0000000000
59021  -39.407  -24.547  -18.028 0.0000000000
59022  -40.089  -24.347  -18.317 0.0000000000
59023  -40.806  -24.362  -18.817 0.0000000000
59024  -41.288  -24.445  -19.221 0.0000000000
59025  -43.001  -24.354  -18.343 0.0000000000
59026  -43.752  -24.638  -18.601 0.0000000000
59041  -36.423  -24.511  -19.264 0.0000000000
59042  -36.868  -24.141  -19.542 0.0000000000
59043  -37.163  -23.875  -20.009 0.0000000000
59044  -40.878  -24.741  -19.594 0.0000000000
59045  -41.538  -24.685  -19.684 0.0000000000
59046  -42.647  -24.739  -19.665 0.0000000000
59049  -45.555  -24.065  -20.199 0.0000000000
59050  -45.948  -24.180  -20.181 0.0000000000
59058  -36.915  -24.323  -20.356 0.0000000000
59059  -37.316  -23.759  -20.721 0.0000000000
59060  -38.861  -25.079  -20.669 0.0000000000
59061  -39.565  -24.776  -20.659 0.0000000000
59062  -40.736  -24.878  -20.312 0.0000000000
59063  -41.611  -24.709  -20.678 0.0000000000
59064  -42.329  -25.151  -20.874 0.0000000000
59065  -44.821  -24.231  -21.481 0.0000000000
59066  -45.395  -24.466  -20.786 0.0000000000
59067  -46.476  -24.748  -20.679 0.0000000000
59076  -36.995  -24.396  -21.492 0.0000000000
59077  -37.468  -23.494  -21.682 0.0000000000
59078  -38.745  -24.553  -21.295 0.0000000000
59079  -39.246  -24.338  -21.040 0.0000000000
59080  -42.158  -24.445  -21.256 0.0000000000
59081  -42.977  -24.721  -21.717 0.0000000000
59083  -44.760  -24.197  -21.912 0.0000000000
59084  -45.223  -24.792  -22.078 0.0000000000
59085  -45.841  -25.174  -21.456 0.0000000000
59093  -36.752  -24.677  -22.793 0.0000000000
59094  -37.426  -23.890  -22.648 0.0000000000
59095  -38.537  -24.676  -22.214 0.0000000000
59096  -38.749  -24.273  -22.414 0.0000000000
59097  -43.513  -24.159  -22.283 0.0000000000
59109  -38.521  -25.109  -22.576 0.0000000000
59110  -38.904  -24.618  -23.116 0.0000000000
59119  -39.759  -24.610  -24.368 0.0000000000
59120  -40.732  -24.702  -25.149 0.0000000000
60161  -40.204  -24.304  -10.759 0.0000000000
60162  -40.790  -23.996  -10.810 0.0000000000
60188  -40.176  -23.876  -11.194 0.0000000000
60189  -40.764  -23.261  -11.516 0.0000000000
60190  -41.691  -23.067  -11.368 0.0000000000
60197  -39.891  -23.747  -11.863 0.0000000000
60198  -40.336  -23.255  -12.493 0.0000000000
60200  -39.830  -23.882  -12.677 0.0000000000
60201  -40.277  -23.691  -13.351 0.0000000000
60204  -40.714  -23.782  -14.026 0.0000000000
60205  -41.146  -23.879  -14.513 0.0000000000
60213  -34.160  -22.872  -15.781 0.0000000000
60214  -34.720  -22.905  -15.844 0.0000000000
60215  -35.452  -22.844  -16.155 0.0000000000
60216  -41.605  -23.956  -14.903 0.0000000000
60217  -42.132  -23.850  -15.296 0.0000000000
60218  -42.760  -23.741  -15.652 0.0000000000
60228  -32.030  -23.414  -16.146 0.0000000000
60229  -33.101  -23.546  -16.077 0.0000000000
60230  -34.106  -23.504  -16.071 0.0000000000
60231  -35.070  -23.547  -16.317 0.0000000000
60232  -36.141  -23.235  -16.867 0.0000000000
60233  -36.727  -22.890  -17.228 0.0000000000
60234  -43.375  -23.735  -15.987 0.0000000000
60235  -44.065  -23.767  -16.309 0.0000000000
60238  -30.195  -24.004  -17.403 0.0000000000
60239  -30.710  -23.453  -17.187 0.0000000000
60240  -31.323  -23.658  -16.611 0.0000000000
60241  -36.301  -23.701  -17.625 0.0000000000
60242  -36.934  -23.293  -17.929 0.0000000000
60243  -37.384  -22.722  -18.261 0.0000000000
60244  -41.599  -23.960  -18.018 0.0000000000
60245  -42.160  -24.113  -18.060 0.0000000000
60246  -42.575  -24.244  -18.136 0.0000000000
60256  -29.698  -23.723  -17.763 0.0000000000
60257  -30.225  -23.470  -17.569 0.0000000000
60258  -37.080  -23.596  -19.079 0.0000000000
60259  -37.376  -22.928  -18.870 0.0000000000
60260  -41.255  -24.009  -18.301 0.0000000000
60261  -41.630  -24.166  -18.709 0.0000000000
60262  -42.342  -24.234  -18.703 0.0000000000
60277  -37.145  -23.738  -19.614 0.0000000000
60278  -37.364  -23.192  -19.900 0.0000000000
60279  -41.603  -24.399  -19.216 0.0000000000
60280  -41.953  -24.352  -19.235 0.0000000000
60281  -45.070  -23.397  -19.911 0.0000000000
60282  -45.722  -23.549  -19.851 0.0000000000
60283  -46.691  -23.555  -20.061 0.0000000000
60284  -47.255  -22.986  -20.106 0.0000000000
60288  -37.501  -22.934  -21.000 0.0000000000
60289  -40.296  -24.242  -20.845 0.0000000000
60290  -41.029  -24.269  -20.875 0.0000000000
60291  -41.370  -24.330  -20.996 0.0000000000
60292  -44.208  -23.275  -21.116 0.0000000000
60293  -44.652  -23.698  -20.636 0.0000000000
60294  -45.237  -23.891  -20.211 0.0000000000
60295  -47.066  -24.098  -20.460 0.0000000000
60300  -37.541  -22.726  -21.805 0.0000000000
60301  -38.970  -24.013  -21.700 0.0000000000
60302  -39.556  -23.789  -21.345 0.0000000000
60303  -40.678  -23.477  -21.186 0.0000000000
60304  -41.581  -23.828  -21.255 0.0000000000
60305  -42.446  -23.693  -21.753 0.0000000000
60306  -44.206  -23.047  -21.594 0.0000000000
60307  -44.494  -23.676  -21.908 0.0000000000
60308  -44.755  -24.287  -22.107 0.0000000000
60314  -37.613  -22.974  -22.512 0.0000000000
60315  -38.714  -24.188  -21.975 0.0000000000
60316  -39.073  -23.719  -22.381 0.0000000000
60317  -43.262  -23.547  -22.336 0.0000000000
60318  -43.922  -23.684  -22.575 0.0000000000
60319  -44.279  -23.965  -22.399 0.0000000000
60320  -44.686  -24.473  -22.217 0.0000000000
60325  -37.873  -23.072  -23.591 0.0000000000
60326  -38.330  -22.451  -23.920 0.0000000000
60327  -39.444  -23.653  -23.681 0.0000000000
60334  -40.416  -23.631  -24.927 0.0000000000
60335  -41.062  -24.174  -25.481 0.0000000000
60341  -40.819  -23.132  -25.445 0.0000000000
61409  -41.298  -22.819  -11.725 0.0000000000
61410  -41.812  -22.524  -11.752 0.0000000000
61426  -41.093  -22.601  -12.319 0.0000000000
61427  -41.972  -21.861  -12.349 0.0000000000
61428  -42.461  -21.701  -11.994 0.0000000000
61435  -40.705  -22.853  -13.232 0.0000000000
61436  -41.273  -22.163  -13.190 0.0000000000
61444  -40.727  -23.254  -13.686 0.0000000000
61445  -41.244  -22.770  -14.122 0.0000000000
61446  -41.847  -22.422  -14.533 0.0000000000
61456  -33.355  -21.884  -15.650 0.0000000000
61457  -34.252  -22.173  -15.646 0.0000000000
61458  -35.196  -22.162  -15.748 0.0000000000
61459  -36.095  -22.216  -16.214 0.0000000000
61460  -36.531  -21.778  -16.332 0.0000000000
61461  -41.449  -23.412  -14.600 0.0000000000
61462  -41.827  -23.065  -14.845 0.0000000000
61463  -42.525  -22.927  -15.282 0.0000000000
61479  -31.992  -22.295  -16.114 0.0000000000
61480  -32.730  -22.572  -15.870 0.0000000000
61481  -33.599  -22.779  -15.800 0.0000000000
61482  -36.368  -22.592  -16.595 0.0000000000
61483  -36.841  -22.254  -16.800 0.0000000000
61484  -37.315  -21.789  -17.204 0.0000000000
61485  -43.172  -22.885  -15.660 0.0000000000
61486  -43.772  -22.856  -16.061 0.0000000000
61496  -30.813  -22.380  -17.387 0.0000000000
61497  -31.362  -22.593  -16.723 0.0000000000
61498  -36.999  -22.704  -17.388 0.0000000000
61499  -37.403  -22.262  -17.721 0.0000000000
61513  -30.259  -22.738  -17.841 0.0000000000
61514  -37.540  -22.212  -18.657 0.0000000000
61536  -37.522  -22.254  -19.523 0.0000000000
61537  -43.904  -22.529  -19.939 0.0000000000
61538  -44.604  -22.786  -19.799 0.0000000000
61539  -45.392  -22.732  -19.603 0.0000000000
61540  -46.209  -22.653  -19.653 0.0000000000
61541  -46.980  -22.493  -19.835 0.0000000000
61549  -37.492  -22.164  -20.495 0.0000000000
61550  -43.822  -22.681  -20.927 0.0000000000
61551  -44.187  -23.045  -20.438 0.0000000000
61552  -47.563  -22.436  -20.222 0.0000000000
61556  -37.496  -22.032  -21.474 0.0000000000
61557  -39.605  -22.957  -22.108 0.0000000000
61558  -40.312  -22.573  -21.751 0.0000000000
61559  -41.533  -22.543  -21.746 0.0000000000
61560  -42.064  -23.098  -21.670 0.0000000000
61561  -44.251  -22.580  -22.055 0.0000000000
61562  -44.248  -23.191  -22.460 0.0000000000
61567  -37.641  -22.068  -22.389 0.0000000000
61568  -37.843  -21.949  -22.921 0.0000000000
61569  -39.552  -22.858  -22.984 0.0000000000
61570  -40.017  -22.255  -22.541 0.0000000000
61571  -42.070  -22.179  -22.212 0.0000000000
61572  -42.651  -22.547  -22.319 0.0000000000
61573  -43.919  -22.537  -22.644 0.0000000000
61574  -44.121  -23.346  -22.597 0.0000000000
61579  -37.764  -22.432  -22.970 0.0000000000
61580  -38.175  -22.017  -23.415 0.0000000000
61581  -39.792  -22.706  -24.057 0.0000000000
61587  -40.426  -22.538  -24.997 0.0000000000
62658  -42.209  -21.442  -12.784 0.0000000000
62659  -42.774  -21.254  -12.358 0.0000000000
62672  -41.844  -21.621  -13.253 0.0000000000
62673  -42.349  -21.229  -13.239 0.0000000000
62681  -41.548  -21.976  -13.742 0.0000000000
62682  -42.168  -21.665  -14.184 0.0000000000
62683  -42.828  -21.305  -14.513 0.0000000000
62692  -33.240  -21.057  -15.622 0.0000000000
62693  -33.951  -21.204  -15.479 0.0000000000
62694  -34.835  -21.302  -15.436 0.0000000000
62695  -35.717  -21.314  -15.644 0.0000000000
62696  -36.375  -21.294  -15.988 0.0000000000
62697  -42.289  -22.349  -14.819 0.0000000000
62698  -43.087  -21.763  -15.173 0.0000000000
62699  -43.773  -21.234  -15.399 0.0000000000
62717  -31.788  -21.486  -16.554 0.0000000000
62718  -32.519  -21.451  -15.881 0.0000000000
62719  -36.827  -21.289  -16.389 0.0000000000
62720  -37.253  -21.246  -16.907 0.0000000000
62721  -43.519  -22.284  -15.738 0.0000000000
62738  -37.485  -21.243  -17.626 0.0000000000
62753  -37.580  -21.367  -18.476 0.0000000000
62754  -43.616  -21.270  -19.021 0.0000000000
62755  -44.008  -21.159  -18.826 0.0000000000
62777  -37.557  -21.550  -19.214 0.0000000000
62778  -42.605  -21.248  -20.065 0.0000000000
62779  -43.199  -21.826  -19.880 0.0000000000
62780  -44.221  -21.730  -19.255 0.0000000000
62781  -45.030  -22.077  -19.319 0.0000000000
62782  -45.768  -21.839  -19.477 0.0000000000
62783  -46.571  -21.703  -19.681 0.0000000000
62796  -37.433  -21.337  -20.038 0.0000000000
62797  -43.111  -21.287  -20.960 0.0000000000
62798  -43.662  -21.864  -21.450 0.0000000000
62799  -47.267  -21.625  -19.991 0.0000000000
62800  -47.847  -21.601  -20.461 0.0000000000
62803  -37.384  -21.136  -21.066 0.0000000000
62804  -40.449  -21.977  -22.331 0.0000000000
62805  -40.937  -21.828  -22.110 0.0000000000
62806  -43.759  -21.161  -21.761 0.0000000000
62807  -44.092  -21.534  -22.345 0.0000000000
62812  -37.456  -21.034  -22.115 0.0000000000
62813  -37.852  -21.184  -22.988 0.0000000000
62814  -39.962  -22.161  -23.346 0.0000000000
62815  -40.653  -21.318  -23.110 0.0000000000
62816  -42.028  -21.544  -22.603 0.0000000000
62817  -43.377  -21.427  -22.989 0.0000000000
62818  -43.956  -21.263  -22.810 0.0000000000
62824  -40.204  -21.844  -24.153 0.0000000000
62825  -40.751  -21.045  -24.449 0.0000000000
62831  -40.562  -21.740  -24.949 0.0000000000
64008  -42.810  -20.856  -13.183 0.0000000000
64030  -42.608  -21.031  -13.708 0.0000000000
64031  -43.116  -20.685  -13.733 0.0000000000
64039  -42.756  -21.024  -14.157 0.0000000000
64040  -43.298  -20.840  -14.496 0.0000000000
64056  -43.644  -20.931  -15.072 0.0000000000
64118  -37.444  -20.344  -18.330 0.0000000000
64119  -42.560  -20.257  -18.951 0.0000000000
64120  -43.004  -20.732  -18.972 0.0000000000
64121  -43.798  -20.658  -18.720 0.0000000000
64134  -37.328  -20.527  -19.401 0.0000000000
64135  -41.792  -20.191  -19.751 0.0000000000
64136  -42.246  -20.576  -19.487 0.0000000000
64137  -42.722  -21.135  -19.533 0.0000000000
64138  -44.428  -20.789  -18.838 0.0000000000
64139  -45.223  -21.062  -19.135 0.0000000000
64140  -46.165  -20.864  -19.549 0.0000000000
64141  -46.901  -20.831  -19.906 0.0000000000
64158  -37.002  -20.334  -20.554 0.0000000000
64159  -41.974  -20.432  -20.199 0.0000000000
64160  -42.507  -20.778  -20.592 0.0000000000
64161  -47.454  -20.787  -20.318 0.0000000000
64162  -48.010  -20.735  -20.774 0.0000000000
64170  -42.234  -20.277  -20.928 0.0000000000
64171  -43.273  -20.492  -21.860 0.0000000000
64172  -43.955  -20.935  -22.167 0.0000000000
64179  -41.846  -20.588  -23.347 0.0000000000
64180  -42.942  -20.505  -23.363 0.0000000000
64181  -43.739  -20.278  -23.104 0.0000000000
64182  -44.018  -20.838  -22.551 0.0000000000
64189  -41.316  -20.270  -23.991 0.0000000000
64190  -42.419  -19.823  -23.980 0.0000000000
64191  -43.322  -19.696  -23.787 0.0000000000
65530  -42.188  -19.399  -18.686 0.0000000000
65531  -42.793  -19.729  -18.689 0.0000000000
65532  -43.556  -19.882  -18.659 0.0000000000
65533  -44.268  -19.957  -18.762 0.0000000000
65549  -40.994  -19.317  -19.742 0.0000000000
65550  -41.649  -19.685  -19.217 0.0000000000
65551  -42.266  -19.944  -18.927 0.0000000000
65552  -44.951  -20.022  -19.062 0.0000000000
65553  -45.728  -20.011  -19.452 0.0000000000
65554  -46.651  -19.850  -19.922 0.0000000000
65555  -47.163  -20.279  -20.156 0.0000000000
65574  -40.851  -19.283  -20.664 0.0000000000
65575  -41.530  -19.921  -20.285 0.0000000000
65576  -46.964  -19.248  -20.272 0.0000000000
65577  -47.557  -19.723  -20.593 0.0000000000
65578  -48.137  -20.137  -20.963 0.0000000000
65595  -40.811  -19.215  -21.640 0.0000000000
65596  -41.975  -19.613  -21.674 0.0000000000
65597  -43.127  -19.560  -22.683 0.0000000000
65598  -47.840  -19.344  -20.972 0.0000000000
65599  -48.232  -19.545  -21.292 0.0000000000
65611  -41.280  -19.137  -22.407 0.0000000000
65612  -42.446  -18.862  -22.891 0.0000000000
65613  -43.399  -19.019  -23.634 0.0000000000
66846  -40.884  -18.355  -18.805 0.0000000000
66847  -41.721  -18.725  -18.627 0.0000000000
66848  -42.664  -18.804  -18.502 0.0000000000
66849  -43.422  -19.018  -18.566 0.0000000000
66850  -44.092  -19.153  -18.732 0.0000000000
66867  -38.559  -17.375  -19.866 0.0000000000
66868  -39.027  -17.821  -19.868 0.0000000000
66869  -40.109  -18.550  -19.711 0.0000000000
66870  -41.018  -18.974  -19.136 0.0000000000
66871  -44.647  -19.290  -19.005 0.0000000000
66872  -45.307  -19.110  -19.396 0.0000000000
66873  -46.000  -19.270  -19.730 0.0000000000
66886  -38.039  -17.460  -20.502 0.0000000000
66887  -38.902  -18.317  -20.718 0.0000000000
66888  -39.958  -18.780  -21.146 0.0000000000
66889  -45.840  -18.673  -19.748 0.0000000000
66890  -46.455  -18.782  -20.110 0.0000000000
66891  -47.099  -18.733  -20.586 0.0000000000
66908  -39.047  -18.415  -21.972 0.0000000000
66909  -40.200  -18.876  -22.311 0.0000000000
66910  -47.694  -18.819  -21.100 0.0000000000
68132  -39.818  -17.097  -19.005 0.0000000000
68133  -40.463  -17.508  -18.813 0.0000000000
68134  -41.529  -17.680  -18.575 0.0000000000
68135  -42.448  -17.928  -18.509 0.0000000000
68136  -43.475  -17.988  -18.665 0.0000000000
68137  -43.905  -18.593  -18.724 0.0000000000
68151  -38.176  -16.865  -19.896 0.0000000000
68152  -39.125  -17.138  -19.430 0.0000000000
68153  -39.697  -17.659  -19.333 0.0000000000
68154  -44.075  -17.500  -19.122 0.0000000000
68155  -44.577  -18.281  -19.111 0.0000000000
68156  -45.417  -18.320  -19.571 0.0000000000
68168  -37.845  -17.074  -20.299 0.0000000000
68169  -45.953  -17.980  -19.986 0.0000000000
68170  -46.554  -17.881  -20.660 0.0000000000
68171  -47.169  -18.137  -21.048 0.0000000000
69360  -39.627  -16.645  -19.106 0.0000000000
69361  -40.310  -16.450  -18.895 0.0000000000
69362  -41.387  -16.523  -18.770 0.0000000000
69363  -42.377  -17.048  -18.767 0.0000000000
69364  -42.955  -17.389  -18.747 0.0000000000
69377  -39.080  -16.276  -19.375 0.0000000000
69378  -39.760  -16.246  -19.090 0.0000000000
69380  -42.407  -16.208  -19.076 0.0000000000
69381  -43.483  -16.692  -19.329 0.0000000000
69382  -44.670  -17.175  -19.601 0.0000000000
69383  -45.326  -17.670  -19.698 0.0000000000
70614  -40.586  -15.936  -18.986 0.0000000000
70615  -40.869  -16.103  -18.871 0.0000000000
