#!ascii label  , from subject ab_data vox2ras=TkReg
567
10849  -16.669  -68.163  -22.195 0.0000000000
10850  -17.213  -68.072  -22.248 0.0000000000
10869  -15.774  -67.818  -23.079 0.0000000000
10870  -16.371  -68.177  -22.937 0.0000000000
10871  -17.090  -68.195  -22.777 0.0000000000
10891  -15.763  -67.685  -23.396 0.0000000000
10892  -16.035  -67.904  -23.601 0.0000000000
10893  -16.920  -68.165  -23.614 0.0000000000
10894  -17.763  -68.086  -23.858 0.0000000000
10895  -18.533  -67.969  -23.903 0.0000000000
10912  -16.434  -67.827  -24.231 0.0000000000
10913  -17.155  -68.005  -24.633 0.0000000000
10914  -18.154  -68.117  -24.682 0.0000000000
10915  -19.219  -68.106  -24.624 0.0000000000
10929  -17.698  -67.889  -25.330 0.0000000000
10930  -18.520  -68.049  -25.744 0.0000000000
11697  -14.615  -66.891  -19.405 0.0000000000
11698  -15.089  -67.191  -19.196 0.0000000000
11699  -15.893  -67.270  -19.044 0.0000000000
11711  -14.836  -67.153  -20.024 0.0000000000
11712  -15.727  -67.525  -19.809 0.0000000000
11713  -16.645  -67.255  -19.579 0.0000000000
11714  -17.241  -66.951  -19.644 0.0000000000
11728  -14.827  -67.055  -20.928 0.0000000000
11729  -15.469  -67.611  -20.740 0.0000000000
11730  -16.471  -67.678  -20.552 0.0000000000
11731  -17.443  -67.188  -20.376 0.0000000000
11732  -18.016  -66.899  -20.652 0.0000000000
11748  -14.811  -66.827  -21.423 0.0000000000
11749  -15.208  -67.328  -21.773 0.0000000000
11750  -16.116  -68.025  -21.467 0.0000000000
11751  -17.295  -67.762  -21.578 0.0000000000
11752  -18.099  -67.178  -21.204 0.0000000000
11770  -15.445  -67.420  -22.680 0.0000000000
11771  -15.842  -67.987  -22.343 0.0000000000
11772  -17.660  -67.886  -22.523 0.0000000000
11773  -18.492  -67.394  -22.246 0.0000000000
11774  -19.081  -67.219  -22.565 0.0000000000
11794  -15.559  -67.243  -23.487 0.0000000000
11795  -15.933  -67.436  -24.157 0.0000000000
11796  -17.549  -68.066  -23.182 0.0000000000
11797  -18.217  -67.803  -23.157 0.0000000000
11798  -19.253  -67.485  -23.279 0.0000000000
11799  -20.172  -67.218  -23.720 0.0000000000
11815  -15.703  -66.752  -24.283 0.0000000000
11816  -16.248  -67.185  -24.977 0.0000000000
11817  -17.047  -67.580  -25.434 0.0000000000
11818  -19.948  -67.681  -24.222 0.0000000000
11835  -16.706  -67.028  -25.835 0.0000000000
11836  -17.559  -67.521  -26.089 0.0000000000
12633  -14.672  -65.990  -17.147 0.0000000000
12634  -14.997  -66.060  -17.025 0.0000000000
12647  -13.911  -65.974  -18.247 0.0000000000
12648  -14.632  -66.259  -17.595 0.0000000000
12649  -15.811  -66.276  -17.445 0.0000000000
12650  -16.782  -66.101  -17.814 0.0000000000
12651  -17.221  -65.824  -18.010 0.0000000000
12661  -13.912  -66.027  -19.046 0.0000000000
12662  -14.440  -66.619  -18.765 0.0000000000
12663  -15.378  -66.889  -18.353 0.0000000000
12664  -16.574  -66.758  -18.589 0.0000000000
12665  -17.262  -66.165  -18.415 0.0000000000
12679  -14.046  -65.875  -19.451 0.0000000000
12680  -14.292  -66.349  -19.693 0.0000000000
12681  -17.015  -66.909  -19.239 0.0000000000
12682  -17.484  -66.454  -19.242 0.0000000000
12683  -17.953  -66.053  -19.604 0.0000000000
12697  -14.575  -66.549  -20.464 0.0000000000
12698  -17.540  -66.776  -19.853 0.0000000000
12699  -17.997  -66.461  -20.157 0.0000000000
12713  -14.712  -66.318  -21.117 0.0000000000
12714  -14.885  -66.355  -21.825 0.0000000000
12715  -18.437  -66.649  -20.927 0.0000000000
12716  -18.978  -66.389  -21.328 0.0000000000
12731  -15.139  -66.499  -22.719 0.0000000000
12732  -18.718  -66.890  -21.570 0.0000000000
12733  -19.431  -66.677  -22.222 0.0000000000
12734  -20.164  -66.168  -22.834 0.0000000000
12752  -15.443  -66.063  -23.735 0.0000000000
12753  -19.977  -66.843  -23.095 0.0000000000
13607  -13.714  -65.164  -17.254 0.0000000000
13608  -14.429  -65.597  -16.888 0.0000000000
13609  -15.668  -65.518  -16.667 0.0000000000
13610  -16.770  -65.154  -16.845 0.0000000000
13611  -17.277  -64.943  -17.104 0.0000000000
13626  -13.632  -65.233  -17.991 0.0000000000
13627  -13.982  -65.719  -17.532 0.0000000000
13628  -15.958  -65.890  -17.061 0.0000000000
13629  -16.374  -65.757  -17.201 0.0000000000
13630  -17.164  -65.422  -17.565 0.0000000000
13643  -9.874  -65.353  -18.436 0.0000000000
13644  -10.673  -65.321  -18.885 0.0000000000
13645  -11.034  -65.248  -19.037 0.0000000000
13646  -13.816  -65.347  -18.768 0.0000000000
13647  -17.571  -65.506  -18.338 0.0000000000
13648  -17.942  -65.165  -18.721 0.0000000000
13666  -9.452  -65.711  -19.262 0.0000000000
13667  -10.415  -65.602  -19.346 0.0000000000
13668  -10.979  -65.413  -19.290 0.0000000000
13669  -14.008  -65.513  -19.283 0.0000000000
13670  -14.226  -65.484  -19.769 0.0000000000
13671  -17.598  -65.979  -18.754 0.0000000000
13672  -17.908  -65.652  -19.109 0.0000000000
13691  -10.104  -65.671  -20.184 0.0000000000
13692  -11.246  -65.560  -20.202 0.0000000000
13693  -12.147  -65.372  -20.909 0.0000000000
13694  -14.509  -65.650  -20.536 0.0000000000
13695  -18.362  -65.551  -19.942 0.0000000000
13696  -18.931  -65.295  -20.606 0.0000000000
13709  -9.700  -65.244  -20.937 0.0000000000
13710  -10.616  -65.416  -21.303 0.0000000000
13711  -11.676  -65.548  -21.473 0.0000000000
13712  -12.606  -65.232  -21.753 0.0000000000
13714  -14.800  -65.402  -21.536 0.0000000000
13715  -14.998  -65.677  -22.298 0.0000000000
13716  -18.737  -66.026  -20.676 0.0000000000
13717  -19.417  -65.624  -21.325 0.0000000000
13727  -11.154  -65.279  -22.176 0.0000000000
13728  -11.940  -65.254  -22.564 0.0000000000
13731  -14.952  -65.040  -22.332 0.0000000000
13732  -15.160  -65.347  -23.075 0.0000000000
13733  -20.076  -65.480  -22.230 0.0000000000
14629  -14.227  -64.129  -15.769 0.0000000000
14630  -15.097  -64.116  -15.567 0.0000000000
14631  -16.071  -64.099  -15.567 0.0000000000
14632  -16.989  -64.037  -15.761 0.0000000000
14633  -17.483  -63.863  -15.934 0.0000000000
14646  -13.653  -64.443  -16.574 0.0000000000
14647  -14.710  -64.863  -16.108 0.0000000000
14648  -15.592  -64.718  -15.952 0.0000000000
14649  -16.457  -64.701  -16.174 0.0000000000
14650  -17.520  -64.299  -16.595 0.0000000000
14651  -18.155  -63.809  -17.030 0.0000000000
14668  -13.450  -64.432  -17.675 0.0000000000
14669  -17.571  -64.777  -17.504 0.0000000000
14670  -18.048  -64.134  -17.580 0.0000000000
14684  -10.616  -64.816  -18.603 0.0000000000
14685  -10.946  -65.094  -18.863 0.0000000000
14686  -13.726  -64.454  -18.618 0.0000000000
14687  -17.535  -65.096  -17.924 0.0000000000
14688  -17.900  -64.733  -18.270 0.0000000000
14704  -10.824  -64.296  -18.834 0.0000000000
14705  -11.277  -64.827  -19.240 0.0000000000
14706  -14.115  -64.758  -19.431 0.0000000000
14707  -14.454  -64.785  -20.173 0.0000000000
14708  -18.299  -64.745  -19.222 0.0000000000
14726  -9.047  -64.817  -21.131 0.0000000000
14727  -12.007  -64.711  -20.280 0.0000000000
14728  -12.588  -64.588  -21.073 0.0000000000
14729  -14.622  -64.782  -20.900 0.0000000000
14730  -18.764  -64.581  -20.220 0.0000000000
14731  -19.294  -64.631  -20.971 0.0000000000
14742  -9.636  -64.509  -21.846 0.0000000000
14743  -10.488  -64.784  -22.296 0.0000000000
14744  -13.089  -64.417  -21.553 0.0000000000
14746  -14.411  -64.481  -21.698 0.0000000000
14747  -19.752  -64.602  -21.701 0.0000000000
14758  -10.010  -64.333  -22.889 0.0000000000
14759  -11.070  -64.713  -23.051 0.0000000000
14760  -11.750  -64.894  -23.262 0.0000000000
15604  -15.927  -62.720  -14.792 0.0000000000
15605  -16.403  -62.831  -14.835 0.0000000000
15606  -17.122  -62.903  -14.969 0.0000000000
15619  -13.621  -63.470  -15.861 0.0000000000
15620  -14.504  -63.319  -15.400 0.0000000000
15621  -15.623  -63.219  -15.082 0.0000000000
15622  -16.633  -63.440  -15.252 0.0000000000
15623  -17.538  -63.305  -15.508 0.0000000000
15624  -18.133  -63.143  -15.799 0.0000000000
15640  -12.716  -62.936  -16.893 0.0000000000
15641  -12.995  -63.313  -16.625 0.0000000000
15642  -17.813  -63.637  -16.027 0.0000000000
15643  -18.320  -63.362  -16.472 0.0000000000
15660  -12.762  -62.995  -17.426 0.0000000000
15661  -13.134  -63.765  -17.330 0.0000000000
15662  -18.569  -63.269  -17.537 0.0000000000
15676  -12.812  -62.739  -18.150 0.0000000000
15677  -13.274  -63.395  -18.368 0.0000000000
15678  -18.404  -63.746  -18.594 0.0000000000
15690  -13.969  -63.609  -19.551 0.0000000000
15691  -14.295  -64.257  -19.920 0.0000000000
15692  -18.562  -63.682  -19.780 0.0000000000
15712  -14.328  -64.039  -20.560 0.0000000000
15713  -19.045  -63.570  -20.929 0.0000000000
15714  -19.410  -64.093  -21.380 0.0000000000
15732  -14.166  -63.737  -20.999 0.0000000000
15733  -19.100  -63.082  -21.597 0.0000000000
15734  -19.430  -63.602  -21.980 0.0000000000
16599  -15.479  -62.007  -14.628 0.0000000000
16600  -16.121  -62.225  -14.542 0.0000000000
16601  -17.002  -62.344  -14.500 0.0000000000
16602  -17.985  -62.463  -14.893 0.0000000000
16603  -18.648  -62.123  -14.961 0.0000000000
16616  -12.935  -62.084  -15.797 0.0000000000
16617  -13.774  -62.433  -15.455 0.0000000000
16618  -14.873  -62.360  -14.956 0.0000000000
16619  -15.594  -62.524  -14.784 0.0000000000
16620  -18.113  -62.842  -15.452 0.0000000000
16621  -18.842  -62.454  -15.651 0.0000000000
16622  -19.566  -61.841  -15.868 0.0000000000
16637  -12.535  -62.404  -16.660 0.0000000000
16638  -13.087  -62.796  -15.986 0.0000000000
16639  -19.083  -62.682  -16.845 0.0000000000
16640  -19.533  -62.039  -16.487 0.0000000000
16654  -12.450  -62.099  -17.864 0.0000000000
16655  -19.007  -62.194  -17.785 0.0000000000
16656  -19.391  -62.131  -17.125 0.0000000000
16671  -12.945  -62.366  -18.818 0.0000000000
16672  -13.496  -62.789  -19.232 0.0000000000
16673  -18.611  -62.728  -18.451 0.0000000000
16693  -18.371  -62.714  -19.348 0.0000000000
16707  -18.447  -62.684  -20.401 0.0000000000
16715  -18.670  -62.505  -21.477 0.0000000000
17594  -17.327  -61.087  -13.881 0.0000000000
17595  -18.069  -61.076  -13.958 0.0000000000
17596  -18.509  -60.972  -14.061 0.0000000000
17608  -15.077  -61.398  -14.668 0.0000000000
17609  -15.824  -61.449  -14.378 0.0000000000
17610  -16.652  -61.506  -14.134 0.0000000000
17611  -17.636  -61.701  -14.245 0.0000000000
17612  -18.683  -61.453  -14.491 0.0000000000
17613  -19.293  -61.096  -14.644 0.0000000000
17625  -12.511  -61.214  -16.090 0.0000000000
17626  -13.401  -61.371  -15.517 0.0000000000
17627  -14.284  -61.449  -15.129 0.0000000000
17628  -18.949  -61.900  -15.047 0.0000000000
17629  -19.535  -61.412  -15.240 0.0000000000
17630  -20.126  -61.040  -15.589 0.0000000000
17646  -11.907  -60.956  -17.233 0.0000000000
17647  -12.020  -61.307  -17.098 0.0000000000
17648  -20.081  -61.239  -16.186 0.0000000000
17649  -20.278  -60.798  -15.766 0.0000000000
17663  -11.932  -60.906  -17.488 0.0000000000
17664  -12.054  -61.169  -17.980 0.0000000000
17665  -18.758  -61.212  -17.964 0.0000000000
17666  -19.531  -61.400  -17.250 0.0000000000
17682  -12.526  -61.454  -18.744 0.0000000000
17683  -17.415  -61.003  -19.027 0.0000000000
17684  -18.099  -61.579  -18.808 0.0000000000
17704  -17.378  -61.059  -19.642 0.0000000000
17705  -17.903  -61.847  -19.993 0.0000000000
17717  -18.166  -61.857  -20.899 0.0000000000
18629  -15.782  -59.900  -13.774 0.0000000000
18630  -16.566  -60.498  -13.701 0.0000000000
18631  -17.670  -60.534  -13.547 0.0000000000
18632  -18.511  -60.569  -13.695 0.0000000000
18633  -18.973  -60.528  -13.801 0.0000000000
18643  -14.602  -60.574  -14.805 0.0000000000
18644  -15.504  -60.505  -14.273 0.0000000000
18645  -16.127  -61.012  -14.082 0.0000000000
18646  -18.790  -60.830  -14.051 0.0000000000
18647  -19.295  -60.650  -14.186 0.0000000000
18648  -19.931  -60.378  -14.484 0.0000000000
18663  -12.592  -60.276  -16.123 0.0000000000
18664  -13.142  -60.457  -15.649 0.0000000000
18665  -13.927  -60.569  -15.287 0.0000000000
18666  -19.683  -60.841  -14.722 0.0000000000
18667  -20.269  -60.540  -15.203 0.0000000000
18688  -11.923  -60.819  -17.025 0.0000000000
18689  -12.091  -60.440  -16.841 0.0000000000
18690  -19.845  -60.319  -16.939 0.0000000000
18691  -20.349  -60.290  -16.057 0.0000000000
18711  -11.952  -60.683  -17.270 0.0000000000
18712  -12.013  -60.388  -17.785 0.0000000000
18713  -17.369  -59.673  -18.498 0.0000000000
18714  -17.996  -60.401  -18.273 0.0000000000
18715  -18.958  -60.419  -17.601 0.0000000000
18732  -12.203  -60.661  -18.601 0.0000000000
18733  -16.582  -59.804  -19.943 0.0000000000
18734  -17.094  -60.253  -19.136 0.0000000000
18735  -17.602  -60.839  -18.801 0.0000000000
18752  -16.906  -60.389  -20.173 0.0000000000
18766  -20.038  -60.455  -21.075 0.0000000000
18767  -20.549  -60.169  -21.258 0.0000000000
19676  -14.813  -58.982  -13.916 0.0000000000
19677  -15.334  -59.258  -13.747 0.0000000000
19678  -16.261  -59.358  -13.230 0.0000000000
19679  -17.247  -59.814  -13.139 0.0000000000
19680  -18.214  -59.981  -13.160 0.0000000000
19681  -19.237  -59.946  -13.397 0.0000000000
19682  -19.986  -59.538  -13.722 0.0000000000
19696  -13.882  -59.070  -14.792 0.0000000000
19697  -14.584  -59.488  -14.456 0.0000000000
19698  -15.309  -59.786  -14.077 0.0000000000
19699  -19.813  -60.069  -14.007 0.0000000000
19700  -20.389  -59.632  -14.473 0.0000000000
19720  -12.915  -59.722  -15.836 0.0000000000
19721  -13.642  -59.582  -15.268 0.0000000000
19722  -14.224  -60.044  -15.004 0.0000000000
19723  -20.555  -59.461  -15.530 0.0000000000
19741  -12.453  -59.519  -16.455 0.0000000000
19742  -18.310  -58.768  -17.541 0.0000000000
19743  -18.991  -59.281  -17.364 0.0000000000
19744  -20.070  -59.213  -16.502 0.0000000000
19758  -12.147  -59.434  -17.443 0.0000000000
19759  -16.659  -58.954  -18.865 0.0000000000
19760  -17.085  -59.008  -18.442 0.0000000000
19761  -17.886  -59.214  -17.904 0.0000000000
19762  -18.428  -59.851  -17.729 0.0000000000
19778  -16.519  -59.272  -19.425 0.0000000000
19779  -16.905  -59.442  -18.849 0.0000000000
19794  -18.826  -59.378  -20.179 0.0000000000
19795  -19.681  -59.450  -19.841 0.0000000000
19796  -20.589  -59.181  -19.805 0.0000000000
19797  -21.087  -58.890  -19.867 0.0000000000
19810  -19.375  -60.072  -20.439 0.0000000000
19811  -20.554  -59.830  -20.645 0.0000000000
19812  -21.180  -59.067  -20.471 0.0000000000
19822  -20.905  -59.880  -21.584 0.0000000000
19823  -21.310  -59.288  -21.368 0.0000000000
20815  -14.968  -58.554  -13.566 0.0000000000
20816  -15.628  -58.683  -13.241 0.0000000000
20818  -19.842  -59.288  -13.280 0.0000000000
20831  -13.936  -58.558  -14.481 0.0000000000
20832  -14.452  -58.550  -13.996 0.0000000000
20833  -20.792  -58.560  -14.900 0.0000000000
20847  -12.819  -58.763  -15.833 0.0000000000
20848  -13.417  -58.597  -15.042 0.0000000000
20849  -19.842  -57.999  -16.336 0.0000000000
20850  -20.382  -58.384  -15.910 0.0000000000
20862  -12.351  -58.502  -16.894 0.0000000000
20863  -18.514  -58.278  -17.279 0.0000000000
20864  -19.353  -58.283  -16.781 0.0000000000
20865  -19.953  -58.472  -16.395 0.0000000000
20879  -17.278  -58.309  -18.093 0.0000000000
20880  -17.868  -58.301  -17.600 0.0000000000
20905  -18.288  -58.774  -20.384 0.0000000000
20906  -18.936  -58.721  -19.749 0.0000000000
20907  -19.900  -58.666  -19.279 0.0000000000
20908  -20.874  -58.562  -19.371 0.0000000000
20918  -21.436  -58.494  -20.062 0.0000000000
20927  -21.592  -58.403  -21.151 0.0000000000
21879  -14.875  -57.296  -13.003 0.0000000000
21896  -13.720  -57.119  -13.838 0.0000000000
21897  -14.485  -57.721  -13.533 0.0000000000
21898  -15.202  -58.015  -13.103 0.0000000000
21906  -12.502  -57.030  -15.154 0.0000000000
21907  -13.316  -57.668  -14.569 0.0000000000
21908  -13.982  -57.932  -14.078 0.0000000000
21925  -12.381  -57.501  -16.265 0.0000000000
21926  -12.906  -57.910  -15.374 0.0000000000
21966  -21.387  -57.318  -18.449 0.0000000000
21967  -22.211  -57.226  -18.831 0.0000000000
21968  -22.538  -56.903  -19.335 0.0000000000
21978  -18.282  -57.926  -20.186 0.0000000000
21979  -19.117  -57.801  -19.324 0.0000000000
21980  -20.343  -57.654  -18.722 0.0000000000
21981  -21.606  -57.942  -19.240 0.0000000000
21982  -22.201  -57.268  -19.795 0.0000000000
21995  -21.796  -57.765  -20.472 0.0000000000
21996  -22.203  -57.064  -20.821 0.0000000000
22006  -21.921  -57.633  -21.297 0.0000000000
22940  -15.017  -56.679  -12.727 0.0000000000
22952  -13.606  -56.380  -13.731 0.0000000000
22953  -14.302  -56.465  -13.297 0.0000000000
22961  -12.371  -56.086  -15.053 0.0000000000
22962  -12.983  -56.345  -14.281 0.0000000000
23016  -19.839  -56.145  -18.750 0.0000000000
23017  -20.664  -56.525  -18.344 0.0000000000
23018  -21.881  -56.555  -18.152 0.0000000000
23019  -22.800  -56.407  -18.829 0.0000000000
23020  -23.210  -56.019  -19.114 0.0000000000
23029  -18.336  -56.784  -19.864 0.0000000000
23030  -19.399  -56.803  -18.963 0.0000000000
23031  -20.037  -56.801  -18.602 0.0000000000
23032  -22.714  -56.443  -20.060 0.0000000000
23033  -23.043  -56.196  -19.427 0.0000000000
23045  -22.644  -56.431  -21.160 0.0000000000
23999  -14.948  -55.621  -12.715 0.0000000000
24010  -13.536  -55.541  -13.707 0.0000000000
24011  -14.228  -55.335  -13.211 0.0000000000
24020  -12.935  -55.316  -14.206 0.0000000000
24070  -19.714  -55.718  -18.896 0.0000000000
24071  -20.147  -55.511  -18.729 0.0000000000
24072  -21.243  -55.524  -18.142 0.0000000000
24073  -22.486  -55.588  -17.997 0.0000000000
24074  -23.393  -55.465  -18.662 0.0000000000
24075  -23.989  -55.058  -19.269 0.0000000000
24083  -19.206  -55.594  -19.223 0.0000000000
24084  -19.829  -54.790  -19.128 0.0000000000
24085  -22.928  -56.025  -20.259 0.0000000000
24086  -23.325  -55.758  -19.873 0.0000000000
24087  -23.953  -54.940  -20.260 0.0000000000
24092  -22.868  -55.900  -20.728 0.0000000000
24093  -23.257  -55.228  -21.114 0.0000000000
24094  -23.911  -54.740  -21.048 0.0000000000
25114  -27.763  -53.957  -16.251 0.0000000000
25115  -28.556  -54.168  -16.057 0.0000000000
25116  -29.084  -54.128  -16.091 0.0000000000
25130  -27.747  -53.954  -17.049 0.0000000000
25131  -28.289  -54.189  -16.766 0.0000000000
25132  -28.979  -54.198  -16.654 0.0000000000
25140  -27.796  -53.872  -17.371 0.0000000000
25141  -28.075  -54.010  -17.364 0.0000000000
25142  -28.672  -54.123  -17.260 0.0000000000
25149  -20.583  -54.464  -18.688 0.0000000000
25150  -21.834  -54.506  -18.043 0.0000000000
25151  -23.105  -54.528  -17.975 0.0000000000
25152  -24.070  -54.391  -18.567 0.0000000000
25153  -24.535  -54.323  -19.516 0.0000000000
25158  -18.407  -54.768  -19.444 0.0000000000
25159  -19.270  -54.492  -19.348 0.0000000000
25160  -19.857  -54.187  -19.200 0.0000000000
25161  -24.453  -54.330  -20.554 0.0000000000
26240  -27.175  -52.881  -14.878 0.0000000000
26241  -27.701  -53.148  -14.726 0.0000000000
26242  -28.688  -53.368  -14.675 0.0000000000
26243  -29.506  -53.311  -14.865 0.0000000000
26254  -26.546  -52.733  -16.133 0.0000000000
26255  -27.058  -53.230  -15.658 0.0000000000
26256  -28.098  -53.777  -15.379 0.0000000000
26257  -29.097  -53.846  -15.488 0.0000000000
26258  -29.933  -53.432  -15.583 0.0000000000
26265  -26.596  -53.078  -16.769 0.0000000000
26266  -27.195  -53.609  -16.812 0.0000000000
26267  -29.521  -53.874  -16.296 0.0000000000
26268  -30.252  -53.444  -16.573 0.0000000000
26271  -26.892  -53.290  -17.441 0.0000000000
26272  -27.574  -53.611  -17.721 0.0000000000
26273  -28.457  -53.850  -17.940 0.0000000000
26274  -29.468  -53.826  -17.487 0.0000000000
26275  -30.512  -53.235  -17.662 0.0000000000
26280  -19.060  -53.547  -18.902 0.0000000000
26281  -20.022  -53.611  -18.853 0.0000000000
26282  -21.150  -53.547  -18.407 0.0000000000
26283  -22.368  -53.480  -17.998 0.0000000000
26284  -23.666  -53.406  -18.097 0.0000000000
26285  -24.957  -53.232  -18.742 0.0000000000
26286  -25.439  -52.696  -19.143 0.0000000000
26287  -28.020  -53.363  -18.846 0.0000000000
26288  -28.964  -53.573  -18.715 0.0000000000
26289  -29.922  -53.335  -18.607 0.0000000000
26294  -18.708  -54.027  -19.284 0.0000000000
26295  -19.415  -53.914  -19.236 0.0000000000
26296  -24.974  -53.621  -20.026 0.0000000000
26297  -25.425  -52.915  -19.685 0.0000000000
26298  -28.053  -53.032  -19.352 0.0000000000
26299  -28.465  -53.083  -19.414 0.0000000000
26304  -24.839  -53.848  -20.905 0.0000000000
26305  -25.345  -53.213  -20.527 0.0000000000
27444  -27.626  -51.929  -13.796 0.0000000000
27445  -28.067  -52.042  -13.712 0.0000000000
27446  -28.874  -52.155  -13.755 0.0000000000
27461  -26.644  -52.016  -14.724 0.0000000000
27462  -27.195  -52.259  -14.289 0.0000000000
27463  -28.301  -52.686  -14.114 0.0000000000
27464  -29.376  -52.671  -14.218 0.0000000000
27465  -30.197  -52.766  -14.809 0.0000000000
27466  -30.937  -52.336  -15.076 0.0000000000
27477  -26.464  -52.241  -15.417 0.0000000000
27478  -26.904  -52.700  -15.015 0.0000000000
27479  -30.612  -52.859  -15.752 0.0000000000
27480  -31.297  -52.282  -15.879 0.0000000000
27485  -19.221  -51.992  -16.823 0.0000000000
27486  -20.220  -52.180  -16.753 0.0000000000
27487  -21.122  -52.238  -16.801 0.0000000000
27488  -26.199  -52.404  -16.693 0.0000000000
27489  -30.933  -52.794  -16.750 0.0000000000
27495  -19.751  -52.702  -17.411 0.0000000000
27496  -20.853  -52.588  -17.474 0.0000000000
27497  -21.865  -52.320  -17.388 0.0000000000
27498  -22.515  -52.161  -17.441 0.0000000000
27499  -26.489  -52.689  -17.872 0.0000000000
27500  -26.998  -53.170  -17.931 0.0000000000
27507  -19.388  -53.208  -18.172 0.0000000000
27508  -20.488  -53.009  -18.215 0.0000000000
27509  -21.599  -52.848  -17.988 0.0000000000
27510  -22.860  -52.503  -17.803 0.0000000000
27511  -24.160  -52.448  -18.040 0.0000000000
27512  -24.926  -52.281  -18.352 0.0000000000
27513  -25.440  -52.424  -18.795 0.0000000000
27514  -26.702  -52.486  -19.058 0.0000000000
27515  -27.202  -53.024  -18.569 0.0000000000
27520  -25.719  -52.443  -19.424 0.0000000000
27521  -26.799  -52.249  -19.884 0.0000000000
27522  -27.701  -52.670  -19.649 0.0000000000
27529  -25.869  -52.559  -20.214 0.0000000000
28581  -27.770  -51.399  -13.705 0.0000000000
28582  -28.740  -51.450  -13.667 0.0000000000
28583  -29.802  -51.672  -13.773 0.0000000000
28596  -26.501  -51.430  -14.613 0.0000000000
28597  -27.076  -51.446  -13.953 0.0000000000
28598  -30.023  -52.311  -14.226 0.0000000000
28599  -30.630  -52.011  -14.370 0.0000000000
28610  -21.429  -51.236  -15.818 0.0000000000
28611  -22.200  -51.256  -15.727 0.0000000000
28612  -23.033  -51.091  -15.646 0.0000000000
28613  -23.498  -50.910  -15.652 0.0000000000
28614  -25.503  -51.188  -15.673 0.0000000000
28615  -26.006  -51.484  -15.462 0.0000000000
28625  -18.838  -51.171  -16.599 0.0000000000
28626  -19.713  -51.284  -16.385 0.0000000000
28627  -20.748  -51.492  -16.186 0.0000000000
28628  -21.878  -51.867  -16.522 0.0000000000
28629  -22.819  -51.646  -16.274 0.0000000000
28630  -23.721  -51.282  -16.082 0.0000000000
28631  -24.424  -51.203  -16.161 0.0000000000
28632  -24.969  -51.267  -16.217 0.0000000000
28633  -25.679  -51.746  -16.341 0.0000000000
28642  -22.229  -52.115  -17.141 0.0000000000
28643  -22.632  -51.936  -17.012 0.0000000000
28644  -23.357  -51.696  -16.938 0.0000000000
28645  -24.271  -51.458  -16.947 0.0000000000
28646  -25.112  -51.632  -17.251 0.0000000000
28647  -25.786  -52.058  -17.537 0.0000000000
28654  -23.002  -51.990  -17.458 0.0000000000
28655  -23.695  -51.885  -17.604 0.0000000000
28656  -24.588  -51.806  -17.830 0.0000000000
28657  -25.399  -52.050  -18.205 0.0000000000
28658  -26.067  -52.175  -18.571 0.0000000000
28669  -25.857  -52.253  -19.016 0.0000000000
28670  -26.261  -52.256  -19.406 0.0000000000
28681  -26.005  -52.253  -19.635 0.0000000000
28682  -26.288  -52.229  -19.954 0.0000000000
29742  -27.936  -50.682  -13.666 0.0000000000
29743  -28.524  -50.707  -13.705 0.0000000000
29758  -25.641  -50.089  -14.727 0.0000000000
29759  -26.122  -50.333  -14.548 0.0000000000
29760  -27.223  -50.531  -13.827 0.0000000000
29773  -20.939  -50.619  -15.779 0.0000000000
29774  -21.628  -50.454  -15.524 0.0000000000
29775  -22.508  -50.437  -15.351 0.0000000000
29776  -23.377  -50.419  -15.328 0.0000000000
29777  -24.166  -50.273  -15.302 0.0000000000
29778  -25.166  -50.406  -15.239 0.0000000000
29779  -25.879  -50.937  -15.144 0.0000000000
29794  -19.286  -50.269  -16.520 0.0000000000
29795  -20.221  -50.260  -16.138 0.0000000000
29796  -23.833  -50.749  -15.616 0.0000000000
29797  -24.357  -50.823  -15.716 0.0000000000
29798  -24.744  -50.970  -15.822 0.0000000000
30899  -24.094  -49.031  -14.513 0.0000000000
30900  -24.906  -49.115  -14.509 0.0000000000
30901  -25.705  -49.508  -14.472 0.0000000000
30902  -26.825  -49.445  -14.011 0.0000000000
30914  -20.999  -49.452  -15.808 0.0000000000
30915  -21.997  -49.489  -15.360 0.0000000000
30916  -22.880  -49.632  -15.013 0.0000000000
30917  -23.713  -49.696  -14.878 0.0000000000
30918  -24.518  -49.727  -14.812 0.0000000000
30919  -25.074  -49.693  -14.744 0.0000000000
30928  -19.777  -49.318  -16.410 0.0000000000
30929  -20.361  -49.369  -16.161 0.0000000000
32008  -23.084  -48.298  -14.779 0.0000000000
32009  -23.701  -48.252  -14.589 0.0000000000
32010  -24.564  -48.258  -14.467 0.0000000000
32011  -25.526  -48.370  -14.365 0.0000000000
32023  -21.022  -48.613  -15.914 0.0000000000
32024  -21.631  -48.357  -15.692 0.0000000000
32025  -22.545  -48.598  -15.063 0.0000000000
32026  -23.299  -48.943  -14.681 0.0000000000
32038  -20.525  -48.513  -16.226 0.0000000000
32039  -21.074  -48.215  -15.992 0.0000000000
33031  -22.790  -48.000  -14.974 0.0000000000
33032  -23.233  -47.699  -14.882 0.0000000000
33033  -24.078  -47.303  -14.768 0.0000000000
33034  -25.152  -47.444  -14.518 0.0000000000
33046  -21.838  -47.609  -15.849 0.0000000000
33047  -22.531  -47.490  -15.444 0.0000000000
33048  -23.460  -47.026  -15.167 0.0000000000
33049  -23.858  -46.886  -15.069 0.0000000000
33062  -21.278  -47.514  -16.186 0.0000000000
33063  -21.998  -47.123  -15.969 0.0000000000
33968  -24.820  -46.737  -14.821 0.0000000000
33982  -22.498  -46.695  -15.937 0.0000000000
33983  -23.173  -46.584  -15.702 0.0000000000
33984  -24.103  -46.435  -15.403 0.0000000000
