#!ascii label  , from subject ab_data vox2ras=TkReg
1189
26820  -4.647  -52.101  20.583 0.0000000000
26821  -5.366  -52.054  20.311 0.0000000000
26822  -5.962  -52.051  19.981 0.0000000000
26838  -4.851  -52.574  19.957 0.0000000000
26839  -5.505  -52.400  19.573 0.0000000000
26840  -6.145  -52.108  19.324 0.0000000000
26851  -4.934  -52.823  19.071 0.0000000000
26852  -5.652  -52.473  18.675 0.0000000000
26853  -6.306  -52.056  18.520 0.0000000000
26865  -5.021  -52.878  17.983 0.0000000000
26866  -5.787  -52.194  17.632 0.0000000000
26867  -6.412  -51.909  17.959 0.0000000000
26878  -4.724  -52.584  16.610 0.0000000000
26879  -5.503  -52.024  16.960 0.0000000000
28010  -4.938  -51.223  20.724 0.0000000000
28011  -5.918  -51.421  20.331 0.0000000000
28012  -6.365  -51.633  19.822 0.0000000000
28024  -6.763  -51.594  19.224 0.0000000000
28025  -7.228  -51.279  18.892 0.0000000000
28035  -6.827  -51.662  18.365 0.0000000000
28036  -7.381  -51.221  18.229 0.0000000000
28045  -5.844  -51.783  17.148 0.0000000000
28046  -6.545  -51.458  17.434 0.0000000000
28047  -7.379  -50.916  17.570 0.0000000000
28062  -4.187  -51.525  16.040 0.0000000000
28063  -5.491  -51.398  16.630 0.0000000000
28064  -6.360  -50.852  16.759 0.0000000000
28880  -4.342  -49.661  41.557 0.0000000000
29167  -4.977  -50.292  20.897 0.0000000000
29168  -5.773  -50.549  20.643 0.0000000000
29169  -6.796  -50.750  20.034 0.0000000000
29170  -7.449  -50.233  19.998 0.0000000000
29178  -7.174  -51.086  19.369 0.0000000000
29179  -7.748  -50.558  19.202 0.0000000000
29180  -8.354  -50.055  19.029 0.0000000000
29191  -7.900  -50.671  18.067 0.0000000000
29192  -8.313  -50.204  18.411 0.0000000000
29202  -7.084  -50.720  17.005 0.0000000000
29203  -7.801  -50.268  17.312 0.0000000000
29204  -8.205  -50.251  17.825 0.0000000000
29214  -3.499  -50.456  16.230 0.0000000000
29215  -4.689  -50.452  16.291 0.0000000000
29216  -5.788  -50.307  16.467 0.0000000000
29217  -6.752  -50.195  16.654 0.0000000000
29218  -7.329  -50.207  16.874 0.0000000000
30013  -4.939  -49.400  41.841 0.0000000000
30014  -5.500  -48.796  42.182 0.0000000000
30030  -3.031  -49.691  40.973 0.0000000000
30031  -3.891  -49.484  40.994 0.0000000000
30032  -4.628  -49.115  41.069 0.0000000000
30033  -5.177  -48.868  41.440 0.0000000000
30044  -2.580  -49.434  40.199 0.0000000000
30045  -3.504  -49.368  40.309 0.0000000000
30046  -4.181  -49.130  40.340 0.0000000000
30067  -2.189  -49.332  39.305 0.0000000000
30068  -3.416  -49.279  39.443 0.0000000000
30069  -3.870  -49.171  39.891 0.0000000000
30094  -3.138  -49.399  38.407 0.0000000000
30095  -3.808  -49.303  37.882 0.0000000000
30118  -2.416  -49.332  37.467 0.0000000000
30119  -3.414  -49.372  37.374 0.0000000000
30136  -1.859  -48.988  36.634 0.0000000000
30137  -2.958  -49.274  36.457 0.0000000000
30138  -3.695  -49.286  36.765 0.0000000000
30156  -2.342  -48.999  36.105 0.0000000000
30157  -2.708  -48.936  35.789 0.0000000000
30235  -5.792  -48.633  31.172 0.0000000000
30236  -6.046  -48.584  31.141 0.0000000000
30250  -5.520  -48.720  30.798 0.0000000000
30251  -6.103  -48.618  30.746 0.0000000000
30252  -6.397  -48.621  30.438 0.0000000000
30264  -5.340  -48.746  30.239 0.0000000000
30265  -5.909  -48.708  30.271 0.0000000000
30266  -6.195  -48.658  30.306 0.0000000000
30343  -5.306  -49.398  21.567 0.0000000000
30344  -6.076  -49.360  21.330 0.0000000000
30345  -6.721  -49.233  21.141 0.0000000000
30349  -5.550  -49.793  20.966 0.0000000000
30350  -6.357  -49.837  20.741 0.0000000000
30351  -7.282  -49.574  20.547 0.0000000000
30352  -7.990  -49.307  20.359 0.0000000000
30356  -7.828  -49.892  20.017 0.0000000000
30357  -8.390  -49.528  19.646 0.0000000000
30358  -8.945  -49.155  19.270 0.0000000000
30363  -8.722  -49.692  18.771 0.0000000000
30364  -9.222  -49.113  18.578 0.0000000000
30372  -8.040  -49.859  17.161 0.0000000000
30373  -8.595  -49.650  17.605 0.0000000000
30374  -9.341  -48.859  17.873 0.0000000000
30385  -2.821  -49.557  16.361 0.0000000000
30386  -3.954  -49.528  16.383 0.0000000000
30387  -5.102  -49.469  16.351 0.0000000000
30388  -6.250  -49.421  16.448 0.0000000000
30389  -7.588  -49.533  16.742 0.0000000000
30390  -8.438  -48.916  16.902 0.0000000000
31104  -5.806  -48.005  41.955 0.0000000000
31117  -5.101  -48.644  40.891 0.0000000000
31118  -5.542  -48.253  41.235 0.0000000000
31132  -4.761  -48.691  40.315 0.0000000000
31133  -5.347  -48.256  40.372 0.0000000000
31147  -3.919  -49.081  39.072 0.0000000000
31148  -4.309  -48.864  39.499 0.0000000000
31149  -5.117  -48.381  39.633 0.0000000000
31165  -3.687  -49.205  38.852 0.0000000000
31166  -4.220  -49.025  38.446 0.0000000000
31167  -5.026  -48.489  38.810 0.0000000000
31185  -4.309  -49.134  37.211 0.0000000000
31186  -5.322  -48.498  37.665 0.0000000000
31187  -5.887  -48.125  37.229 0.0000000000
31201  -3.214  -49.018  35.811 0.0000000000
31202  -3.924  -48.994  36.059 0.0000000000
31203  -5.147  -48.423  36.351 0.0000000000
31204  -5.688  -48.269  36.929 0.0000000000
31222  -3.134  -48.391  35.363 0.0000000000
31223  -4.295  -48.024  35.465 0.0000000000
31224  -5.097  -47.749  35.658 0.0000000000
31262  -4.448  -48.073  32.926 0.0000000000
31263  -4.753  -48.088  32.963 0.0000000000
31286  -3.438  -48.307  32.207 0.0000000000
31287  -4.375  -48.308  32.570 0.0000000000
31288  -5.443  -48.305  32.537 0.0000000000
31289  -6.276  -48.132  32.335 0.0000000000
31301  -3.117  -48.491  31.366 0.0000000000
31302  -4.113  -48.675  31.534 0.0000000000
31303  -5.176  -48.695  31.595 0.0000000000
31304  -6.109  -48.500  31.567 0.0000000000
31305  -6.945  -48.050  31.709 0.0000000000
31306  -7.503  -47.605  31.473 0.0000000000
31319  -2.819  -48.546  30.411 0.0000000000
31320  -3.862  -48.703  30.547 0.0000000000
31321  -4.792  -48.803  30.746 0.0000000000
31322  -6.267  -48.541  31.050 0.0000000000
31323  -6.722  -48.516  30.787 0.0000000000
31324  -7.755  -48.009  30.802 0.0000000000
31325  -8.344  -47.789  30.335 0.0000000000
31336  -2.531  -48.430  29.385 0.0000000000
31337  -3.617  -48.582  29.509 0.0000000000
31338  -4.748  -48.733  29.736 0.0000000000
31339  -5.727  -48.757  29.649 0.0000000000
31340  -6.537  -48.728  29.909 0.0000000000
31341  -7.464  -48.535  29.959 0.0000000000
31342  -8.187  -48.184  29.869 0.0000000000
31353  -2.265  -48.059  28.626 0.0000000000
31354  -3.309  -48.179  28.409 0.0000000000
31355  -4.446  -48.482  28.702 0.0000000000
31356  -5.447  -48.648  28.847 0.0000000000
31357  -6.345  -48.698  28.959 0.0000000000
31358  -7.346  -48.519  28.904 0.0000000000
31359  -7.891  -48.376  29.381 0.0000000000
31370  -3.685  -47.859  27.782 0.0000000000
31371  -4.314  -48.070  27.904 0.0000000000
31372  -5.241  -48.289  28.038 0.0000000000
31373  -6.164  -48.423  28.208 0.0000000000
31374  -6.761  -48.478  28.429 0.0000000000
31384  -5.226  -48.051  26.165 0.0000000000
31385  -6.095  -48.230  26.160 0.0000000000
31386  -6.577  -48.274  26.101 0.0000000000
31398  -4.820  -48.303  25.457 0.0000000000
31399  -5.695  -48.380  25.631 0.0000000000
31400  -6.572  -48.479  25.526 0.0000000000
31401  -7.453  -48.527  25.036 0.0000000000
31402  -7.939  -48.448  24.706 0.0000000000
31415  -5.601  -48.672  24.704 0.0000000000
31416  -6.720  -48.688  24.412 0.0000000000
31417  -7.549  -48.552  24.187 0.0000000000
31418  -8.263  -48.397  24.214 0.0000000000
31428  -5.984  -48.849  23.537 0.0000000000
31429  -6.961  -48.725  23.420 0.0000000000
31430  -7.811  -48.547  23.337 0.0000000000
31431  -8.605  -48.282  23.362 0.0000000000
31442  -6.338  -48.916  22.596 0.0000000000
31443  -7.208  -48.704  22.488 0.0000000000
31444  -8.101  -48.423  22.380 0.0000000000
31445  -8.808  -48.085  22.645 0.0000000000
31454  -5.920  -49.120  21.929 0.0000000000
31455  -6.602  -48.969  21.802 0.0000000000
31456  -7.380  -48.781  21.480 0.0000000000
31457  -8.180  -48.408  21.409 0.0000000000
31460  -7.822  -48.852  20.833 0.0000000000
31461  -8.504  -48.622  20.533 0.0000000000
31462  -9.112  -48.355  20.189 0.0000000000
31465  -8.879  -48.837  19.830 0.0000000000
31466  -9.381  -48.479  19.443 0.0000000000
31470  -9.714  -48.342  18.519 0.0000000000
31474  -9.009  -48.743  17.318 0.0000000000
31475  -9.602  -48.051  17.599 0.0000000000
31482  -2.140  -48.712  16.377 0.0000000000
31483  -3.233  -48.666  16.273 0.0000000000
31484  -4.357  -48.578  16.288 0.0000000000
31485  -5.510  -48.497  16.356 0.0000000000
31486  -6.704  -48.477  16.448 0.0000000000
31487  -7.820  -48.331  16.568 0.0000000000
31488  -8.830  -48.047  16.841 0.0000000000
31489  -9.404  -47.454  17.108 0.0000000000
32223  -6.094  -47.344  42.175 0.0000000000
32239  -6.006  -47.520  41.296 0.0000000000
32240  -6.314  -46.788  41.416 0.0000000000
32254  -5.872  -47.697  40.455 0.0000000000
32255  -6.333  -46.988  40.510 0.0000000000
32267  -5.695  -47.898  39.678 0.0000000000
32268  -6.282  -47.286  39.610 0.0000000000
32279  -5.516  -48.124  39.099 0.0000000000
32280  -6.031  -47.706  38.869 0.0000000000
32293  -5.646  -48.144  38.462 0.0000000000
32294  -6.157  -47.790  37.795 0.0000000000
32305  -5.589  -47.860  35.946 0.0000000000
32306  -6.114  -47.734  36.534 0.0000000000
32317  -3.498  -47.192  34.909 0.0000000000
32318  -4.638  -47.084  35.309 0.0000000000
32319  -5.628  -47.206  35.655 0.0000000000
32320  -6.254  -47.121  35.918 0.0000000000
32351  -3.365  -47.468  33.325 0.0000000000
32352  -4.250  -47.741  33.193 0.0000000000
32353  -5.220  -47.634  33.293 0.0000000000
32354  -5.969  -47.310  33.328 0.0000000000
32374  -3.717  -47.969  32.845 0.0000000000
32375  -4.104  -48.033  32.898 0.0000000000
32376  -5.959  -47.856  32.912 0.0000000000
32377  -6.642  -47.432  32.671 0.0000000000
32378  -7.158  -46.972  32.346 0.0000000000
32394  -7.193  -47.424  31.975 0.0000000000
32395  -7.636  -46.866  31.624 0.0000000000
32396  -8.094  -46.605  31.232 0.0000000000
32407  -7.857  -47.426  31.167 0.0000000000
32408  -8.472  -47.085  30.747 0.0000000000
32409  -9.091  -46.609  30.360 0.0000000000
32422  -8.778  -47.647  29.810 0.0000000000
32423  -9.281  -46.948  29.923 0.0000000000
32435  -2.651  -47.860  28.163 0.0000000000
32436  -7.833  -48.181  28.232 0.0000000000
32437  -8.469  -48.023  28.806 0.0000000000
32438  -9.403  -47.314  29.020 0.0000000000
32449  -2.950  -47.571  27.593 0.0000000000
32450  -4.082  -47.688  27.350 0.0000000000
32451  -5.024  -47.900  27.354 0.0000000000
32452  -5.999  -48.131  27.415 0.0000000000
32453  -7.126  -48.195  27.721 0.0000000000
32454  -8.267  -47.792  27.593 0.0000000000
32455  -9.477  -47.274  27.734 0.0000000000
32456  -10.218  -46.960  27.188 0.0000000000
32470  -3.607  -47.487  26.753 0.0000000000
32471  -4.682  -47.713  26.745 0.0000000000
32472  -5.650  -47.949  26.738 0.0000000000
32473  -6.692  -48.091  26.581 0.0000000000
32474  -7.767  -47.866  26.597 0.0000000000
32475  -8.921  -47.616  26.522 0.0000000000
32476  -10.032  -47.243  26.490 0.0000000000
32489  -4.219  -47.819  26.100 0.0000000000
32490  -6.826  -48.285  26.045 0.0000000000
32491  -7.314  -48.262  25.882 0.0000000000
32492  -8.348  -48.194  25.358 0.0000000000
32493  -9.610  -47.674  25.373 0.0000000000
32501  -9.112  -48.129  24.308 0.0000000000
32502  -10.068  -47.600  24.174 0.0000000000
32512  -9.355  -47.891  23.287 0.0000000000
32513  -10.140  -47.452  22.990 0.0000000000
32524  -8.622  -48.082  21.997 0.0000000000
32525  -9.293  -47.696  22.222 0.0000000000
32526  -10.049  -47.165  21.992 0.0000000000
32531  -8.835  -48.030  21.358 0.0000000000
32532  -9.432  -47.539  21.273 0.0000000000
32533  -10.011  -46.962  21.063 0.0000000000
32535  -9.095  -48.045  20.734 0.0000000000
32536  -9.547  -47.670  20.289 0.0000000000
32537  -10.158  -46.906  20.106 0.0000000000
32539  -9.940  -47.656  19.319 0.0000000000
32540  -10.424  -46.875  19.165 0.0000000000
32543  -10.158  -47.505  18.394 0.0000000000
32544  -10.397  -46.703  18.360 0.0000000000
32548  -10.016  -46.981  17.574 0.0000000000
32549  -10.306  -46.503  17.941 0.0000000000
32554  -1.536  -47.895  16.231 0.0000000000
32555  -2.522  -47.793  16.101 0.0000000000
32556  -3.633  -47.846  16.022 0.0000000000
32557  -4.710  -47.511  16.058 0.0000000000
32558  -5.961  -47.554  16.337 0.0000000000
32559  -7.076  -47.503  16.470 0.0000000000
32560  -8.104  -47.369  16.549 0.0000000000
32561  -8.929  -47.157  16.706 0.0000000000
32562  -9.430  -46.891  17.016 0.0000000000
32572  -3.132  -47.283  15.802 0.0000000000
32573  -3.877  -47.189  15.798 0.0000000000
32574  -4.327  -47.029  15.817 0.0000000000
33271  -6.513  -46.035  41.574 0.0000000000
33287  -6.578  -46.206  40.672 0.0000000000
33298  -6.778  -46.341  39.592 0.0000000000
33299  -7.121  -45.898  39.197 0.0000000000
33314  -6.722  -46.945  38.509 0.0000000000
33315  -7.229  -46.082  38.704 0.0000000000
33330  -6.864  -47.044  37.239 0.0000000000
33331  -7.370  -46.243  37.721 0.0000000000
33344  -6.721  -46.843  36.275 0.0000000000
33345  -7.335  -46.251  36.673 0.0000000000
33352  -3.726  -46.887  34.551 0.0000000000
33353  -4.314  -46.628  34.861 0.0000000000
33354  -5.279  -46.409  35.178 0.0000000000
33355  -6.172  -46.434  35.608 0.0000000000
33356  -6.910  -46.123  35.930 0.0000000000
33367  -4.102  -46.766  34.322 0.0000000000
33368  -5.147  -46.450  34.478 0.0000000000
33369  -5.709  -46.280  34.007 0.0000000000
33381  -3.763  -47.066  33.783 0.0000000000
33382  -4.615  -46.982  33.796 0.0000000000
33383  -5.466  -46.796  33.744 0.0000000000
33384  -6.331  -46.514  33.511 0.0000000000
33385  -6.907  -46.161  33.128 0.0000000000
33395  -6.915  -46.700  32.873 0.0000000000
33396  -7.209  -46.270  32.457 0.0000000000
33407  -7.493  -46.063  31.890 0.0000000000
33408  -7.870  -46.156  31.469 0.0000000000
33420  -8.360  -46.223  31.096 0.0000000000
33421  -8.911  -46.187  30.656 0.0000000000
33432  -9.603  -46.129  30.079 0.0000000000
33433  -10.256  -45.869  29.432 0.0000000000
33442  -9.888  -46.568  29.286 0.0000000000
33443  -10.554  -46.161  28.679 0.0000000000
33444  -11.057  -46.059  28.138 0.0000000000
33451  -9.987  -46.809  28.497 0.0000000000
33452  -10.524  -46.622  27.783 0.0000000000
33453  -11.381  -46.125  27.407 0.0000000000
33458  -10.856  -46.755  26.768 0.0000000000
33459  -11.802  -46.203  26.322 0.0000000000
33460  -12.420  -45.813  25.887 0.0000000000
33470  -10.951  -46.997  25.304 0.0000000000
33471  -12.106  -46.268  25.232 0.0000000000
33472  -12.764  -45.658  25.258 0.0000000000
33482  -10.907  -47.012  23.734 0.0000000000
33483  -11.743  -46.487  24.193 0.0000000000
33484  -12.537  -45.916  24.363 0.0000000000
33496  -10.814  -46.861  22.618 0.0000000000
33497  -11.543  -46.495  23.127 0.0000000000
33498  -12.207  -46.005  23.406 0.0000000000
33512  -10.597  -46.532  21.755 0.0000000000
33513  -11.325  -46.152  22.234 0.0000000000
33514  -11.845  -45.992  22.724 0.0000000000
33523  -10.569  -46.234  20.916 0.0000000000
33524  -10.988  -45.984  21.569 0.0000000000
33526  -10.616  -46.134  19.909 0.0000000000
33528  -10.654  -46.069  18.945 0.0000000000
33530  -10.431  -46.086  18.219 0.0000000000
33533  -8.857  -46.129  16.862 0.0000000000
33534  -9.473  -46.221  17.202 0.0000000000
33535  -10.125  -46.148  17.710 0.0000000000
33539  -1.312  -46.713  16.023 0.0000000000
33540  -1.849  -47.316  16.109 0.0000000000
33541  -4.612  -46.695  15.850 0.0000000000
33542  -5.401  -46.696  16.064 0.0000000000
33543  -6.434  -46.675  16.340 0.0000000000
33544  -7.453  -46.597  16.521 0.0000000000
33545  -8.400  -46.491  16.675 0.0000000000
33546  -9.053  -46.574  16.822 0.0000000000
33555  -1.822  -46.214  15.944 0.0000000000
33556  -2.363  -46.762  15.877 0.0000000000
33557  -3.382  -46.692  15.684 0.0000000000
33558  -4.076  -46.689  15.730 0.0000000000
34231  -6.622  -45.429  40.901 0.0000000000
34241  -6.776  -45.588  40.060 0.0000000000
34242  -7.018  -45.674  39.474 0.0000000000
34257  -7.233  -45.465  38.961 0.0000000000
34272  -7.492  -45.407  38.126 0.0000000000
34288  -7.711  -45.443  37.072 0.0000000000
34303  -5.843  -45.977  35.256 0.0000000000
34304  -6.431  -45.528  35.288 0.0000000000
34305  -7.392  -45.441  36.072 0.0000000000
34314  -5.670  -45.874  34.951 0.0000000000
34315  -6.168  -45.763  34.330 0.0000000000
34325  -6.715  -45.697  33.575 0.0000000000
34326  -7.119  -45.599  33.048 0.0000000000
34334  -7.307  -45.481  32.370 0.0000000000
34337  -7.598  -45.486  31.691 0.0000000000
34338  -8.049  -45.585  31.285 0.0000000000
34348  -8.547  -45.564  30.945 0.0000000000
34349  -9.212  -45.383  30.555 0.0000000000
34362  -10.039  -45.099  29.913 0.0000000000
34363  -10.883  -45.235  28.991 0.0000000000
34364  -11.461  -44.875  28.649 0.0000000000
34379  -11.027  -45.729  28.500 0.0000000000
34380  -11.564  -45.385  28.162 0.0000000000
34389  -12.265  -45.417  27.128 0.0000000000
34390  -12.762  -44.967  26.941 0.0000000000
34397  -12.368  -45.656  26.391 0.0000000000
34398  -12.967  -45.140  26.204 0.0000000000
34399  -13.429  -44.580  26.020 0.0000000000
34409  -13.170  -45.155  25.271 0.0000000000
34410  -13.412  -44.670  25.517 0.0000000000
34425  -13.062  -45.320  24.565 0.0000000000
34426  -13.362  -44.756  24.808 0.0000000000
34439  -12.862  -45.276  23.592 0.0000000000
34440  -13.254  -44.841  24.167 0.0000000000
34453  -11.727  -45.708  22.317 0.0000000000
34454  -12.213  -45.411  22.626 0.0000000000
34471  -10.961  -45.738  21.228 0.0000000000
34472  -11.520  -45.260  21.652 0.0000000000
34473  -12.178  -44.856  22.218 0.0000000000
34483  -10.924  -45.537  20.673 0.0000000000
34484  -11.224  -44.810  20.570 0.0000000000
34490  -10.936  -45.150  19.649 0.0000000000
34491  -11.147  -44.586  20.038 0.0000000000
34494  -10.025  -44.828  18.126 0.0000000000
34495  -10.471  -45.247  18.476 0.0000000000
34498  -8.084  -45.281  17.183 0.0000000000
34499  -8.725  -45.533  17.173 0.0000000000
34500  -9.754  -45.339  17.706 0.0000000000
34501  -10.268  -45.705  17.977 0.0000000000
34505  -1.668  -45.387  16.060 0.0000000000
34506  -2.759  -45.210  15.920 0.0000000000
34507  -3.758  -45.407  15.868 0.0000000000
34508  -4.753  -45.873  15.886 0.0000000000
34509  -5.900  -45.868  16.117 0.0000000000
34510  -6.848  -45.857  16.449 0.0000000000
34511  -7.835  -45.709  16.795 0.0000000000
34512  -8.467  -45.947  16.827 0.0000000000
34517  -2.282  -45.917  15.850 0.0000000000
34518  -3.045  -46.010  15.684 0.0000000000
34519  -3.892  -46.165  15.725 0.0000000000
34520  -4.339  -46.354  15.772 0.0000000000
35216  -6.637  -44.839  40.238 0.0000000000
35217  -7.015  -45.103  39.507 0.0000000000
35231  -6.690  -44.570  39.458 0.0000000000
35232  -7.149  -44.671  38.689 0.0000000000
35251  -7.578  -44.489  37.535 0.0000000000
35265  -7.714  -44.580  36.421 0.0000000000
35281  -6.693  -44.994  34.625 0.0000000000
35282  -7.264  -44.577  35.336 0.0000000000
35297  -6.812  -45.086  33.918 0.0000000000
35298  -7.089  -44.402  34.285 0.0000000000
35310  -7.000  -45.261  33.456 0.0000000000
35311  -7.201  -44.732  33.212 0.0000000000
35321  -7.187  -44.316  31.469 0.0000000000
35322  -7.299  -44.685  32.083 0.0000000000
35330  -6.267  -43.896  30.720 0.0000000000
35331  -6.981  -44.261  30.984 0.0000000000
35332  -7.691  -44.811  31.304 0.0000000000
35333  -8.184  -45.193  31.101 0.0000000000
35340  -6.187  -43.784  30.524 0.0000000000
35341  -6.748  -43.911  30.672 0.0000000000
35342  -7.536  -44.234  30.812 0.0000000000
35343  -8.463  -44.723  30.841 0.0000000000
35344  -9.323  -44.501  30.427 0.0000000000
35351  -9.938  -44.165  30.012 0.0000000000
35352  -10.641  -44.302  29.516 0.0000000000
35353  -11.380  -44.349  28.994 0.0000000000
35368  -12.023  -44.495  28.432 0.0000000000
35369  -12.470  -44.434  28.002 0.0000000000
35385  -12.223  -44.882  27.863 0.0000000000
35386  -12.738  -44.558  27.476 0.0000000000
35387  -13.206  -44.251  27.183 0.0000000000
35401  -13.047  -44.665  26.889 0.0000000000
35402  -13.434  -44.272  26.538 0.0000000000
35413  -13.678  -44.102  25.785 0.0000000000
35432  -13.605  -44.135  25.038 0.0000000000
35448  -13.175  -44.397  23.645 0.0000000000
35449  -13.401  -44.254  24.346 0.0000000000
35471  -12.674  -44.477  22.761 0.0000000000
35494  -11.585  -44.158  21.096 0.0000000000
35495  -12.117  -44.172  21.952 0.0000000000
35514  -11.290  -44.125  20.281 0.0000000000
35529  -10.663  -44.374  19.062 0.0000000000
35530  -11.037  -44.216  19.691 0.0000000000
35544  -7.032  -44.466  17.587 0.0000000000
35545  -7.677  -44.462  17.861 0.0000000000
35546  -8.545  -44.356  17.964 0.0000000000
35547  -9.476  -44.434  18.098 0.0000000000
35548  -10.167  -44.413  18.510 0.0000000000
35562  -5.926  -44.548  16.580 0.0000000000
35563  -6.636  -44.571  16.985 0.0000000000
35564  -7.522  -44.937  17.228 0.0000000000
35565  -8.257  -44.908  17.504 0.0000000000
35566  -8.982  -44.849  17.585 0.0000000000
35577  -2.406  -44.292  16.347 0.0000000000
35578  -3.549  -44.521  16.268 0.0000000000
35579  -4.554  -44.831  16.145 0.0000000000
35580  -5.476  -45.071  16.176 0.0000000000
35581  -6.341  -45.144  16.427 0.0000000000
35582  -7.049  -45.227  16.755 0.0000000000
36285  -4.183  -43.649  39.653 0.0000000000
36286  -5.364  -43.769  39.823 0.0000000000
36287  -6.185  -44.277  39.969 0.0000000000
36301  -2.672  -43.383  38.368 0.0000000000
36302  -3.937  -43.375  38.775 0.0000000000
36303  -5.147  -43.412  38.869 0.0000000000
36304  -6.338  -43.863  38.935 0.0000000000
36305  -7.047  -43.990  38.127 0.0000000000
36319  -2.503  -43.130  37.719 0.0000000000
36320  -5.887  -43.277  38.345 0.0000000000
36321  -6.548  -43.428  37.923 0.0000000000
36322  -7.232  -43.652  37.423 0.0000000000
36339  -7.624  -43.799  36.758 0.0000000000
36355  -7.746  -43.713  35.849 0.0000000000
36373  -7.460  -43.642  34.824 0.0000000000
36396  -7.280  -43.701  33.766 0.0000000000
36412  -7.060  -43.893  31.906 0.0000000000
36413  -7.286  -43.741  32.743 0.0000000000
36418  -3.565  -43.756  30.451 0.0000000000
36419  -4.709  -43.751  30.587 0.0000000000
36420  -5.719  -43.802  30.875 0.0000000000
36421  -6.596  -43.918  31.238 0.0000000000
36427  -4.284  -43.885  29.992 0.0000000000
36428  -5.528  -43.777  30.305 0.0000000000
36429  -6.394  -43.658  30.392 0.0000000000
36430  -7.277  -43.704  30.473 0.0000000000
36431  -8.209  -43.923  30.546 0.0000000000
36432  -8.810  -44.162  30.546 0.0000000000
36437  -3.917  -43.498  29.625 0.0000000000
36438  -4.930  -43.478  29.815 0.0000000000
36439  -5.965  -43.351  30.004 0.0000000000
36440  -6.978  -43.186  30.133 0.0000000000
36441  -7.997  -43.208  30.234 0.0000000000
36442  -9.184  -43.510  30.235 0.0000000000
36443  -10.289  -43.420  29.722 0.0000000000
36444  -11.146  -43.491  29.298 0.0000000000
36448  -11.959  -43.577  28.833 0.0000000000
36449  -12.826  -43.717  28.108 0.0000000000
36450  -13.239  -43.136  27.782 0.0000000000
36455  -13.112  -44.051  27.563 0.0000000000
36456  -13.425  -43.524  27.262 0.0000000000
36467  -13.750  -43.388  26.260 0.0000000000
36482  -13.725  -43.355  25.334 0.0000000000
36503  -5.735  -43.405  24.078 0.0000000000
36504  -6.150  -43.238  24.093 0.0000000000
36505  -13.469  -43.531  24.561 0.0000000000
36520  -6.391  -43.302  23.519 0.0000000000
36521  -7.099  -43.049  22.952 0.0000000000
36522  -12.953  -43.615  23.344 0.0000000000
36523  -13.283  -43.780  23.958 0.0000000000
36542  -6.700  -43.318  22.288 0.0000000000
36543  -12.028  -42.941  22.312 0.0000000000
36544  -12.371  -43.416  22.504 0.0000000000
36558  -6.715  -43.415  21.146 0.0000000000
36559  -11.825  -43.305  21.752 0.0000000000
36560  -12.127  -43.639  22.053 0.0000000000
36574  -5.981  -43.717  20.536 0.0000000000
36575  -7.037  -43.374  20.184 0.0000000000
36576  -7.739  -43.232  19.762 0.0000000000
36577  -10.674  -42.847  20.242 0.0000000000
36578  -11.232  -43.261  20.550 0.0000000000
36590  -6.278  -43.619  19.416 0.0000000000
36591  -7.344  -43.602  19.247 0.0000000000
36592  -8.284  -43.369  19.230 0.0000000000
36593  -9.286  -43.207  19.146 0.0000000000
36594  -10.460  -43.362  19.529 0.0000000000
36595  -11.090  -43.718  19.954 0.0000000000
36610  -5.426  -43.572  18.508 0.0000000000
36611  -6.763  -43.967  18.247 0.0000000000
36612  -7.926  -43.993  18.558 0.0000000000
36613  -8.901  -43.773  18.524 0.0000000000
36614  -9.811  -43.777  18.686 0.0000000000
36615  -10.331  -43.943  18.882 0.0000000000
36630  -4.395  -43.536  17.627 0.0000000000
36631  -5.741  -43.919  17.209 0.0000000000
36632  -6.555  -44.226  17.502 0.0000000000
36644  -3.341  -43.688  16.873 0.0000000000
36645  -4.499  -43.974  16.629 0.0000000000
36646  -5.259  -44.393  16.484 0.0000000000
37384  -3.817  -42.983  38.130 0.0000000000
37385  -4.777  -42.962  38.252 0.0000000000
37386  -5.424  -43.080  38.285 0.0000000000
37398  -2.277  -42.922  37.260 0.0000000000
37399  -3.203  -42.714  37.579 0.0000000000
37400  -4.449  -42.535  37.583 0.0000000000
37401  -5.774  -42.720  37.628 0.0000000000
37402  -6.893  -42.983  37.142 0.0000000000
37403  -7.349  -43.356  36.944 0.0000000000
37417  -1.857  -42.776  36.576 0.0000000000
37418  -2.812  -42.340  36.815 0.0000000000
37419  -3.887  -42.048  36.916 0.0000000000
37420  -5.130  -42.018  36.793 0.0000000000
37421  -6.558  -42.082  36.266 0.0000000000
37422  -7.463  -43.031  36.433 0.0000000000
37434  -6.934  -41.971  34.818 0.0000000000
37435  -7.508  -42.757  35.425 0.0000000000
37450  -6.933  -42.249  33.698 0.0000000000
37451  -7.360  -42.834  34.285 0.0000000000
37476  -6.940  -42.519  33.012 0.0000000000
37477  -7.300  -42.984  33.197 0.0000000000
37494  -3.610  -42.711  31.855 0.0000000000
37495  -4.772  -42.773  31.780 0.0000000000
37496  -5.782  -42.872  31.873 0.0000000000
37497  -6.806  -43.027  32.324 0.0000000000
37498  -7.223  -43.232  32.735 0.0000000000
37513  -4.076  -43.473  31.187 0.0000000000
37514  -5.180  -43.450  31.273 0.0000000000
37515  -6.134  -43.475  31.496 0.0000000000
37516  -6.677  -43.596  31.707 0.0000000000
37542  -4.544  -42.969  29.478 0.0000000000
37543  -5.544  -42.849  29.752 0.0000000000
37544  -6.581  -42.649  29.961 0.0000000000
37545  -7.652  -42.478  30.020 0.0000000000
37546  -8.775  -42.437  30.004 0.0000000000
37547  -9.894  -42.472  29.742 0.0000000000
37548  -10.831  -42.593  29.397 0.0000000000
37559  -11.607  -42.649  29.064 0.0000000000
37560  -12.441  -42.622  28.595 0.0000000000
37561  -13.093  -42.637  28.068 0.0000000000
37571  -13.406  -42.614  27.535 0.0000000000
37580  -13.653  -42.554  26.776 0.0000000000
37588  -13.666  -42.411  25.780 0.0000000000
37601  -5.465  -43.093  24.297 0.0000000000
37602  -5.952  -43.183  24.194 0.0000000000
37603  -12.827  -42.407  24.240 0.0000000000
37604  -13.373  -42.563  24.784 0.0000000000
37610  -4.702  -42.232  24.251 0.0000000000
37611  -5.268  -42.463  24.133 0.0000000000
37612  -6.270  -42.739  23.965 0.0000000000
37613  -7.444  -42.475  23.092 0.0000000000
37614  -8.803  -42.026  22.948 0.0000000000
37615  -9.903  -41.737  22.840 0.0000000000
37616  -10.874  -41.876  23.028 0.0000000000
37617  -11.677  -42.148  23.286 0.0000000000
37618  -12.443  -42.635  23.547 0.0000000000
37619  -13.081  -43.093  24.059 0.0000000000
37629  -7.576  -42.782  22.322 0.0000000000
37630  -8.507  -42.388  22.344 0.0000000000
37631  -9.579  -42.150  22.295 0.0000000000
37632  -10.601  -42.147  22.291 0.0000000000
37633  -11.526  -42.488  22.407 0.0000000000
37634  -12.087  -42.685  22.772 0.0000000000
37642  -7.410  -43.014  21.406 0.0000000000
37643  -8.265  -42.607  21.405 0.0000000000
37644  -9.279  -42.322  21.394 0.0000000000
37645  -10.287  -42.258  21.412 0.0000000000
37646  -11.139  -42.571  21.472 0.0000000000
37652  -7.279  -43.176  20.787 0.0000000000
37653  -7.915  -42.906  20.421 0.0000000000
37654  -8.933  -42.537  20.481 0.0000000000
37655  -10.033  -42.469  20.412 0.0000000000
37656  -10.746  -42.592  20.756 0.0000000000
37663  -8.139  -43.046  19.767 0.0000000000
37664  -8.658  -42.863  19.743 0.0000000000
37665  -9.498  -42.740  19.763 0.0000000000
38456  -1.833  -42.557  36.083 0.0000000000
38457  -2.371  -42.242  36.123 0.0000000000
38458  -3.310  -41.807  36.177 0.0000000000
38459  -4.404  -41.638  36.102 0.0000000000
38460  -5.429  -41.608  35.943 0.0000000000
38476  -1.664  -42.372  35.560 0.0000000000
38477  -2.688  -41.832  35.462 0.0000000000
38478  -3.723  -41.545  35.353 0.0000000000
38479  -4.811  -41.394  35.220 0.0000000000
38480  -5.946  -41.485  35.115 0.0000000000
38498  -2.039  -41.885  34.822 0.0000000000
38499  -2.991  -41.668  34.633 0.0000000000
38500  -4.045  -41.457  34.444 0.0000000000
38501  -5.145  -41.379  34.236 0.0000000000
38502  -6.215  -41.614  33.981 0.0000000000
38521  -2.095  -41.828  33.963 0.0000000000
38522  -3.228  -41.722  33.735 0.0000000000
38523  -4.286  -41.626  33.472 0.0000000000
38524  -5.372  -41.682  33.215 0.0000000000
38525  -6.356  -42.119  32.939 0.0000000000
38541  -2.505  -42.054  33.141 0.0000000000
38542  -3.387  -42.081  32.791 0.0000000000
38543  -4.491  -42.109  32.549 0.0000000000
38544  -5.503  -42.282  32.429 0.0000000000
38545  -6.143  -42.526  32.371 0.0000000000
38568  -3.301  -41.328  30.629 0.0000000000
38588  -3.572  -41.744  30.152 0.0000000000
38589  -4.778  -41.687  30.151 0.0000000000
38590  -5.810  -41.593  30.215 0.0000000000
38591  -6.755  -41.443  30.273 0.0000000000
38592  -7.265  -41.315  30.270 0.0000000000
38603  -4.133  -42.390  29.656 0.0000000000
38604  -5.157  -42.297  29.817 0.0000000000
38605  -6.187  -42.105  29.955 0.0000000000
38606  -7.302  -41.735  30.085 0.0000000000
38607  -8.412  -41.601  29.983 0.0000000000
38608  -9.515  -41.488  29.697 0.0000000000
38609  -10.695  -41.489  29.208 0.0000000000
38610  -11.263  -42.058  29.159 0.0000000000
38620  -11.270  -40.934  28.754 0.0000000000
38621  -11.815  -41.557  28.737 0.0000000000
38622  -12.876  -41.613  28.092 0.0000000000
38623  -13.265  -42.125  27.813 0.0000000000
38635  -13.087  -41.193  27.585 0.0000000000
38636  -13.387  -41.705  27.326 0.0000000000
38651  -13.561  -41.709  26.382 0.0000000000
38669  -13.534  -41.695  25.807 0.0000000000
38683  -4.248  -41.762  24.370 0.0000000000
38684  -12.391  -40.982  24.338 0.0000000000
38685  -12.808  -41.589  24.560 0.0000000000
38686  -13.368  -41.693  25.289 0.0000000000
38695  -4.877  -41.722  23.872 0.0000000000
38696  -5.755  -41.784  23.563 0.0000000000
38697  -6.922  -41.736  23.125 0.0000000000
38698  -8.103  -41.718  23.020 0.0000000000
38699  -9.169  -41.281  22.970 0.0000000000
38700  -10.261  -41.249  23.231 0.0000000000
38701  -11.153  -41.364  23.550 0.0000000000
38702  -12.050  -41.482  23.950 0.0000000000
38703  -12.474  -42.067  24.144 0.0000000000
38712  -7.680  -41.165  22.767 0.0000000000
38713  -8.414  -41.007  22.801 0.0000000000
38714  -8.857  -40.849  22.834 0.0000000000
39736  -2.732  -40.281  31.813 0.0000000000
39737  -3.738  -40.203  31.855 0.0000000000
39738  -4.570  -40.153  31.904 0.0000000000
39757  -3.209  -40.868  31.130 0.0000000000
39758  -4.169  -40.661  31.306 0.0000000000
39759  -5.190  -40.487  31.463 0.0000000000
39760  -6.178  -40.551  31.324 0.0000000000
39761  -7.073  -40.412  31.212 0.0000000000
39762  -7.861  -40.162  31.116 0.0000000000
39772  -3.755  -41.140  30.771 0.0000000000
39773  -4.497  -41.111  30.723 0.0000000000
39774  -5.492  -41.054  30.718 0.0000000000
39775  -6.464  -40.968  30.671 0.0000000000
39776  -7.452  -40.829  30.541 0.0000000000
39777  -8.585  -40.134  30.647 0.0000000000
39778  -9.168  -39.943  30.332 0.0000000000
39783  -7.531  -41.228  30.249 0.0000000000
39784  -8.074  -41.001  30.191 0.0000000000
39785  -9.180  -40.499  29.982 0.0000000000
39786  -10.116  -40.509  29.333 0.0000000000
39791  -10.864  -40.412  28.759 0.0000000000
39792  -11.733  -40.365  28.244 0.0000000000
39793  -12.334  -40.958  28.212 0.0000000000
39800  -12.070  -39.933  27.688 0.0000000000
39801  -12.706  -40.484  27.469 0.0000000000
39802  -13.184  -41.059  27.309 0.0000000000
39812  -13.045  -40.188  26.303 0.0000000000
39813  -13.342  -40.968  26.787 0.0000000000
39838  -12.930  -40.252  25.363 0.0000000000
39839  -13.439  -41.006  25.829 0.0000000000
39864  -3.697  -40.899  24.673 0.0000000000
39865  -12.091  -40.286  24.078 0.0000000000
39866  -12.677  -40.582  24.660 0.0000000000
39867  -13.150  -40.983  25.090 0.0000000000
39882  -4.413  -40.887  24.025 0.0000000000
39883  -5.128  -40.840  23.454 0.0000000000
39884  -6.043  -40.765  22.973 0.0000000000
39885  -9.139  -40.643  22.829 0.0000000000
39886  -9.757  -40.378  22.908 0.0000000000
39887  -10.731  -40.493  23.320 0.0000000000
39888  -11.470  -40.642  23.725 0.0000000000
39899  -7.024  -40.576  22.661 0.0000000000
39900  -7.912  -40.376  22.592 0.0000000000
39901  -8.727  -40.328  22.656 0.0000000000
39902  -9.222  -40.243  22.725 0.0000000000
40900  -2.984  -39.294  33.260 0.0000000000
40901  -3.963  -39.310  33.284 0.0000000000
40902  -4.980  -39.254  33.292 0.0000000000
40903  -6.024  -39.186  33.247 0.0000000000
40904  -6.983  -39.136  33.147 0.0000000000
40905  -7.741  -39.081  33.038 0.0000000000
40924  -3.356  -39.743  32.553 0.0000000000
40925  -4.340  -39.720  32.539 0.0000000000
40926  -5.369  -39.787  32.414 0.0000000000
40927  -6.424  -39.642  32.533 0.0000000000
40928  -7.330  -39.531  32.499 0.0000000000
40929  -8.300  -39.294  32.456 0.0000000000
40930  -9.029  -39.134  32.043 0.0000000000
40943  -5.999  -40.134  31.941 0.0000000000
40944  -6.783  -40.033  31.883 0.0000000000
40945  -7.653  -39.844  31.772 0.0000000000
40946  -8.538  -39.623  31.491 0.0000000000
40947  -9.326  -39.219  31.398 0.0000000000
40956  -8.986  -39.620  31.048 0.0000000000
40957  -9.466  -39.481  30.669 0.0000000000
40958  -9.869  -39.305  30.199 0.0000000000
40962  -9.525  -39.749  30.141 0.0000000000
40963  -10.031  -39.578  29.658 0.0000000000
40967  -10.527  -39.640  28.894 0.0000000000
40968  -11.080  -39.584  28.357 0.0000000000
40972  -11.616  -39.390  27.664 0.0000000000
40973  -12.168  -39.653  27.293 0.0000000000
40979  -11.907  -39.085  26.892 0.0000000000
40980  -12.442  -39.591  26.648 0.0000000000
40996  -12.074  -39.038  26.190 0.0000000000
40997  -12.472  -39.456  25.684 0.0000000000
41021  -3.361  -40.029  25.047 0.0000000000
41022  -11.829  -39.342  24.128 0.0000000000
41023  -12.396  -39.543  24.769 0.0000000000
41046  -4.104  -40.081  24.437 0.0000000000
41047  -4.670  -39.994  23.846 0.0000000000
41048  -5.442  -39.711  23.343 0.0000000000
41049  -9.817  -39.717  22.791 0.0000000000
41050  -10.329  -39.597  23.004 0.0000000000
41051  -11.259  -39.628  23.534 0.0000000000
41069  -6.382  -39.568  22.826 0.0000000000
41070  -7.358  -39.554  22.582 0.0000000000
41071  -8.307  -39.485  22.533 0.0000000000
41072  -9.291  -39.572  22.642 0.0000000000
41073  -9.877  -39.310  22.770 0.0000000000
42018  -3.278  -38.152  33.932 0.0000000000
42019  -3.999  -38.154  34.119 0.0000000000
42020  -4.774  -38.002  34.124 0.0000000000
42021  -5.251  -37.696  34.002 0.0000000000
42038  -2.687  -38.589  33.614 0.0000000000
42039  -3.576  -38.723  33.717 0.0000000000
42040  -4.489  -38.657  33.791 0.0000000000
42041  -5.564  -38.317  33.790 0.0000000000
42042  -6.654  -38.425  33.529 0.0000000000
42043  -7.523  -38.452  33.362 0.0000000000
42044  -8.289  -38.511  33.075 0.0000000000
42060  -8.961  -38.526  32.545 0.0000000000
42061  -9.527  -38.523  31.901 0.0000000000
42075  -10.082  -38.632  31.062 0.0000000000
42076  -10.547  -38.181  30.641 0.0000000000
42086  -9.976  -39.043  30.506 0.0000000000
42087  -10.393  -38.673  30.122 0.0000000000
42091  -10.776  -38.719  29.099 0.0000000000
42092  -11.208  -38.187  28.676 0.0000000000
42096  -10.822  -39.125  28.588 0.0000000000
42097  -11.182  -38.624  28.148 0.0000000000
42103  -11.529  -38.512  27.210 0.0000000000
42109  -11.694  -38.458  26.352 0.0000000000
42121  -4.587  -38.054  26.091 0.0000000000
42122  -11.912  -38.677  25.418 0.0000000000
42123  -12.257  -39.139  25.196 0.0000000000
42136  -4.006  -39.218  24.923 0.0000000000
42137  -4.935  -38.169  25.105 0.0000000000
42138  -5.845  -37.842  24.723 0.0000000000
42139  -11.841  -38.810  24.628 0.0000000000
42140  -12.164  -38.987  24.980 0.0000000000
42158  -4.415  -39.566  24.301 0.0000000000
42159  -4.810  -39.051  24.065 0.0000000000
42160  -6.046  -38.336  23.746 0.0000000000
42161  -7.246  -38.047  23.223 0.0000000000
42162  -8.094  -37.927  22.961 0.0000000000
42163  -10.113  -38.362  22.944 0.0000000000
42164  -10.526  -38.647  23.169 0.0000000000
42165  -11.331  -38.553  23.922 0.0000000000
42182  -6.892  -38.748  22.852 0.0000000000
42183  -7.762  -38.658  22.680 0.0000000000
42184  -8.853  -38.458  22.675 0.0000000000
42185  -9.792  -38.662  22.780 0.0000000000
42186  -10.158  -39.038  22.859 0.0000000000
43071  -3.560  -37.559  34.051 0.0000000000
43072  -4.320  -37.515  34.117 0.0000000000
43073  -4.895  -37.429  34.054 0.0000000000
43074  -5.250  -37.256  33.929 0.0000000000
43096  -5.690  -37.384  33.816 0.0000000000
43097  -6.435  -37.561  33.651 0.0000000000
43098  -7.259  -37.689  33.495 0.0000000000
43099  -7.987  -37.714  33.324 0.0000000000
43114  -8.673  -37.678  32.849 0.0000000000
43115  -9.380  -37.714  32.340 0.0000000000
43127  -9.976  -37.730  31.728 0.0000000000
43128  -10.532  -37.645  31.070 0.0000000000
43139  -11.000  -37.676  30.249 0.0000000000
43140  -11.366  -37.191  29.837 0.0000000000
43151  -10.925  -38.220  29.689 0.0000000000
43152  -11.342  -37.656  29.253 0.0000000000
43159  -11.416  -37.664  28.252 0.0000000000
43166  -4.492  -36.845  27.866 0.0000000000
43167  -11.443  -37.877  27.540 0.0000000000
43174  -4.900  -37.206  27.310 0.0000000000
43175  -5.925  -37.012  26.699 0.0000000000
43176  -11.526  -37.684  26.728 0.0000000000
43186  -4.434  -37.872  26.684 0.0000000000
43187  -5.350  -37.590  26.205 0.0000000000
43188  -6.463  -37.168  25.917 0.0000000000
43189  -7.154  -36.940  25.405 0.0000000000
43190  -11.495  -37.746  25.739 0.0000000000
43201  -5.864  -37.643  25.366 0.0000000000
43202  -6.595  -37.470  24.819 0.0000000000
43203  -7.696  -36.880  24.596 0.0000000000
43204  -8.416  -36.845  23.910 0.0000000000
43205  -11.027  -37.371  24.308 0.0000000000
43206  -11.327  -37.910  24.622 0.0000000000
43216  -7.049  -37.559  23.949 0.0000000000
43217  -7.860  -37.380  23.586 0.0000000000
43218  -8.912  -37.436  23.217 0.0000000000
43219  -9.966  -37.833  23.049 0.0000000000
43220  -10.887  -37.730  23.794 0.0000000000
43221  -11.216  -38.037  24.079 0.0000000000
43233  -9.299  -37.950  22.850 0.0000000000
43234  -9.475  -38.217  22.799 0.0000000000
44144  -3.214  -36.928  33.925 0.0000000000
44145  -3.980  -36.901  33.997 0.0000000000
44146  -4.686  -36.974  33.981 0.0000000000
44147  -5.049  -37.079  33.959 0.0000000000
44169  -3.586  -36.175  33.750 0.0000000000
44170  -4.500  -36.278  33.735 0.0000000000
44171  -5.330  -36.656  33.728 0.0000000000
44172  -6.199  -36.770  33.510 0.0000000000
44173  -7.091  -36.769  33.257 0.0000000000
44174  -7.630  -37.238  33.286 0.0000000000
44191  -7.511  -36.256  32.862 0.0000000000
44192  -8.091  -36.793  32.917 0.0000000000
44193  -9.014  -36.861  32.458 0.0000000000
44203  -9.661  -36.991  32.059 0.0000000000
44204  -10.164  -36.820  31.522 0.0000000000
44210  -10.763  -36.670  30.787 0.0000000000
44211  -11.247  -36.845  30.182 0.0000000000
44223  -11.064  -36.186  30.179 0.0000000000
44224  -11.421  -36.542  29.527 0.0000000000
44236  -11.591  -36.743  28.552 0.0000000000
44247  -3.979  -36.424  28.157 0.0000000000
44248  -4.842  -36.367  27.572 0.0000000000
44249  -11.585  -36.897  27.429 0.0000000000
44257  -5.685  -36.349  26.998 0.0000000000
44258  -6.669  -36.361  26.427 0.0000000000
44259  -7.639  -36.131  26.211 0.0000000000
44260  -8.268  -36.047  26.010 0.0000000000
44261  -11.116  -36.163  26.027 0.0000000000
44262  -11.415  -36.693  26.195 0.0000000000
44272  -7.181  -36.670  25.973 0.0000000000
44273  -7.801  -36.488  25.578 0.0000000000
44274  -8.468  -36.120  25.441 0.0000000000
44275  -10.923  -36.374  25.503 0.0000000000
44276  -11.253  -37.059  25.130 0.0000000000
44287  -8.165  -36.432  25.056 0.0000000000
44288  -8.741  -36.283  24.604 0.0000000000
44289  -9.676  -36.343  24.235 0.0000000000
44290  -10.626  -36.749  24.379 0.0000000000
44291  -11.096  -37.238  24.584 0.0000000000
44300  -9.093  -36.678  23.839 0.0000000000
44301  -9.815  -36.926  23.585 0.0000000000
44302  -10.376  -37.244  23.619 0.0000000000
45237  -4.233  -35.401  33.457 0.0000000000
45238  -5.153  -35.571  33.342 0.0000000000
45239  -6.011  -35.987  33.272 0.0000000000
45240  -6.556  -36.297  33.206 0.0000000000
45257  -5.258  -34.879  32.997 0.0000000000
45258  -5.827  -35.083  32.826 0.0000000000
45259  -6.903  -35.647  32.824 0.0000000000
45260  -7.967  -35.777  32.562 0.0000000000
45261  -8.625  -36.178  32.405 0.0000000000
45274  -8.594  -35.557  32.195 0.0000000000
45275  -9.378  -35.949  31.813 0.0000000000
45276  -10.185  -36.064  31.215 0.0000000000
45281  -9.890  -35.453  31.143 0.0000000000
45282  -10.488  -35.578  30.560 0.0000000000
45291  -10.981  -35.478  29.601 0.0000000000
45292  -11.433  -35.896  28.859 0.0000000000
45301  -3.244  -35.953  28.284 0.0000000000
45302  -10.859  -35.247  28.573 0.0000000000
45303  -11.317  -35.930  27.960 0.0000000000
45313  -2.638  -35.431  27.987 0.0000000000
45314  -3.567  -35.492  27.670 0.0000000000
45315  -4.418  -35.773  27.581 0.0000000000
45316  -10.083  -34.964  27.217 0.0000000000
45317  -10.475  -35.208  27.488 0.0000000000
45318  -11.225  -36.012  26.909 0.0000000000
45329  -4.184  -35.084  27.120 0.0000000000
45330  -5.138  -35.451  27.000 0.0000000000
45331  -6.224  -35.461  26.537 0.0000000000
45332  -7.292  -35.420  26.319 0.0000000000
45333  -8.412  -35.355  26.294 0.0000000000
45334  -9.684  -35.176  26.660 0.0000000000
45335  -10.639  -35.763  26.203 0.0000000000
45336  -11.162  -36.101  26.321 0.0000000000
45351  -8.896  -35.686  25.945 0.0000000000
45352  -9.715  -35.648  25.691 0.0000000000
45353  -10.302  -36.031  25.179 0.0000000000
45367  -9.056  -35.800  25.268 0.0000000000
45368  -9.612  -35.921  24.873 0.0000000000
45369  -10.090  -36.172  24.618 0.0000000000
46269  -4.094  -34.486  33.052 0.0000000000
46270  -4.796  -34.854  33.128 0.0000000000
46278  -5.151  -34.202  32.515 0.0000000000
46279  -6.522  -34.209  32.210 0.0000000000
46280  -7.697  -34.852  32.360 0.0000000000
46281  -8.249  -35.203  32.275 0.0000000000
46290  -6.970  -33.567  31.727 0.0000000000
46291  -7.647  -33.952  31.790 0.0000000000
46292  -8.624  -34.756  31.762 0.0000000000
46293  -9.414  -35.030  31.296 0.0000000000
46298  -9.893  -34.739  30.731 0.0000000000
46299  -10.403  -34.644  30.044 0.0000000000
46307  -10.599  -34.602  29.240 0.0000000000
46314  -10.159  -34.133  27.907 0.0000000000
46315  -10.351  -34.385  28.252 0.0000000000
46320  -1.835  -34.761  27.760 0.0000000000
46321  -2.817  -34.739  27.446 0.0000000000
46322  -3.520  -34.797  27.238 0.0000000000
46323  -10.015  -34.445  27.466 0.0000000000
46324  -10.282  -34.683  27.748 0.0000000000
46328  -3.164  -34.324  27.125 0.0000000000
46329  -3.766  -34.278  26.960 0.0000000000
46330  -4.679  -34.387  26.745 0.0000000000
46331  -5.684  -34.484  26.415 0.0000000000
46332  -6.776  -34.472  26.185 0.0000000000
46333  -7.915  -34.401  26.244 0.0000000000
46334  -9.088  -34.221  26.671 0.0000000000
47309  -5.113  -33.084  31.980 0.0000000000
47310  -5.734  -33.605  31.991 0.0000000000
47316  -5.805  -32.644  31.721 0.0000000000
47317  -6.337  -33.079  31.575 0.0000000000
47318  -7.444  -33.185  31.337 0.0000000000
47319  -8.520  -33.464  31.009 0.0000000000
47320  -9.286  -34.272  31.048 0.0000000000
47326  -8.945  -33.048  30.421 0.0000000000
47327  -9.717  -33.589  30.161 0.0000000000
47328  -10.344  -34.131  29.705 0.0000000000
47334  -10.010  -33.216  29.002 0.0000000000
47335  -10.347  -33.874  29.188 0.0000000000
47339  -10.037  -33.572  28.013 0.0000000000
47340  -10.235  -33.741  28.612 0.0000000000
47344  -2.096  -34.165  27.199 0.0000000000
47345  -2.747  -34.215  27.135 0.0000000000
47346  -9.620  -33.601  27.237 0.0000000000
47350  -1.481  -33.417  26.932 0.0000000000
47351  -2.822  -33.650  26.829 0.0000000000
47352  -4.040  -33.493  26.635 0.0000000000
47353  -5.116  -33.486  26.402 0.0000000000
47354  -6.187  -33.473  26.112 0.0000000000
47355  -7.308  -33.411  26.031 0.0000000000
47356  -8.398  -33.286  26.255 0.0000000000
47357  -9.219  -33.043  26.708 0.0000000000
48390  -6.367  -32.205  31.578 0.0000000000
48391  -7.383  -32.322  31.075 0.0000000000
48392  -7.920  -32.828  30.932 0.0000000000
48395  -7.797  -31.965  30.569 0.0000000000
48396  -8.367  -32.401  30.306 0.0000000000
48397  -9.089  -32.851  30.118 0.0000000000
48400  -8.635  -32.092  29.641 0.0000000000
48401  -9.200  -32.517  29.461 0.0000000000
48405  -9.645  -32.579  28.395 0.0000000000
48407  -9.588  -32.697  27.432 0.0000000000
48410  -1.001  -32.606  26.672 0.0000000000
48411  -2.023  -32.644  26.623 0.0000000000
48412  -3.258  -32.642  26.495 0.0000000000
48413  -4.443  -32.572  26.384 0.0000000000
48414  -5.563  -32.507  26.234 0.0000000000
48415  -6.672  -32.443  26.060 0.0000000000
48416  -7.753  -32.377  26.128 0.0000000000
48417  -8.678  -32.293  26.504 0.0000000000
48418  -9.235  -32.281  26.925 0.0000000000
49561  -7.069  -31.096  32.505 0.0000000000
49565  -6.266  -31.626  32.026 0.0000000000
49566  -7.207  -31.424  31.515 0.0000000000
49568  -7.645  -31.543  30.796 0.0000000000
49569  -7.991  -31.543  30.314 0.0000000000
49571  -8.378  -31.498  29.673 0.0000000000
49572  -8.769  -31.863  29.244 0.0000000000
49575  -8.691  -31.238  28.894 0.0000000000
49576  -9.110  -31.870  28.645 0.0000000000
49578  -0.755  -30.943  27.118 0.0000000000
49579  -1.130  -31.163  27.067 0.0000000000
49580  -1.804  -31.284  26.811 0.0000000000
49581  -8.949  -31.179  28.092 0.0000000000
49582  -9.365  -31.914  27.812 0.0000000000
49586  -1.444  -31.805  26.622 0.0000000000
49587  -2.486  -31.750  26.598 0.0000000000
49588  -3.705  -31.721  26.494 0.0000000000
49589  -4.882  -31.579  26.434 0.0000000000
49590  -6.040  -31.495  26.347 0.0000000000
49591  -7.128  -31.489  26.281 0.0000000000
49592  -8.097  -31.474  26.498 0.0000000000
49593  -8.893  -31.490  27.143 0.0000000000
49594  -9.339  -32.059  27.286 0.0000000000
50745  -7.597  -30.520  33.315 0.0000000000
50759  -7.826  -30.272  31.943 0.0000000000
50760  -8.176  -29.896  31.431 0.0000000000
50766  -7.778  -30.855  30.977 0.0000000000
50767  -8.138  -30.176  31.018 0.0000000000
50772  -7.878  -31.148  30.569 0.0000000000
50773  -8.185  -30.680  30.252 0.0000000000
50778  -8.492  -30.562  29.319 0.0000000000
50784  -8.610  -30.466  28.486 0.0000000000
50791  -0.894  -30.481  27.392 0.0000000000
50792  -2.005  -30.658  27.212 0.0000000000
50793  -3.290  -30.281  27.096 0.0000000000
50794  -4.364  -30.002  26.999 0.0000000000
50795  -5.023  -29.814  27.081 0.0000000000
50796  -7.115  -30.161  26.850 0.0000000000
50797  -7.753  -30.121  27.163 0.0000000000
50798  -8.464  -30.443  27.674 0.0000000000
50803  -2.301  -31.166  26.794 0.0000000000
50804  -2.980  -31.041  26.753 0.0000000000
50805  -4.104  -30.810  26.684 0.0000000000
50806  -5.362  -30.424  26.707 0.0000000000
50807  -6.596  -30.588  26.604 0.0000000000
50808  -7.519  -30.728  26.658 0.0000000000
50809  -8.225  -30.785  26.948 0.0000000000
51947  -7.767  -29.773  34.156 0.0000000000
51966  -7.932  -29.567  32.998 0.0000000000
51980  -8.057  -29.386  32.219 0.0000000000
51981  -8.167  -29.486  31.640 0.0000000000
51993  -8.246  -29.545  31.066 0.0000000000
52003  -1.256  -29.224  30.261 0.0000000000
52004  -1.789  -29.176  30.125 0.0000000000
52005  -8.345  -29.744  30.429 0.0000000000
52015  -0.730  -29.336  29.713 0.0000000000
52016  -1.828  -29.295  29.570 0.0000000000
52017  -2.670  -29.192  29.089 0.0000000000
52018  -8.473  -29.917  29.746 0.0000000000
52029  -0.973  -29.539  28.839 0.0000000000
52030  -2.092  -29.497  28.588 0.0000000000
52031  -3.208  -29.262  28.418 0.0000000000
52032  -4.299  -29.038  28.096 0.0000000000
52033  -5.085  -29.031  27.856 0.0000000000
52034  -8.078  -29.099  28.607 0.0000000000
52035  -8.416  -29.615  28.876 0.0000000000
52047  -1.412  -29.938  27.962 0.0000000000
52048  -2.603  -29.834  27.762 0.0000000000
52049  -3.737  -29.595  27.582 0.0000000000
52050  -4.699  -29.477  27.473 0.0000000000
52051  -5.628  -29.458  27.326 0.0000000000
52052  -6.872  -29.531  27.273 0.0000000000
52053  -7.955  -29.430  27.967 0.0000000000
52054  -8.451  -29.934  28.211 0.0000000000
52068  -6.237  -29.959  26.872 0.0000000000
52069  -6.711  -30.036  26.858 0.0000000000
53167  -5.623  -28.762  36.338 0.0000000000
53168  -6.358  -28.911  35.939 0.0000000000
53169  -7.035  -29.155  35.470 0.0000000000
53190  -6.776  -28.649  35.106 0.0000000000
53191  -7.390  -29.064  34.746 0.0000000000
53208  -1.129  -28.610  32.823 0.0000000000
53209  -7.047  -28.429  34.385 0.0000000000
53210  -7.605  -28.743  33.684 0.0000000000
53227  -1.285  -28.713  32.128 0.0000000000
53228  -7.836  -28.687  32.596 0.0000000000
53229  -8.087  -28.909  31.879 0.0000000000
53245  -1.472  -28.832  31.410 0.0000000000
53246  -2.169  -28.664  31.184 0.0000000000
53247  -7.713  -28.257  31.642 0.0000000000
53248  -8.155  -28.899  31.237 0.0000000000
53264  -0.964  -29.076  30.982 0.0000000000
53265  -1.911  -28.967  30.578 0.0000000000
53266  -2.628  -28.573  30.705 0.0000000000
53267  -7.870  -28.431  30.551 0.0000000000
53268  -8.249  -29.102  30.621 0.0000000000
53282  -2.142  -29.099  30.033 0.0000000000
53283  -2.957  -28.774  29.790 0.0000000000
53284  -4.167  -28.223  29.383 0.0000000000
53285  -4.849  -27.939  29.339 0.0000000000
53286  -7.126  -28.137  29.063 0.0000000000
53287  -7.669  -28.358  29.555 0.0000000000
53288  -8.259  -29.097  29.828 0.0000000000
53301  -3.176  -28.980  29.031 0.0000000000
53302  -3.828  -28.718  28.848 0.0000000000
53303  -5.225  -28.390  28.599 0.0000000000
53304  -6.615  -28.324  28.554 0.0000000000
53305  -7.583  -28.654  28.641 0.0000000000
53306  -8.109  -28.887  29.075 0.0000000000
53318  -5.534  -28.885  27.871 0.0000000000
53319  -6.175  -28.813  27.847 0.0000000000
53320  -7.095  -28.852  27.971 0.0000000000
54346  -3.543  -27.994  36.993 0.0000000000
54347  -4.651  -28.290  36.541 0.0000000000
54348  -5.236  -28.551  36.394 0.0000000000
54372  -2.100  -27.484  36.168 0.0000000000
54373  -3.143  -27.414  35.969 0.0000000000
54374  -4.373  -27.420  35.523 0.0000000000
54375  -5.588  -28.155  35.668 0.0000000000
54376  -6.292  -28.420  35.360 0.0000000000
54401  -1.805  -27.640  34.978 0.0000000000
54402  -2.617  -27.329  35.405 0.0000000000
54403  -4.676  -27.046  34.656 0.0000000000
54404  -5.508  -27.285  34.405 0.0000000000
54405  -6.378  -28.071  34.763 0.0000000000
54419  -1.583  -28.022  33.597 0.0000000000
54420  -2.860  -27.284  33.308 0.0000000000
54421  -3.467  -26.969  33.350 0.0000000000
54422  -5.959  -26.988  33.174 0.0000000000
54423  -6.844  -27.780  33.609 0.0000000000
54424  -7.449  -28.261  33.114 0.0000000000
54441  -1.931  -28.385  32.377 0.0000000000
54442  -2.782  -27.638  32.517 0.0000000000
54443  -3.615  -27.053  32.834 0.0000000000
54444  -5.899  -26.895  32.246 0.0000000000
54445  -6.647  -27.367  32.507 0.0000000000
54446  -7.342  -27.935  32.557 0.0000000000
54468  -1.947  -28.614  31.725 0.0000000000
54469  -2.823  -28.133  31.428 0.0000000000
54470  -4.039  -27.125  31.746 0.0000000000
54471  -5.382  -26.903  31.526 0.0000000000
54472  -6.436  -27.206  31.585 0.0000000000
54473  -7.145  -27.609  31.832 0.0000000000
54499  -3.212  -28.262  30.524 0.0000000000
54500  -3.830  -27.691  30.673 0.0000000000
54501  -4.888  -27.327  30.655 0.0000000000
54502  -6.076  -27.261  30.612 0.0000000000
54503  -7.199  -27.623  30.848 0.0000000000
54522  -3.709  -28.072  30.018 0.0000000000
54523  -4.488  -27.755  29.917 0.0000000000
54524  -5.513  -27.656  29.644 0.0000000000
54525  -6.796  -27.747  29.704 0.0000000000
54526  -7.433  -27.997  30.154 0.0000000000
54542  -6.188  -27.901  29.042 0.0000000000
54543  -6.704  -27.992  29.071 0.0000000000
55610  -3.072  -27.211  35.296 0.0000000000
55611  -3.520  -27.155  35.192 0.0000000000
55638  -2.183  -27.511  34.267 0.0000000000
55639  -2.862  -27.144  34.663 0.0000000000
55640  -3.955  -26.886  34.529 0.0000000000
55641  -4.696  -26.868  34.124 0.0000000000
55657  -2.534  -27.330  33.910 0.0000000000
55658  -3.276  -26.930  33.856 0.0000000000
55659  -4.087  -26.775  33.539 0.0000000000
55660  -5.043  -26.768  33.449 0.0000000000
55670  -4.478  -26.733  32.702 0.0000000000
55671  -5.300  -26.709  32.636 0.0000000000
55687  -4.901  -26.674  32.100 0.0000000000
55688  -5.391  -26.723  32.105 0.0000000000
