#!ascii label  , from subject ab_data vox2ras=TkReg
1487
1620  -16.610  -82.543  -7.721 0.0000000000
1631  -16.313  -82.307  -8.486 0.0000000000
1638  -16.389  -82.683  -9.252 0.0000000000
1642  -16.759  -82.768  -10.222 0.0000000000
1643  -17.031  -82.595  -11.126 0.0000000000
1651  -16.934  -82.674  -11.667 0.0000000000
1659  -17.177  -82.175  -12.453 0.0000000000
1668  -17.239  -81.955  -13.046 0.0000000000
1954  -16.316  -81.726  -7.970 0.0000000000
1955  -16.885  -81.778  -7.277 0.0000000000
1964  -16.027  -81.465  -8.895 0.0000000000
1965  -16.124  -81.624  -8.667 0.0000000000
1977  -16.083  -81.665  -8.991 0.0000000000
1978  -16.210  -81.840  -9.116 0.0000000000
1988  -16.541  -81.818  -9.820 0.0000000000
1989  -17.109  -81.723  -10.765 0.0000000000
1996  -17.795  -81.509  -11.992 0.0000000000
1997  -18.550  -80.958  -12.583 0.0000000000
2002  -17.823  -81.663  -13.061 0.0000000000
2003  -18.605  -81.206  -13.040 0.0000000000
2011  -17.276  -81.712  -13.771 0.0000000000
2012  -18.351  -81.293  -14.097 0.0000000000
2026  -17.641  -81.311  -14.900 0.0000000000
2027  -18.295  -81.026  -15.050 0.0000000000
2038  -10.563  -80.459  -16.061 0.0000000000
2042  -17.051  -81.066  -15.708 0.0000000000
2043  -17.926  -80.846  -15.577 0.0000000000
2044  -18.355  -80.733  -15.329 0.0000000000
2305  -17.961  -80.817  -6.761 0.0000000000
2315  -16.429  -80.932  -7.649 0.0000000000
2316  -17.215  -80.872  -7.033 0.0000000000
2326  -15.979  -81.225  -8.856 0.0000000000
2327  -16.055  -81.115  -8.423 0.0000000000
2341  -16.068  -81.428  -9.120 0.0000000000
2342  -16.054  -81.042  -9.222 0.0000000000
2355  -16.575  -80.638  -10.209 0.0000000000
2356  -17.343  -80.584  -11.161 0.0000000000
2364  -7.764  -79.807  -11.875 0.0000000000
2365  -17.953  -80.369  -11.742 0.0000000000
2366  -18.514  -80.463  -12.254 0.0000000000
2373  -8.300  -80.126  -12.399 0.0000000000
2374  -9.192  -79.915  -12.694 0.0000000000
2375  -19.162  -80.504  -12.850 0.0000000000
2376  -19.604  -80.270  -13.366 0.0000000000
2383  -8.813  -80.374  -13.478 0.0000000000
2384  -9.693  -79.871  -13.551 0.0000000000
2385  -10.132  -79.478  -13.819 0.0000000000
2386  -19.216  -80.740  -13.740 0.0000000000
2387  -19.607  -80.304  -13.757 0.0000000000
2395  -9.540  -80.396  -14.671 0.0000000000
2396  -10.175  -79.739  -14.368 0.0000000000
2397  -18.852  -80.659  -14.817 0.0000000000
2398  -19.549  -80.218  -14.297 0.0000000000
2404  -9.927  -80.383  -15.308 0.0000000000
2405  -10.467  -80.035  -15.326 0.0000000000
2406  -11.492  -79.808  -15.714 0.0000000000
2407  -12.462  -80.058  -15.853 0.0000000000
2412  -17.386  -80.430  -15.940 0.0000000000
2413  -18.341  -80.251  -15.497 0.0000000000
2414  -19.262  -79.828  -15.042 0.0000000000
2422  -11.034  -80.275  -16.090 0.0000000000
2423  -11.787  -80.474  -16.281 0.0000000000
2790  -18.245  -80.460  -6.680 0.0000000000
2791  -18.642  -80.126  -6.563 0.0000000000
2792  -19.429  -79.428  -6.429 0.0000000000
2802  -16.687  -80.021  -7.429 0.0000000000
2803  -17.714  -79.942  -6.941 0.0000000000
2804  -18.516  -79.387  -6.998 0.0000000000
2805  -18.973  -79.123  -7.103 0.0000000000
2806  -20.760  -79.109  -7.787 0.0000000000
2814  -16.093  -80.172  -8.396 0.0000000000
2815  -19.762  -78.984  -8.695 0.0000000000
2816  -20.499  -79.368  -8.448 0.0000000000
2817  -21.507  -80.042  -8.745 0.0000000000
2824  -16.141  -80.073  -9.403 0.0000000000
2825  -20.106  -79.194  -9.156 0.0000000000
2826  -20.925  -79.496  -9.376 0.0000000000
2827  -22.208  -79.679  -9.808 0.0000000000
2836  -16.449  -79.591  -9.905 0.0000000000
2837  -16.979  -79.540  -10.624 0.0000000000
2838  -22.679  -79.186  -10.551 0.0000000000
2839  -23.082  -79.294  -10.379 0.0000000000
2847  -7.544  -79.241  -11.737 0.0000000000
2848  -8.561  -79.463  -11.620 0.0000000000
2849  -9.195  -79.364  -11.753 0.0000000000
2850  -17.641  -79.521  -11.349 0.0000000000
2851  -18.330  -79.567  -11.835 0.0000000000
2860  -8.993  -79.752  -12.040 0.0000000000
2861  -9.490  -79.385  -12.154 0.0000000000
2862  -9.839  -79.195  -12.522 0.0000000000
2863  -15.493  -78.880  -13.577 0.0000000000
2864  -15.866  -78.953  -13.405 0.0000000000
2865  -19.012  -79.528  -12.346 0.0000000000
2866  -19.785  -79.670  -12.911 0.0000000000
2867  -20.215  -79.264  -13.427 0.0000000000
2872  -9.665  -79.535  -12.814 0.0000000000
2873  -10.099  -79.216  -13.216 0.0000000000
2874  -15.746  -79.059  -14.053 0.0000000000
2875  -16.508  -79.146  -13.873 0.0000000000
2876  -17.269  -79.063  -14.035 0.0000000000
2877  -19.948  -79.842  -13.732 0.0000000000
2878  -20.445  -79.257  -14.028 0.0000000000
2883  -10.555  -79.003  -14.157 0.0000000000
2884  -11.055  -78.510  -14.543 0.0000000000
2885  -15.270  -79.038  -15.411 0.0000000000
2886  -16.068  -79.308  -14.991 0.0000000000
2887  -17.104  -79.489  -14.841 0.0000000000
2888  -17.948  -78.802  -14.802 0.0000000000
2889  -18.548  -78.424  -15.311 0.0000000000
2890  -20.030  -79.543  -14.537 0.0000000000
2891  -20.449  -79.169  -14.470 0.0000000000
2898  -10.564  -79.443  -14.746 0.0000000000
2899  -11.163  -79.074  -15.012 0.0000000000
2900  -12.176  -79.212  -15.408 0.0000000000
2901  -13.223  -79.450  -15.598 0.0000000000
2903  -15.691  -79.404  -15.993 0.0000000000
2904  -16.582  -79.827  -16.027 0.0000000000
2905  -17.774  -79.761  -15.559 0.0000000000
2906  -18.879  -79.088  -15.396 0.0000000000
2907  -19.876  -79.124  -15.213 0.0000000000
2908  -20.415  -79.098  -14.840 0.0000000000
3313  -19.848  -78.675  -6.836 0.0000000000
3326  -17.079  -79.293  -7.529 0.0000000000
3327  -17.814  -79.023  -7.512 0.0000000000
3328  -18.611  -78.884  -7.592 0.0000000000
3329  -19.381  -78.877  -7.427 0.0000000000
3330  -20.207  -78.840  -7.534 0.0000000000
3339  -16.512  -79.334  -8.050 0.0000000000
3340  -17.090  -78.615  -8.258 0.0000000000
3341  -18.082  -78.439  -8.175 0.0000000000
3342  -19.033  -78.599  -8.401 0.0000000000
3343  -19.746  -78.914  -8.136 0.0000000000
3350  -16.369  -79.132  -9.056 0.0000000000
3351  -17.072  -78.272  -9.381 0.0000000000
3352  -19.602  -78.542  -9.137 0.0000000000
3353  -20.478  -78.475  -9.643 0.0000000000
3354  -21.415  -78.939  -9.978 0.0000000000
3363  -9.030  -78.225  -10.883 0.0000000000
3364  -9.339  -77.794  -10.841 0.0000000000
3365  -16.731  -78.842  -9.999 0.0000000000
3366  -17.665  -78.258  -10.677 0.0000000000
3367  -18.411  -77.797  -11.120 0.0000000000
3368  -21.301  -78.024  -10.330 0.0000000000
3369  -22.201  -78.730  -10.659 0.0000000000
3370  -23.030  -78.633  -11.029 0.0000000000
3371  -23.427  -78.464  -10.540 0.0000000000
3377  -7.499  -78.354  -11.860 0.0000000000
3378  -8.376  -78.534  -11.214 0.0000000000
3379  -9.572  -78.607  -11.483 0.0000000000
3380  -10.164  -78.262  -12.049 0.0000000000
3381  -14.706  -78.110  -11.987 0.0000000000
3382  -15.671  -78.221  -12.053 0.0000000000
3383  -16.227  -78.106  -12.223 0.0000000000
3384  -18.054  -78.928  -11.447 0.0000000000
3385  -18.705  -78.472  -11.801 0.0000000000
3386  -19.266  -78.204  -12.219 0.0000000000
3387  -23.290  -78.136  -11.291 0.0000000000
3388  -23.385  -78.306  -11.132 0.0000000000
3397  -9.799  -79.025  -12.089 0.0000000000
3398  -10.097  -78.706  -12.441 0.0000000000
3399  -13.537  -77.716  -12.822 0.0000000000
3400  -14.150  -78.134  -12.839 0.0000000000
3401  -15.194  -78.657  -12.978 0.0000000000
3402  -16.295  -78.610  -12.839 0.0000000000
3403  -16.903  -78.263  -13.077 0.0000000000
3404  -19.029  -78.953  -12.212 0.0000000000
3405  -19.389  -78.832  -12.431 0.0000000000
3406  -20.073  -78.762  -12.960 0.0000000000
3413  -10.431  -78.399  -13.359 0.0000000000
3414  -12.765  -77.740  -13.650 0.0000000000
3415  -13.312  -77.908  -13.501 0.0000000000
3416  -14.327  -78.432  -13.760 0.0000000000
3417  -15.126  -78.773  -13.980 0.0000000000
3418  -16.897  -78.736  -13.467 0.0000000000
3419  -17.350  -78.291  -13.778 0.0000000000
3420  -20.602  -78.555  -13.651 0.0000000000
3421  -21.113  -78.155  -14.068 0.0000000000
3428  -10.845  -78.121  -14.071 0.0000000000
3429  -11.545  -78.067  -14.391 0.0000000000
3430  -12.528  -77.962  -14.124 0.0000000000
3431  -13.565  -78.423  -14.424 0.0000000000
3432  -14.579  -78.746  -14.859 0.0000000000
3433  -15.363  -78.940  -14.687 0.0000000000
3434  -17.795  -77.901  -14.369 0.0000000000
3435  -18.250  -77.739  -15.065 0.0000000000
3436  -20.817  -78.702  -14.484 0.0000000000
3437  -21.329  -78.081  -14.511 0.0000000000
3447  -11.421  -78.549  -14.694 0.0000000000
3448  -11.935  -78.525  -14.855 0.0000000000
3449  -12.867  -78.699  -14.986 0.0000000000
3450  -13.762  -78.915  -15.220 0.0000000000
3451  -18.982  -78.003  -15.626 0.0000000000
3452  -19.848  -78.335  -15.561 0.0000000000
3453  -20.586  -78.626  -15.185 0.0000000000
3829  -24.059  -77.650  -5.050 0.0000000000
3841  -23.230  -77.436  -5.977 0.0000000000
3842  -23.814  -77.982  -5.819 0.0000000000
3846  -22.906  -77.171  -6.449 0.0000000000
3847  -23.533  -77.933  -6.698 0.0000000000
3851  -22.930  -77.357  -7.293 0.0000000000
3852  -23.638  -78.142  -7.789 0.0000000000
3857  -17.651  -78.098  -8.792 0.0000000000
3858  -18.366  -77.962  -8.867 0.0000000000
3859  -19.021  -77.980  -9.102 0.0000000000
3860  -23.050  -77.477  -8.298 0.0000000000
3861  -23.612  -78.115  -8.836 0.0000000000
3865  -17.844  -77.770  -9.516 0.0000000000
3866  -18.592  -77.630  -9.589 0.0000000000
3867  -19.539  -77.594  -9.765 0.0000000000
3868  -20.448  -77.522  -10.226 0.0000000000
3869  -23.182  -77.451  -9.172 0.0000000000
3870  -23.494  -77.863  -9.917 0.0000000000
3877  -8.616  -77.541  -10.899 0.0000000000
3878  -9.225  -76.933  -10.677 0.0000000000
3879  -13.746  -76.963  -11.044 0.0000000000
3880  -14.447  -76.920  -10.775 0.0000000000
3881  -15.113  -76.768  -10.684 0.0000000000
3882  -18.124  -77.563  -10.041 0.0000000000
3883  -18.683  -77.406  -10.473 0.0000000000
3884  -19.910  -76.981  -10.975 0.0000000000
3885  -21.003  -77.192  -10.807 0.0000000000
3886  -21.993  -77.621  -11.125 0.0000000000
3887  -22.614  -78.220  -11.097 0.0000000000
3888  -23.649  -77.495  -10.863 0.0000000000
3894  -7.688  -77.436  -11.982 0.0000000000
3895  -8.001  -77.768  -11.403 0.0000000000
3896  -9.877  -77.311  -11.104 0.0000000000
3897  -10.270  -77.606  -11.875 0.0000000000
3898  -12.805  -76.841  -12.073 0.0000000000
3899  -13.474  -77.182  -11.716 0.0000000000
3900  -14.230  -77.484  -11.394 0.0000000000
3901  -15.283  -77.441  -11.195 0.0000000000
3902  -16.127  -77.581  -11.786 0.0000000000
3903  -18.956  -77.499  -11.299 0.0000000000
3904  -19.442  -77.527  -11.948 0.0000000000
3905  -22.342  -77.308  -11.586 0.0000000000
3906  -22.940  -77.660  -11.585 0.0000000000
3907  -23.550  -77.683  -11.472 0.0000000000
3915  -10.365  -77.903  -12.666 0.0000000000
3916  -12.655  -76.995  -12.672 0.0000000000
3917  -13.160  -77.306  -12.559 0.0000000000
3918  -13.863  -77.710  -12.180 0.0000000000
3919  -16.632  -77.734  -12.485 0.0000000000
3920  -17.096  -77.665  -13.122 0.0000000000
3921  -19.683  -78.067  -12.581 0.0000000000
3922  -20.283  -77.857  -13.069 0.0000000000
3923  -23.066  -77.335  -12.016 0.0000000000
3924  -23.332  -77.366  -12.017 0.0000000000
3929  -10.747  -77.504  -13.469 0.0000000000
3930  -11.517  -77.224  -13.593 0.0000000000
3931  -12.453  -77.332  -13.334 0.0000000000
3932  -13.136  -77.544  -13.063 0.0000000000
3933  -17.513  -77.269  -13.740 0.0000000000
3934  -17.818  -76.744  -14.236 0.0000000000
3935  -20.929  -77.629  -13.565 0.0000000000
3936  -21.643  -77.548  -14.022 0.0000000000
3937  -22.264  -77.102  -14.145 0.0000000000
3943  -11.280  -77.639  -13.965 0.0000000000
3944  -11.940  -77.603  -13.912 0.0000000000
3945  -12.307  -77.645  -13.787 0.0000000000
3946  -17.838  -77.275  -14.511 0.0000000000
3947  -17.970  -76.771  -14.970 0.0000000000
3948  -21.222  -78.283  -14.968 0.0000000000
3949  -21.871  -77.648  -14.820 0.0000000000
3950  -22.537  -76.931  -14.429 0.0000000000
3960  -18.665  -77.028  -15.541 0.0000000000
3961  -19.710  -77.261  -15.813 0.0000000000
3962  -20.937  -77.758  -15.443 0.0000000000
3963  -21.637  -77.395  -15.198 0.0000000000
4387  -25.003  -76.452  -3.905 0.0000000000
4402  -22.926  -76.393  -5.110 0.0000000000
4403  -23.334  -76.709  -4.890 0.0000000000
4404  -24.305  -76.819  -4.317 0.0000000000
4419  -22.800  -76.569  -5.632 0.0000000000
4420  -23.402  -77.305  -5.432 0.0000000000
4423  -21.771  -75.916  -6.881 0.0000000000
4424  -22.297  -76.437  -6.716 0.0000000000
4427  -21.799  -76.143  -7.479 0.0000000000
4428  -22.409  -76.791  -7.835 0.0000000000
4434  -21.980  -76.277  -8.413 0.0000000000
4435  -22.632  -76.887  -8.830 0.0000000000
4439  -22.361  -76.315  -9.206 0.0000000000
4440  -23.126  -76.756  -9.904 0.0000000000
4441  -23.525  -77.246  -10.391 0.0000000000
4447  -8.543  -76.371  -10.956 0.0000000000
4448  -9.082  -76.135  -10.609 0.0000000000
4449  -12.613  -75.902  -10.805 0.0000000000
4450  -13.645  -76.252  -10.523 0.0000000000
4451  -14.666  -76.207  -10.410 0.0000000000
4452  -15.532  -76.218  -10.612 0.0000000000
4453  -16.023  -76.049  -10.772 0.0000000000
4454  -20.481  -76.822  -11.582 0.0000000000
4455  -20.907  -76.842  -11.387 0.0000000000
4456  -21.437  -77.062  -11.245 0.0000000000
4457  -23.341  -76.450  -10.421 0.0000000000
4458  -23.633  -76.716  -10.756 0.0000000000
4465  -7.776  -76.710  -12.033 0.0000000000
4466  -8.076  -76.947  -11.479 0.0000000000
4467  -9.744  -76.247  -10.837 0.0000000000
4468  -10.540  -76.331  -11.737 0.0000000000
4469  -11.506  -76.120  -11.899 0.0000000000
4470  -12.309  -76.326  -11.641 0.0000000000
4471  -13.057  -76.645  -11.223 0.0000000000
4472  -15.539  -76.788  -10.876 0.0000000000
4473  -16.148  -76.610  -11.214 0.0000000000
4474  -16.660  -76.507  -11.827 0.0000000000
4475  -20.186  -76.867  -11.963 0.0000000000
4476  -20.934  -76.659  -12.018 0.0000000000
4477  -21.821  -76.910  -11.775 0.0000000000
4478  -22.508  -77.157  -11.848 0.0000000000
4479  -24.199  -76.777  -11.728 0.0000000000
4480  -24.618  -76.289  -12.194 0.0000000000
4486  -7.630  -76.969  -12.709 0.0000000000
4487  -10.643  -77.048  -12.685 0.0000000000
4488  -11.190  -76.514  -12.671 0.0000000000
4489  -12.102  -76.664  -12.620 0.0000000000
4490  -16.522  -77.025  -11.982 0.0000000000
4491  -16.987  -76.643  -12.680 0.0000000000
4492  -20.023  -77.399  -12.488 0.0000000000
4493  -20.709  -76.984  -12.793 0.0000000000
4494  -21.623  -76.754  -12.647 0.0000000000
4495  -22.755  -76.987  -12.416 0.0000000000
4496  -23.827  -77.004  -12.545 0.0000000000
4497  -24.662  -76.380  -12.704 0.0000000000
4499  -7.683  -76.705  -13.640 0.0000000000
4500  -11.043  -76.859  -13.254 0.0000000000
4501  -11.728  -76.863  -13.141 0.0000000000
4502  -12.105  -76.918  -13.063 0.0000000000
4503  -17.652  -76.271  -13.592 0.0000000000
4504  -18.070  -76.104  -14.322 0.0000000000
4505  -21.398  -77.027  -13.348 0.0000000000
4506  -22.144  -76.823  -13.439 0.0000000000
4507  -23.085  -76.776  -13.607 0.0000000000
4508  -24.211  -76.549  -13.589 0.0000000000
4509  -24.807  -75.761  -13.528 0.0000000000
4513  -18.510  -76.030  -15.167 0.0000000000
4514  -19.241  -75.780  -15.483 0.0000000000
4515  -22.180  -76.848  -15.035 0.0000000000
4516  -23.267  -76.317  -14.319 0.0000000000
4517  -24.321  -75.841  -14.101 0.0000000000
4518  -24.657  -75.448  -13.917 0.0000000000
4528  -19.119  -76.442  -15.696 0.0000000000
4529  -19.797  -76.280  -15.759 0.0000000000
4530  -20.625  -76.779  -15.608 0.0000000000
4531  -21.405  -77.083  -15.371 0.0000000000
5023  -23.443  -75.470  -4.070 0.0000000000
5024  -24.103  -75.775  -3.892 0.0000000000
5025  -25.217  -75.640  -3.646 0.0000000000
5026  -26.309  -75.705  -3.504 0.0000000000
5036  -22.765  -75.880  -4.903 0.0000000000
5037  -23.526  -76.048  -4.316 0.0000000000
5038  -23.956  -76.226  -4.128 0.0000000000
5052  -22.109  -75.432  -5.701 0.0000000000
5053  -22.446  -75.800  -5.482 0.0000000000
5056  -21.797  -75.496  -6.331 0.0000000000
5057  -22.290  -75.926  -5.966 0.0000000000
5060  -21.456  -75.459  -7.112 0.0000000000
5069  -21.433  -75.599  -7.980 0.0000000000
5078  -21.689  -75.614  -9.049 0.0000000000
5079  -22.453  -75.960  -9.774 0.0000000000
5085  -8.482  -75.563  -11.140 0.0000000000
5086  -8.805  -75.631  -10.747 0.0000000000
5087  -11.543  -74.362  -10.946 0.0000000000
5088  -12.130  -74.876  -10.814 0.0000000000
5089  -13.119  -75.226  -10.288 0.0000000000
5090  -14.129  -75.408  -10.230 0.0000000000
5091  -15.084  -75.460  -10.335 0.0000000000
5092  -15.942  -75.478  -10.567 0.0000000000
5093  -16.555  -75.339  -10.801 0.0000000000
5094  -21.948  -75.218  -10.063 0.0000000000
5095  -23.121  -75.839  -10.646 0.0000000000
5096  -23.931  -76.185  -11.273 0.0000000000
5105  -7.731  -76.388  -12.333 0.0000000000
5106  -7.944  -75.874  -11.814 0.0000000000
5107  -9.280  -75.481  -10.688 0.0000000000
5108  -10.113  -75.260  -10.898 0.0000000000
5109  -11.135  -74.998  -11.372 0.0000000000
5110  -11.902  -75.657  -11.307 0.0000000000
5111  -16.361  -75.854  -10.909 0.0000000000
5112  -16.915  -75.718  -11.513 0.0000000000
5113  -23.780  -75.569  -11.404 0.0000000000
5114  -24.454  -75.832  -11.874 0.0000000000
5115  -24.752  -75.968  -12.379 0.0000000000
5120  -7.700  -76.060  -12.857 0.0000000000
5121  -7.937  -75.385  -12.625 0.0000000000
5122  -17.753  -75.246  -12.782 0.0000000000
5123  -18.280  -74.671  -13.209 0.0000000000
5124  -24.666  -75.581  -12.350 0.0000000000
5125  -24.832  -75.471  -12.803 0.0000000000
5127  -7.862  -75.890  -13.780 0.0000000000
5128  -7.932  -75.436  -13.241 0.0000000000
5129  -18.014  -75.686  -13.701 0.0000000000
5130  -18.639  -75.127  -14.105 0.0000000000
5131  -19.215  -74.564  -14.519 0.0000000000
5132  -24.870  -74.977  -13.336 0.0000000000
5134  -8.101  -75.625  -14.422 0.0000000000
5135  -8.122  -75.191  -13.879 0.0000000000
5136  -18.927  -75.431  -15.065 0.0000000000
5137  -19.672  -75.031  -15.114 0.0000000000
5138  -21.040  -75.197  -15.121 0.0000000000
5139  -22.352  -75.554  -14.809 0.0000000000
5140  -23.621  -75.240  -14.449 0.0000000000
5141  -24.402  -74.986  -14.155 0.0000000000
5142  -24.755  -74.940  -13.770 0.0000000000
5150  -8.235  -75.598  -15.185 0.0000000000
5151  -8.226  -75.007  -14.664 0.0000000000
5154  -19.755  -75.704  -15.564 0.0000000000
5155  -20.396  -75.858  -15.523 0.0000000000
5156  -21.364  -76.273  -15.273 0.0000000000
5163  -8.099  -75.234  -16.256 0.0000000000
5164  -8.223  -74.876  -15.413 0.0000000000
5704  -27.159  -73.876  -2.891 0.0000000000
5705  -27.936  -74.415  -2.876 0.0000000000
5717  -22.645  -74.217  -4.240 0.0000000000
5718  -23.236  -74.691  -3.938 0.0000000000
5719  -24.391  -74.654  -3.552 0.0000000000
5720  -25.569  -74.614  -3.353 0.0000000000
5721  -26.875  -74.661  -3.122 0.0000000000
5732  -21.986  -74.377  -5.094 0.0000000000
5733  -22.389  -74.683  -4.717 0.0000000000
5734  -23.007  -75.368  -4.318 0.0000000000
5748  -21.798  -74.693  -5.541 0.0000000000
5749  -22.289  -75.286  -5.255 0.0000000000
5752  -20.920  -74.198  -6.977 0.0000000000
5753  -21.186  -74.522  -6.640 0.0000000000
5756  -20.889  -74.245  -7.475 0.0000000000
5757  -21.195  -74.930  -7.494 0.0000000000
5766  -20.693  -73.999  -8.477 0.0000000000
5767  -21.133  -74.848  -8.302 0.0000000000
5778  -20.563  -73.636  -9.522 0.0000000000
5779  -21.149  -74.620  -9.346 0.0000000000
5786  -8.752  -75.139  -10.913 0.0000000000
5787  -8.955  -75.178  -10.704 0.0000000000
5788  -11.944  -73.817  -10.691 0.0000000000
5789  -12.780  -74.266  -10.363 0.0000000000
5790  -13.684  -74.570  -10.300 0.0000000000
5791  -14.613  -74.718  -10.363 0.0000000000
5792  -15.508  -74.724  -10.468 0.0000000000
5793  -16.326  -74.713  -10.599 0.0000000000
5794  -16.959  -74.893  -10.851 0.0000000000
5795  -20.730  -73.455  -10.214 0.0000000000
5796  -21.315  -74.102  -10.503 0.0000000000
5797  -22.315  -74.843  -10.824 0.0000000000
5808  -8.480  -74.850  -11.446 0.0000000000
5809  -9.155  -74.602  -10.870 0.0000000000
5810  -10.184  -74.113  -10.943 0.0000000000
5811  -11.111  -73.824  -10.988 0.0000000000
5812  -17.485  -74.541  -11.485 0.0000000000
5813  -17.852  -73.946  -11.872 0.0000000000
5814  -22.162  -74.165  -11.290 0.0000000000
5815  -23.168  -74.763  -11.523 0.0000000000
5816  -23.975  -75.146  -11.788 0.0000000000
5827  -8.153  -74.930  -12.212 0.0000000000
5828  -17.820  -74.472  -12.167 0.0000000000
5829  -18.143  -74.151  -12.592 0.0000000000
5830  -23.817  -74.685  -11.951 0.0000000000
5831  -24.409  -74.855  -12.320 0.0000000000
5832  -24.800  -74.420  -13.009 0.0000000000
5838  -8.223  -74.729  -13.105 0.0000000000
5839  -18.594  -74.132  -13.369 0.0000000000
5840  -19.065  -74.059  -14.066 0.0000000000
5841  -24.842  -74.185  -13.570 0.0000000000
5844  -8.362  -74.462  -14.089 0.0000000000
5848  -19.684  -74.077  -14.585 0.0000000000
5849  -20.590  -74.028  -14.935 0.0000000000
5850  -21.864  -74.311  -14.929 0.0000000000
5851  -23.045  -74.333  -14.771 0.0000000000
5852  -24.069  -74.153  -14.548 0.0000000000
5853  -24.652  -74.095  -14.082 0.0000000000
5856  -8.360  -74.307  -14.994 0.0000000000
5868  -7.874  -74.218  -16.945 0.0000000000
5869  -8.152  -74.243  -15.936 0.0000000000
6503  -26.118  -72.837  -2.759 0.0000000000
6504  -26.696  -73.144  -2.743 0.0000000000
6505  -27.656  -73.427  -2.668 0.0000000000
6517  -22.771  -73.651  -4.027 0.0000000000
6518  -23.644  -73.600  -3.630 0.0000000000
6519  -24.729  -73.559  -3.306 0.0000000000
6520  -25.896  -73.464  -2.976 0.0000000000
6521  -26.648  -73.778  -2.945 0.0000000000
6535  -21.763  -73.799  -5.033 0.0000000000
6536  -22.318  -73.858  -4.468 0.0000000000
6548  -20.725  -73.394  -6.188 0.0000000000
6549  -21.188  -73.888  -5.833 0.0000000000
6552  -20.742  -73.800  -6.846 0.0000000000
6553  -20.936  -73.909  -6.355 0.0000000000
6559  -20.420  -73.413  -7.654 0.0000000000
6570  -20.174  -73.146  -8.600 0.0000000000
6583  -20.141  -72.864  -9.323 0.0000000000
6595  -12.080  -73.208  -10.692 0.0000000000
6596  -12.586  -73.460  -10.586 0.0000000000
6597  -13.359  -73.741  -10.538 0.0000000000
6598  -14.178  -74.089  -10.655 0.0000000000
6599  -15.051  -74.152  -10.793 0.0000000000
6600  -15.959  -73.955  -10.654 0.0000000000
6601  -16.859  -74.052  -10.759 0.0000000000
6602  -20.403  -72.915  -10.008 0.0000000000
6603  -20.891  -73.052  -10.682 0.0000000000
6610  -8.816  -74.137  -11.410 0.0000000000
6611  -9.347  -73.362  -11.480 0.0000000000
6612  -10.439  -73.026  -11.079 0.0000000000
6613  -11.497  -72.888  -10.906 0.0000000000
6614  -13.840  -73.578  -11.060 0.0000000000
6615  -14.531  -73.725  -11.332 0.0000000000
6616  -15.462  -73.367  -11.457 0.0000000000
6617  -16.472  -73.172  -11.032 0.0000000000
6618  -17.455  -73.349  -11.299 0.0000000000
6619  -18.167  -73.199  -11.992 0.0000000000
6620  -21.714  -73.187  -11.378 0.0000000000
6621  -22.695  -73.655  -11.795 0.0000000000
6633  -8.600  -74.002  -12.276 0.0000000000
6634  -9.013  -73.167  -12.496 0.0000000000
6635  -13.907  -73.525  -12.122 0.0000000000
6636  -14.784  -73.619  -12.241 0.0000000000
6637  -15.163  -73.275  -12.400 0.0000000000
6638  -18.506  -73.363  -12.779 0.0000000000
6639  -23.629  -73.959  -12.201 0.0000000000
6640  -24.371  -73.671  -12.768 0.0000000000
6641  -24.717  -73.386  -13.363 0.0000000000
6654  -8.604  -73.800  -13.473 0.0000000000
6655  -8.816  -73.467  -12.930 0.0000000000
6656  -13.205  -73.240  -14.113 0.0000000000
6657  -13.676  -73.509  -13.383 0.0000000000
6658  -14.492  -73.812  -13.115 0.0000000000
6659  -14.991  -73.594  -12.986 0.0000000000
6660  -18.908  -73.340  -13.446 0.0000000000
6661  -19.645  -73.192  -14.037 0.0000000000
6662  -20.116  -72.720  -14.040 0.0000000000
6663  -24.803  -73.355  -13.866 0.0000000000
6669  -8.537  -73.731  -14.427 0.0000000000
6670  -13.084  -73.506  -14.688 0.0000000000
6671  -13.658  -73.853  -14.385 0.0000000000
6672  -14.307  -74.021  -14.019 0.0000000000
6673  -15.022  -73.741  -14.018 0.0000000000
6674  -20.085  -73.590  -14.549 0.0000000000
6675  -20.530  -73.053  -14.417 0.0000000000
6676  -21.604  -73.233  -14.724 0.0000000000
6677  -22.586  -73.485  -14.823 0.0000000000
6678  -23.592  -73.205  -14.751 0.0000000000
6679  -24.463  -73.033  -14.307 0.0000000000
6681  -8.410  -73.506  -15.383 0.0000000000
6682  -12.114  -73.320  -15.556 0.0000000000
6683  -12.573  -73.629  -15.311 0.0000000000
6684  -13.326  -73.930  -14.926 0.0000000000
6685  -15.386  -73.330  -15.154 0.0000000000
6687  -7.977  -73.728  -17.008 0.0000000000
6688  -8.217  -73.380  -16.644 0.0000000000
6689  -11.912  -73.606  -15.966 0.0000000000
6691  -15.786  -73.025  -15.869 0.0000000000
6692  -16.199  -73.037  -16.398 0.0000000000
6698  -7.933  -73.639  -17.438 0.0000000000
6699  -8.308  -72.969  -17.764 0.0000000000
6700  -11.531  -73.692  -16.968 0.0000000000
6701  -16.809  -72.909  -16.938 0.0000000000
6715  -8.141  -72.930  -18.386 0.0000000000
6717  -11.322  -73.633  -18.275 0.0000000000
7261  -26.253  -72.189  -2.593 0.0000000000
7262  -27.248  -72.465  -2.467 0.0000000000
7263  -28.242  -72.814  -2.418 0.0000000000
7280  -22.918  -72.564  -3.829 0.0000000000
7281  -23.975  -72.526  -3.411 0.0000000000
7282  -24.997  -72.523  -3.090 0.0000000000
7283  -25.707  -72.557  -2.822 0.0000000000
7296  -21.529  -72.998  -4.905 0.0000000000
7297  -22.095  -72.988  -4.440 0.0000000000
7305  -20.558  -72.871  -6.087 0.0000000000
7306  -20.964  -72.928  -5.477 0.0000000000
7309  -20.366  -72.853  -6.766 0.0000000000
7318  -19.908  -72.057  -8.092 0.0000000000
7319  -19.997  -72.327  -7.859 0.0000000000
7331  -19.901  -71.977  -8.353 0.0000000000
7332  -19.938  -72.378  -8.782 0.0000000000
7341  -19.974  -71.775  -8.893 0.0000000000
7342  -20.120  -72.127  -9.591 0.0000000000
7355  -12.333  -72.801  -10.862 0.0000000000
7356  -13.040  -73.082  -10.784 0.0000000000
7357  -13.417  -73.374  -10.864 0.0000000000
7358  -20.585  -72.217  -10.416 0.0000000000
7359  -21.200  -72.265  -11.079 0.0000000000
7372  -10.009  -72.457  -11.604 0.0000000000
7373  -10.835  -72.018  -11.549 0.0000000000
7374  -11.965  -72.086  -11.610 0.0000000000
7375  -12.841  -72.653  -11.393 0.0000000000
7376  -13.407  -73.168  -11.320 0.0000000000
7377  -16.063  -72.275  -11.524 0.0000000000
7378  -16.970  -72.375  -11.277 0.0000000000
7379  -17.775  -72.378  -11.743 0.0000000000
7380  -18.173  -72.667  -11.974 0.0000000000
7381  -21.904  -72.193  -11.546 0.0000000000
7382  -22.537  -72.651  -11.888 0.0000000000
7391  -9.612  -72.342  -12.480 0.0000000000
7392  -10.168  -71.988  -11.961 0.0000000000
7393  -12.240  -72.033  -12.573 0.0000000000
7394  -12.777  -72.464  -12.233 0.0000000000
7395  -13.287  -72.909  -11.920 0.0000000000
7396  -15.503  -72.638  -12.305 0.0000000000
7397  -18.008  -71.930  -12.098 0.0000000000
7398  -18.378  -72.489  -12.379 0.0000000000
7399  -18.694  -72.468  -12.868 0.0000000000
7400  -23.170  -73.098  -12.187 0.0000000000
7401  -23.796  -72.868  -12.580 0.0000000000
7402  -24.390  -72.563  -13.080 0.0000000000
7414  -8.712  -73.351  -14.003 0.0000000000
7415  -9.000  -72.908  -13.508 0.0000000000
7416  -11.964  -71.920  -13.244 0.0000000000
7417  -12.739  -72.632  -13.372 0.0000000000
7418  -13.310  -72.991  -12.610 0.0000000000
7419  -15.246  -73.062  -13.166 0.0000000000
7420  -18.726  -72.834  -12.944 0.0000000000
7421  -19.080  -72.490  -13.241 0.0000000000
7422  -19.874  -72.177  -13.569 0.0000000000
7423  -20.607  -71.769  -13.761 0.0000000000
7424  -24.306  -71.785  -13.875 0.0000000000
7425  -24.534  -72.263  -13.782 0.0000000000
7434  -8.677  -72.995  -14.590 0.0000000000
7435  -9.185  -72.304  -14.556 0.0000000000
7436  -11.992  -72.189  -14.178 0.0000000000
7437  -12.577  -72.962  -14.607 0.0000000000
7438  -15.371  -72.694  -14.186 0.0000000000
7439  -20.490  -72.400  -14.018 0.0000000000
7440  -21.377  -72.198  -14.231 0.0000000000
7441  -22.750  -72.392  -14.624 0.0000000000
7442  -24.072  -72.065  -14.235 0.0000000000
7443  -24.451  -72.425  -14.166 0.0000000000
7452  -8.776  -72.566  -15.717 0.0000000000
7453  -9.510  -71.873  -15.426 0.0000000000
7454  -11.904  -72.733  -15.355 0.0000000000
7455  -12.356  -73.096  -15.098 0.0000000000
7456  -15.776  -72.069  -15.342 0.0000000000
7457  -16.341  -71.537  -15.693 0.0000000000
7462  -8.773  -72.525  -16.982 0.0000000000
7463  -9.385  -72.010  -16.467 0.0000000000
7464  -11.145  -72.171  -16.763 0.0000000000
7465  -11.541  -72.861  -16.409 0.0000000000
7466  -16.091  -72.528  -16.012 0.0000000000
7467  -16.673  -71.991  -16.354 0.0000000000
7468  -17.307  -71.590  -16.641 0.0000000000
7476  -8.880  -72.431  -17.846 0.0000000000
7477  -9.384  -72.097  -17.443 0.0000000000
7478  -10.862  -72.121  -17.539 0.0000000000
7479  -11.362  -72.774  -17.377 0.0000000000
7480  -16.969  -72.341  -16.797 0.0000000000
7481  -17.422  -72.090  -17.070 0.0000000000
7482  -18.552  -72.403  -17.703 0.0000000000
7496  -8.588  -72.578  -18.581 0.0000000000
7497  -9.492  -72.178  -18.433 0.0000000000
7498  -10.430  -72.168  -18.289 0.0000000000
7499  -11.128  -72.553  -18.144 0.0000000000
8038  -25.133  -70.979  -2.773 0.0000000000
8039  -25.901  -71.130  -2.515 0.0000000000
8040  -26.866  -71.426  -2.303 0.0000000000
8041  -27.838  -71.825  -2.223 0.0000000000
8051  -22.728  -71.774  -3.843 0.0000000000
8052  -23.283  -71.649  -3.541 0.0000000000
8053  -24.326  -71.313  -3.120 0.0000000000
8054  -25.373  -71.778  -2.803 0.0000000000
8061  -21.406  -72.285  -4.820 0.0000000000
8062  -22.117  -71.796  -4.235 0.0000000000
8065  -20.437  -72.289  -6.069 0.0000000000
8066  -20.774  -71.802  -5.422 0.0000000000
8073  -20.173  -71.844  -6.854 0.0000000000
8074  -28.120  -71.998  -7.066 0.0000000000
8084  -19.964  -71.823  -8.084 0.0000000000
8085  -20.171  -71.387  -7.750 0.0000000000
8086  -23.928  -71.281  -7.694 0.0000000000
8087  -24.271  -71.467  -7.731 0.0000000000
8088  -25.491  -72.196  -7.856 0.0000000000
8099  -20.076  -71.557  -8.413 0.0000000000
8100  -20.368  -71.021  -8.584 0.0000000000
8101  -23.822  -71.363  -7.907 0.0000000000
8102  -24.294  -71.606  -8.132 0.0000000000
8103  -25.271  -71.908  -8.467 0.0000000000
8104  -26.119  -72.353  -8.806 0.0000000000
8109  -20.157  -71.413  -8.802 0.0000000000
8110  -20.288  -71.352  -9.297 0.0000000000
8111  -25.801  -71.684  -8.923 0.0000000000
8112  -26.626  -71.949  -9.279 0.0000000000
8113  -27.418  -71.713  -9.766 0.0000000000
8118  -20.494  -71.466  -10.040 0.0000000000
8119  -20.996  -71.518  -10.662 0.0000000000
8131  -11.049  -71.580  -12.043 0.0000000000
8132  -11.343  -71.737  -11.868 0.0000000000
8133  -16.204  -71.696  -11.884 0.0000000000
8134  -16.716  -71.741  -11.651 0.0000000000
8135  -17.240  -71.916  -11.574 0.0000000000
8136  -21.619  -71.467  -11.214 0.0000000000
8137  -22.673  -71.466  -11.820 0.0000000000
8138  -23.358  -70.901  -12.088 0.0000000000
8149  -9.944  -71.850  -13.047 0.0000000000
8150  -10.529  -71.671  -12.562 0.0000000000
8151  -11.487  -71.685  -12.477 0.0000000000
8152  -15.823  -71.807  -12.343 0.0000000000
8153  -16.451  -71.315  -12.333 0.0000000000
8154  -17.414  -71.484  -12.075 0.0000000000
8155  -18.228  -71.582  -12.522 0.0000000000
8156  -18.682  -72.068  -12.798 0.0000000000
8157  -23.217  -72.326  -12.267 0.0000000000
8158  -23.767  -71.627  -12.664 0.0000000000
8159  -24.300  -71.840  -13.396 0.0000000000
8170  -9.583  -72.057  -13.606 0.0000000000
8171  -10.230  -71.601  -13.630 0.0000000000
8172  -11.205  -71.574  -13.632 0.0000000000
8173  -15.512  -72.174  -13.211 0.0000000000
8174  -15.934  -71.310  -13.199 0.0000000000
8175  -18.330  -70.994  -12.737 0.0000000000
8176  -18.981  -71.346  -12.994 0.0000000000
8177  -20.042  -71.053  -13.344 0.0000000000
8178  -21.315  -71.024  -13.667 0.0000000000
8179  -22.681  -70.816  -13.724 0.0000000000
8180  -23.956  -71.201  -13.539 0.0000000000
8181  -24.359  -71.726  -13.616 0.0000000000
8190  -9.798  -71.701  -14.486 0.0000000000
8191  -10.570  -71.522  -14.532 0.0000000000
8192  -11.349  -71.761  -14.802 0.0000000000
8193  -15.649  -71.736  -14.157 0.0000000000
8194  -16.037  -71.013  -14.168 0.0000000000
8195  -22.336  -71.549  -14.160 0.0000000000
8196  -23.393  -71.508  -14.163 0.0000000000
8197  -23.916  -71.527  -14.054 0.0000000000
8209  -10.116  -71.534  -15.202 0.0000000000
8210  -10.735  -71.601  -15.413 0.0000000000
8211  -11.292  -71.905  -15.579 0.0000000000
8212  -15.868  -71.406  -14.735 0.0000000000
8213  -16.285  -70.973  -15.130 0.0000000000
8214  -16.970  -70.608  -15.529 0.0000000000
8228  -10.134  -71.572  -16.116 0.0000000000
8229  -10.892  -71.772  -16.160 0.0000000000
8230  -11.336  -72.262  -16.052 0.0000000000
8231  -16.724  -71.164  -15.835 0.0000000000
8232  -17.528  -70.848  -16.259 0.0000000000
8233  -18.188  -70.639  -16.564 0.0000000000
8250  -9.917  -71.685  -17.081 0.0000000000
8251  -10.552  -71.774  -16.892 0.0000000000
8252  -17.627  -71.421  -16.792 0.0000000000
8253  -18.288  -71.178  -17.054 0.0000000000
8254  -19.408  -71.385  -17.544 0.0000000000
8255  -20.469  -71.491  -17.771 0.0000000000
8273  -9.908  -71.835  -17.813 0.0000000000
8274  -10.329  -71.852  -17.548 0.0000000000
8836  -28.951  -69.588  -0.632 0.0000000000
8837  -29.736  -70.020  -0.729 0.0000000000
8849  -26.804  -69.895  -1.803 0.0000000000
8850  -27.234  -70.001  -1.667 0.0000000000
8851  -28.485  -70.355  -1.280 0.0000000000
8861  -24.691  -70.430  -2.876 0.0000000000
8862  -25.372  -70.273  -2.552 0.0000000000
8863  -26.439  -70.174  -2.076 0.0000000000
8864  -27.537  -70.839  -1.947 0.0000000000
8865  -28.358  -71.343  -1.878 0.0000000000
8870  -22.599  -71.117  -3.817 0.0000000000
8871  -23.262  -70.618  -3.489 0.0000000000
8872  -23.968  -70.042  -3.181 0.0000000000
8875  -21.281  -71.235  -4.804 0.0000000000
8876  -21.931  -70.675  -4.318 0.0000000000
8879  -20.406  -71.474  -6.116 0.0000000000
8880  -20.786  -70.745  -5.687 0.0000000000
8888  -20.430  -70.956  -6.767 0.0000000000
8889  -21.046  -70.242  -6.611 0.0000000000
8890  -25.294  -70.522  -6.962 0.0000000000
8891  -26.007  -70.678  -6.933 0.0000000000
8892  -27.578  -71.105  -6.919 0.0000000000
8893  -29.150  -70.979  -6.599 0.0000000000
8894  -30.346  -70.896  -6.272 0.0000000000
8901  -20.782  -70.584  -7.755 0.0000000000
8902  -21.779  -70.142  -7.424 0.0000000000
8903  -22.815  -70.371  -7.724 0.0000000000
8904  -23.642  -70.959  -7.630 0.0000000000
8905  -24.305  -70.920  -7.327 0.0000000000
8906  -25.136  -71.191  -7.291 0.0000000000
8907  -26.274  -71.677  -7.288 0.0000000000
8908  -27.095  -71.984  -7.269 0.0000000000
8917  -20.853  -70.585  -8.697 0.0000000000
8918  -21.469  -70.385  -8.460 0.0000000000
8919  -22.325  -70.352  -8.320 0.0000000000
8920  -23.361  -70.768  -8.353 0.0000000000
8921  -24.189  -71.235  -8.529 0.0000000000
8922  -24.588  -71.113  -8.765 0.0000000000
8931  -20.663  -70.801  -9.319 0.0000000000
8932  -21.256  -70.465  -9.319 0.0000000000
8933  -22.098  -70.229  -9.227 0.0000000000
8934  -22.634  -70.291  -8.755 0.0000000000
8935  -25.225  -71.001  -8.945 0.0000000000
8936  -26.122  -70.880  -9.183 0.0000000000
8937  -27.058  -70.842  -9.542 0.0000000000
8942  -20.564  -71.060  -9.734 0.0000000000
8943  -21.016  -70.793  -10.163 0.0000000000
8944  -21.658  -70.278  -9.961 0.0000000000
8945  -27.745  -70.952  -10.157 0.0000000000
8946  -28.175  -71.167  -10.929 0.0000000000
8954  -21.363  -71.048  -10.770 0.0000000000
8955  -21.939  -70.539  -10.907 0.0000000000
8956  -22.932  -70.370  -11.604 0.0000000000
8964  -16.404  -70.975  -12.888 0.0000000000
8965  -16.929  -70.803  -12.697 0.0000000000
8966  -17.744  -70.858  -12.681 0.0000000000
8967  -23.472  -70.338  -12.343 0.0000000000
8975  -16.473  -70.719  -13.414 0.0000000000
8976  -17.270  -70.319  -13.395 0.0000000000
8977  -18.269  -70.358  -13.073 0.0000000000
8978  -19.282  -70.174  -13.128 0.0000000000
8979  -20.447  -70.002  -13.165 0.0000000000
8980  -21.738  -69.979  -13.218 0.0000000000
8981  -22.906  -70.063  -13.136 0.0000000000
8982  -23.311  -69.972  -12.720 0.0000000000
8991  -16.626  -70.449  -14.246 0.0000000000
8992  -17.325  -69.986  -14.338 0.0000000000
8999  -16.915  -70.337  -14.935 0.0000000000
9000  -17.615  -69.961  -15.286 0.0000000000
9001  -18.082  -69.825  -15.686 0.0000000000
9010  -17.854  -70.138  -15.891 0.0000000000
9011  -18.316  -70.089  -16.176 0.0000000000
9012  -19.152  -69.934  -16.416 0.0000000000
9013  -20.044  -69.939  -16.704 0.0000000000
9014  -20.999  -70.091  -16.969 0.0000000000
9015  -21.713  -70.261  -17.182 0.0000000000
9025  -18.642  -70.472  -16.666 0.0000000000
9026  -19.276  -70.549  -17.024 0.0000000000
9027  -20.229  -70.662  -17.321 0.0000000000
9028  -21.203  -70.810  -17.477 0.0000000000
9029  -22.200  -70.747  -17.511 0.0000000000
9030  -23.228  -70.757  -17.594 0.0000000000
9657  -28.013  -68.817  -0.683 0.0000000000
9658  -28.772  -68.853  -0.521 0.0000000000
9659  -29.654  -69.020  -0.509 0.0000000000
9660  -30.631  -69.315  -0.637 0.0000000000
9673  -26.747  -69.486  -1.653 0.0000000000
9674  -27.436  -69.220  -1.145 0.0000000000
9675  -28.287  -69.410  -0.793 0.0000000000
9684  -24.659  -69.578  -2.814 0.0000000000
9685  -25.434  -69.368  -2.346 0.0000000000
9686  -26.090  -69.127  -1.877 0.0000000000
9689  -22.541  -70.246  -3.949 0.0000000000
9690  -23.070  -69.444  -3.774 0.0000000000
9691  -23.937  -68.981  -3.292 0.0000000000
9694  -21.382  -70.339  -4.948 0.0000000000
9695  -22.096  -69.551  -4.671 0.0000000000
9696  -22.790  -68.778  -4.436 0.0000000000
9698  -21.401  -69.849  -5.660 0.0000000000
9699  -22.053  -69.110  -5.788 0.0000000000
9717  -21.734  -69.668  -6.498 0.0000000000
9718  -22.391  -69.308  -6.511 0.0000000000
9719  -23.069  -69.410  -6.787 0.0000000000
9720  -23.605  -69.637  -6.921 0.0000000000
9721  -25.394  -69.706  -6.826 0.0000000000
9722  -26.550  -69.678  -6.731 0.0000000000
9723  -27.486  -69.490  -6.632 0.0000000000
9724  -28.444  -69.699  -6.544 0.0000000000
9725  -29.595  -69.722  -6.313 0.0000000000
9726  -30.735  -69.754  -6.138 0.0000000000
9727  -31.970  -69.852  -5.842 0.0000000000
9728  -32.586  -69.384  -5.835 0.0000000000
9743  -22.091  -69.748  -6.879 0.0000000000
9744  -22.530  -69.869  -7.107 0.0000000000
9745  -23.255  -70.121  -7.238 0.0000000000
9746  -23.979  -70.187  -7.124 0.0000000000
9747  -24.737  -70.378  -7.018 0.0000000000
9762  -23.407  -70.299  -8.852 0.0000000000
9763  -23.854  -70.561  -8.759 0.0000000000
9764  -24.222  -70.831  -8.784 0.0000000000
9781  -22.396  -69.991  -9.518 0.0000000000
9782  -22.861  -69.940  -9.268 0.0000000000
9783  -23.685  -69.804  -9.120 0.0000000000
9784  -24.538  -70.088  -8.936 0.0000000000
9785  -25.611  -69.881  -9.174 0.0000000000
9786  -26.568  -69.854  -9.506 0.0000000000
9795  -22.285  -69.897  -10.023 0.0000000000
9796  -22.965  -69.401  -10.270 0.0000000000
9797  -27.420  -69.870  -10.105 0.0000000000
9798  -27.919  -70.334  -10.721 0.0000000000
9807  -22.671  -69.889  -10.846 0.0000000000
9808  -23.101  -69.380  -11.354 0.0000000000
9809  -27.830  -69.570  -10.900 0.0000000000
9810  -28.291  -70.244  -11.582 0.0000000000
9818  -21.265  -68.609  -12.801 0.0000000000
9819  -21.608  -68.627  -12.688 0.0000000000
9820  -22.366  -68.809  -12.436 0.0000000000
9821  -23.063  -69.210  -12.152 0.0000000000
9822  -28.600  -70.047  -12.478 0.0000000000
9831  -17.843  -69.844  -13.710 0.0000000000
9832  -18.616  -69.649  -13.645 0.0000000000
9833  -19.698  -69.186  -13.557 0.0000000000
9834  -20.961  -68.908  -12.914 0.0000000000
9835  -22.089  -69.294  -12.799 0.0000000000
9836  -22.901  -69.499  -12.610 0.0000000000
9837  -23.157  -69.592  -12.475 0.0000000000
9847  -18.032  -69.562  -14.469 0.0000000000
9848  -18.892  -69.250  -14.324 0.0000000000
9849  -19.490  -68.917  -14.310 0.0000000000
9858  -17.964  -69.595  -14.989 0.0000000000
9859  -18.370  -69.488  -15.176 0.0000000000
9860  -19.359  -69.027  -15.058 0.0000000000
9861  -19.844  -68.939  -15.348 0.0000000000
9862  -26.625  -69.148  -15.813 0.0000000000
9873  -18.400  -69.703  -15.725 0.0000000000
9874  -18.884  -69.532  -15.771 0.0000000000
9875  -19.824  -69.255  -15.884 0.0000000000
9876  -20.803  -69.370  -16.352 0.0000000000
9877  -21.951  -69.557  -16.751 0.0000000000
9878  -23.135  -69.284  -16.852 0.0000000000
9879  -24.222  -69.212  -16.941 0.0000000000
9880  -25.260  -69.370  -16.778 0.0000000000
9881  -26.208  -69.646  -16.459 0.0000000000
9890  -22.160  -70.143  -17.180 0.0000000000
9891  -22.740  -70.051  -17.241 0.0000000000
9892  -23.728  -69.976  -17.340 0.0000000000
9893  -24.772  -70.031  -17.337 0.0000000000
10563  -26.808  -68.148  -0.846 0.0000000000
10564  -27.313  -68.331  -0.735 0.0000000000
10565  -28.400  -68.088  -0.492 0.0000000000
10566  -29.414  -68.078  -0.580 0.0000000000
10567  -30.374  -68.232  -0.705 0.0000000000
10580  -25.727  -68.215  -1.703 0.0000000000
10581  -26.495  -68.448  -1.244 0.0000000000
10582  -27.056  -68.709  -1.027 0.0000000000
10592  -24.608  -68.427  -2.721 0.0000000000
10593  -25.485  -68.604  -2.089 0.0000000000
10594  -25.936  -68.620  -1.734 0.0000000000
10596  -23.416  -68.248  -3.898 0.0000000000
10597  -23.954  -68.272  -3.311 0.0000000000
10599  -22.517  -68.684  -5.171 0.0000000000
10600  -23.068  -68.170  -4.834 0.0000000000
10612  -22.557  -68.690  -5.814 0.0000000000
10613  -22.983  -68.312  -5.625 0.0000000000
10614  -32.984  -69.055  -5.816 0.0000000000
10632  -22.448  -68.892  -6.126 0.0000000000
10633  -22.922  -68.730  -6.275 0.0000000000
10634  -23.795  -68.861  -6.627 0.0000000000
10635  -24.835  -68.603  -6.645 0.0000000000
10636  -25.901  -68.604  -6.566 0.0000000000
10637  -26.917  -68.577  -6.422 0.0000000000
10638  -27.894  -68.515  -6.366 0.0000000000
10639  -28.926  -68.524  -6.354 0.0000000000
10640  -30.020  -68.586  -6.333 0.0000000000
10641  -31.158  -68.650  -6.335 0.0000000000
10642  -32.277  -68.638  -6.150 0.0000000000
10643  -33.083  -68.380  -5.991 0.0000000000
10651  -23.955  -69.550  -6.878 0.0000000000
10652  -24.447  -69.536  -6.856 0.0000000000
10674  -23.439  -69.257  -9.696 0.0000000000
10675  -24.175  -68.872  -9.526 0.0000000000
10676  -25.118  -68.868  -9.336 0.0000000000
10677  -26.116  -68.794  -9.600 0.0000000000
10678  -26.874  -69.103  -9.930 0.0000000000
10688  -23.531  -68.461  -10.453 0.0000000000
10689  -24.225  -68.008  -10.079 0.0000000000
10690  -26.693  -68.471  -10.155 0.0000000000
10691  -27.325  -68.806  -10.599 0.0000000000
10700  -22.859  -67.884  -11.710 0.0000000000
10701  -23.105  -68.455  -11.416 0.0000000000
10702  -27.805  -68.826  -11.660 0.0000000000
10703  -28.267  -69.563  -12.084 0.0000000000
10710  -21.303  -68.336  -12.825 0.0000000000
10711  -21.807  -67.992  -12.479 0.0000000000
10712  -22.561  -68.277  -12.064 0.0000000000
10713  -22.905  -68.460  -11.807 0.0000000000
10714  -27.689  -68.481  -12.722 0.0000000000
10715  -28.210  -69.232  -12.611 0.0000000000
10722  -20.445  -68.555  -13.586 0.0000000000
10723  -20.985  -68.043  -13.301 0.0000000000
10724  -21.338  -67.928  -12.877 0.0000000000
10725  -26.789  -68.005  -13.887 0.0000000000
10726  -27.497  -68.473  -13.550 0.0000000000
10727  -28.077  -68.935  -13.264 0.0000000000
10735  -19.999  -68.646  -14.174 0.0000000000
10736  -20.731  -68.091  -14.214 0.0000000000
10737  -21.178  -67.847  -14.618 0.0000000000
10738  -26.551  -68.210  -14.626 0.0000000000
10739  -27.308  -68.602  -14.340 0.0000000000
10740  -28.094  -68.992  -14.000 0.0000000000
10748  -19.735  -68.797  -14.623 0.0000000000
10749  -20.144  -68.634  -14.969 0.0000000000
10750  -21.038  -68.167  -15.182 0.0000000000
10751  -21.969  -67.949  -15.572 0.0000000000
10752  -23.011  -67.739  -15.807 0.0000000000
10753  -24.143  -67.764  -15.864 0.0000000000
10754  -25.191  -67.983  -15.708 0.0000000000
10755  -26.115  -68.341  -15.327 0.0000000000
10756  -27.049  -68.772  -15.132 0.0000000000
10765  -20.087  -68.902  -15.468 0.0000000000
10766  -20.550  -68.815  -15.659 0.0000000000
10767  -21.451  -68.681  -16.026 0.0000000000
10768  -22.513  -68.562  -16.293 0.0000000000
10769  -23.625  -68.462  -16.422 0.0000000000
10770  -24.720  -68.529  -16.385 0.0000000000
10771  -25.719  -68.784  -16.134 0.0000000000
11475  -26.052  -67.116  -0.867 0.0000000000
11476  -26.758  -67.512  -0.735 0.0000000000
11477  -27.858  -67.274  -0.546 0.0000000000
11478  -29.077  -67.065  -0.617 0.0000000000
11479  -30.106  -67.249  -0.921 0.0000000000
11480  -31.036  -67.397  -0.929 0.0000000000
11493  -25.696  -67.480  -1.399 0.0000000000
11494  -26.212  -67.672  -1.027 0.0000000000
11502  -24.623  -67.311  -2.724 0.0000000000
11503  -25.170  -67.801  -2.113 0.0000000000
11506  -23.662  -67.628  -4.020 0.0000000000
11507  -24.058  -67.545  -3.502 0.0000000000
11515  -23.554  -67.643  -4.577 0.0000000000
11516  -23.890  -67.273  -4.250 0.0000000000
11533  -23.529  -67.784  -5.423 0.0000000000
11534  -24.049  -67.069  -5.063 0.0000000000
11535  -24.897  -66.956  -5.521 0.0000000000
11536  -25.815  -66.897  -5.645 0.0000000000
11537  -26.696  -66.886  -5.676 0.0000000000
11538  -27.427  -66.862  -5.658 0.0000000000
11552  -23.461  -68.199  -6.076 0.0000000000
11553  -24.222  -67.746  -6.061 0.0000000000
11554  -25.319  -67.658  -6.194 0.0000000000
11555  -26.331  -67.667  -6.139 0.0000000000
11556  -27.265  -67.632  -6.019 0.0000000000
11557  -28.225  -67.381  -5.888 0.0000000000
11558  -29.325  -67.439  -6.229 0.0000000000
11559  -30.408  -67.474  -6.437 0.0000000000
11560  -31.530  -67.523  -6.470 0.0000000000
11561  -32.593  -67.573  -6.319 0.0000000000
11562  -33.678  -67.741  -5.956 0.0000000000
11583  -24.752  -68.130  -9.762 0.0000000000
11584  -25.482  -67.945  -9.844 0.0000000000
11585  -26.229  -67.980  -10.100 0.0000000000
11590  -23.963  -67.593  -10.557 0.0000000000
11591  -24.749  -67.323  -10.462 0.0000000000
11592  -25.799  -67.314  -10.696 0.0000000000
11593  -26.807  -67.905  -10.725 0.0000000000
11594  -27.333  -68.320  -11.072 0.0000000000
11600  -22.977  -67.488  -11.810 0.0000000000
11601  -23.419  -67.403  -11.330 0.0000000000
11602  -24.066  -67.154  -10.835 0.0000000000
11603  -25.863  -67.070  -11.271 0.0000000000
11604  -26.400  -67.346  -11.535 0.0000000000
11605  -27.177  -67.971  -11.410 0.0000000000
11618  -21.998  -67.480  -12.678 0.0000000000
11619  -22.580  -67.387  -12.270 0.0000000000
11620  -23.037  -67.268  -11.906 0.0000000000
11621  -25.738  -66.830  -12.897 0.0000000000
11622  -26.434  -67.308  -12.525 0.0000000000
11623  -27.165  -67.881  -12.154 0.0000000000
11637  -21.241  -67.703  -13.606 0.0000000000
11638  -21.579  -67.520  -13.168 0.0000000000
11639  -22.166  -67.137  -12.887 0.0000000000
11640  -25.586  -66.954  -13.703 0.0000000000
11641  -26.296  -67.370  -13.415 0.0000000000
11642  -27.009  -67.881  -13.058 0.0000000000
11652  -21.061  -67.805  -13.816 0.0000000000
11653  -21.453  -67.542  -14.121 0.0000000000
11654  -22.284  -66.956  -13.675 0.0000000000
11655  -23.169  -66.739  -14.281 0.0000000000
11656  -24.156  -66.768  -14.472 0.0000000000
11657  -25.121  -67.012  -14.357 0.0000000000
11658  -26.027  -67.542  -14.284 0.0000000000
11666  -21.578  -67.706  -14.895 0.0000000000
11667  -22.388  -67.286  -14.848 0.0000000000
11668  -23.575  -67.154  -15.149 0.0000000000
11669  -24.643  -67.327  -15.132 0.0000000000
11670  -25.559  -67.633  -14.978 0.0000000000
11671  -26.076  -67.916  -14.819 0.0000000000
12354  -34.925  -66.141  3.597 0.0000000000
12355  -35.384  -66.173  3.509 0.0000000000
12356  -36.230  -66.138  3.296 0.0000000000
12376  -33.426  -66.244  2.790 0.0000000000
12377  -33.870  -66.292  2.875 0.0000000000
12378  -34.813  -66.314  3.167 0.0000000000
12379  -35.928  -66.365  2.786 0.0000000000
12402  -33.452  -66.382  2.161 0.0000000000
12403  -34.630  -66.469  2.106 0.0000000000
12404  -35.612  -66.443  2.104 0.0000000000
12420  -33.451  -66.413  0.905 0.0000000000
12421  -34.503  -66.576  1.183 0.0000000000
12445  -26.423  -66.606  -0.789 0.0000000000
12446  -27.263  -66.216  -0.669 0.0000000000
12447  -28.430  -66.334  -0.650 0.0000000000
12448  -29.221  -66.224  -0.756 0.0000000000
12449  -29.933  -66.231  -1.073 0.0000000000
12450  -30.741  -66.530  -1.150 0.0000000000
12451  -31.579  -66.411  -0.925 0.0000000000
12457  -25.779  -66.162  -1.225 0.0000000000
12458  -26.506  -66.005  -0.867 0.0000000000
12459  -30.228  -65.712  -1.292 0.0000000000
12460  -30.617  -65.918  -1.292 0.0000000000
12461  -31.045  -66.103  -1.258 0.0000000000
12464  -24.721  -66.644  -2.782 0.0000000000
12465  -25.055  -66.736  -2.107 0.0000000000
12474  -24.486  -66.781  -3.304 0.0000000000
12475  -24.691  -66.297  -3.612 0.0000000000
12488  -24.328  -66.732  -4.114 0.0000000000
12489  -24.913  -66.098  -4.206 0.0000000000
12503  -24.695  -66.549  -4.824 0.0000000000
12504  -25.432  -66.225  -4.964 0.0000000000
12505  -26.248  -66.177  -5.254 0.0000000000
12506  -27.025  -66.146  -5.403 0.0000000000
12507  -27.828  -66.253  -5.602 0.0000000000
12518  -28.719  -66.356  -5.935 0.0000000000
12519  -29.698  -66.377  -6.327 0.0000000000
12520  -30.799  -66.295  -6.516 0.0000000000
12521  -31.947  -66.511  -6.540 0.0000000000
12522  -32.991  -66.634  -6.430 0.0000000000
12523  -33.899  -66.666  -6.170 0.0000000000
12553  -24.926  -66.851  -10.935 0.0000000000
12554  -25.219  -66.993  -10.819 0.0000000000
12567  -23.685  -66.789  -11.732 0.0000000000
12568  -24.362  -66.744  -11.332 0.0000000000
12569  -25.366  -66.816  -11.342 0.0000000000
12570  -25.866  -66.982  -11.544 0.0000000000
12585  -22.797  -66.981  -12.411 0.0000000000
12586  -23.174  -66.888  -12.182 0.0000000000
12587  -23.968  -66.516  -12.243 0.0000000000
12588  -24.973  -66.495  -12.306 0.0000000000
12589  -25.835  -66.855  -12.023 0.0000000000
12601  -22.730  -66.810  -12.813 0.0000000000
12602  -23.468  -66.502  -12.914 0.0000000000
12603  -24.304  -66.409  -13.061 0.0000000000
12604  -25.069  -66.568  -13.291 0.0000000000
12617  -23.055  -66.613  -13.491 0.0000000000
12618  -23.779  -66.499  -13.698 0.0000000000
12619  -24.596  -66.576  -13.819 0.0000000000
12620  -25.111  -66.715  -13.824 0.0000000000
13304  -33.631  -64.909  4.969 0.0000000000
13305  -34.126  -65.074  4.908 0.0000000000
13306  -35.192  -65.288  4.783 0.0000000000
13307  -36.354  -65.388  4.586 0.0000000000
13308  -37.423  -65.335  4.274 0.0000000000
13321  -31.866  -65.179  3.883 0.0000000000
13322  -32.300  -65.257  4.013 0.0000000000
13323  -33.347  -65.272  4.500 0.0000000000
13324  -34.646  -65.855  4.029 0.0000000000
13325  -35.809  -65.870  4.023 0.0000000000
13326  -36.993  -65.726  3.495 0.0000000000
13345  -30.984  -65.311  2.656 0.0000000000
13346  -31.702  -65.397  3.386 0.0000000000
13347  -33.026  -65.937  3.283 0.0000000000
13348  -33.996  -66.006  3.621 0.0000000000
13349  -34.462  -66.077  3.631 0.0000000000
13360  -30.938  -65.335  1.707 0.0000000000
13361  -31.667  -65.711  2.172 0.0000000000
13362  -32.426  -66.003  2.537 0.0000000000
13368  -30.986  -65.215  0.633 0.0000000000
13369  -31.708  -65.684  1.077 0.0000000000
13370  -32.511  -66.103  1.544 0.0000000000
13373  -31.050  -65.032  -0.354 0.0000000000
13374  -31.753  -65.493  0.042 0.0000000000
13375  -32.547  -65.977  0.459 0.0000000000
13378  -27.482  -65.412  -0.843 0.0000000000
13379  -28.151  -65.555  -0.807 0.0000000000
13380  -29.007  -65.681  -0.839 0.0000000000
13381  -29.510  -65.856  -0.955 0.0000000000
13382  -30.948  -65.018  -1.155 0.0000000000
13383  -31.525  -65.529  -0.771 0.0000000000
13384  -32.332  -66.007  -0.414 0.0000000000
13389  -25.794  -64.901  -1.735 0.0000000000
13390  -26.748  -65.128  -1.077 0.0000000000
13391  -27.869  -64.852  -1.084 0.0000000000
13392  -28.821  -64.993  -1.147 0.0000000000
13393  -29.743  -65.377  -1.264 0.0000000000
13394  -30.513  -65.384  -1.317 0.0000000000
13395  -31.076  -65.684  -1.219 0.0000000000
13409  -24.872  -66.159  -2.690 0.0000000000
13410  -25.212  -65.654  -2.226 0.0000000000
13425  -24.735  -66.289  -3.134 0.0000000000
13426  -25.079  -65.656  -3.305 0.0000000000
13436  -25.516  -65.475  -4.258 0.0000000000
13437  -26.053  -65.192  -4.520 0.0000000000
13449  -25.961  -65.667  -4.813 0.0000000000
13450  -26.559  -65.367  -4.971 0.0000000000
13451  -27.332  -65.356  -5.408 0.0000000000
13452  -28.130  -65.366  -5.792 0.0000000000
13468  -29.050  -65.287  -6.163 0.0000000000
13469  -29.987  -65.430  -6.444 0.0000000000
13470  -30.675  -65.306  -6.518 0.0000000000
13471  -31.423  -65.495  -6.562 0.0000000000
13472  -32.386  -65.597  -6.574 0.0000000000
13473  -33.379  -65.703  -6.440 0.0000000000
13474  -34.304  -65.889  -6.102 0.0000000000
14309  -33.643  -64.032  5.907 0.0000000000
14310  -34.124  -64.027  5.995 0.0000000000
14311  -35.150  -64.117  6.092 0.0000000000
14312  -36.280  -64.265  6.044 0.0000000000
14313  -37.475  -64.294  5.866 0.0000000000
14326  -30.828  -64.247  5.033 0.0000000000
14327  -31.426  -64.378  5.018 0.0000000000
14328  -32.421  -64.356  5.291 0.0000000000
14329  -33.451  -64.422  5.467 0.0000000000
14330  -34.611  -64.601  5.453 0.0000000000
14331  -35.734  -64.765  5.388 0.0000000000
14332  -36.946  -64.881  5.184 0.0000000000
14348  -29.991  -64.302  4.093 0.0000000000
14349  -30.730  -64.460  4.512 0.0000000000
14350  -31.637  -64.894  4.204 0.0000000000
14351  -32.336  -64.769  4.657 0.0000000000
14352  -32.882  -64.696  4.989 0.0000000000
14364  -29.639  -64.251  3.169 0.0000000000
14365  -30.616  -64.808  3.471 0.0000000000
14366  -31.147  -64.926  3.924 0.0000000000
14370  -29.660  -64.345  1.925 0.0000000000
14371  -30.316  -64.842  2.386 0.0000000000
14374  -29.750  -64.206  0.841 0.0000000000
14375  -30.315  -64.781  1.282 0.0000000000
14380  -29.922  -64.007  -0.201 0.0000000000
14381  -30.457  -64.579  0.222 0.0000000000
14391  -29.850  -64.109  -1.056 0.0000000000
14392  -30.445  -64.559  -0.722 0.0000000000
14406  -25.905  -64.363  -2.161 0.0000000000
14407  -26.494  -64.015  -1.896 0.0000000000
14408  -27.505  -64.120  -1.531 0.0000000000
14409  -28.539  -64.202  -1.464 0.0000000000
14410  -29.426  -64.498  -1.298 0.0000000000
14411  -30.219  -64.778  -1.284 0.0000000000
14429  -25.574  -64.672  -2.709 0.0000000000
14430  -26.044  -64.041  -2.497 0.0000000000
14444  -25.590  -64.898  -3.611 0.0000000000
14445  -25.903  -64.442  -3.893 0.0000000000
14458  -25.876  -64.909  -4.138 0.0000000000
14459  -26.302  -64.524  -4.460 0.0000000000
14473  -26.916  -64.522  -5.102 0.0000000000
14474  -27.593  -64.513  -5.564 0.0000000000
14475  -28.355  -64.448  -5.947 0.0000000000
14476  -34.855  -65.118  -5.830 0.0000000000
14477  -35.805  -64.822  -5.325 0.0000000000
14489  -28.987  -64.402  -6.180 0.0000000000
14490  -29.547  -64.649  -6.352 0.0000000000
14491  -30.226  -64.682  -6.481 0.0000000000
14492  -30.957  -64.668  -6.486 0.0000000000
14493  -31.805  -64.679  -6.438 0.0000000000
14494  -32.798  -64.679  -6.417 0.0000000000
14495  -33.816  -64.854  -6.256 0.0000000000
15302  -34.821  -62.825  7.208 0.0000000000
15303  -35.360  -62.921  7.206 0.0000000000
15304  -36.244  -63.033  7.193 0.0000000000
15305  -37.024  -63.058  7.079 0.0000000000
15313  -30.589  -63.201  6.220 0.0000000000
15314  -31.190  -63.372  6.328 0.0000000000
15315  -32.234  -63.458  6.363 0.0000000000
15316  -33.374  -63.653  6.238 0.0000000000
15317  -34.574  -63.338  6.731 0.0000000000
15318  -35.710  -63.560  6.678 0.0000000000
15319  -36.757  -63.631  6.623 0.0000000000
15320  -37.859  -63.430  6.517 0.0000000000
15331  -29.712  -63.342  5.204 0.0000000000
15332  -30.418  -63.735  5.433 0.0000000000
15333  -31.727  -63.907  5.737 0.0000000000
15334  -32.730  -63.962  5.823 0.0000000000
15335  -33.182  -64.009  5.849 0.0000000000
15350  -28.937  -62.996  4.063 0.0000000000
15351  -29.377  -63.418  4.410 0.0000000000
15352  -30.041  -64.077  4.676 0.0000000000
15357  -28.851  -63.034  3.638 0.0000000000
15358  -29.113  -63.539  3.282 0.0000000000
15363  -28.781  -63.093  2.725 0.0000000000
15364  -29.151  -63.745  2.375 0.0000000000
15373  -28.847  -63.148  1.630 0.0000000000
15374  -29.281  -63.806  1.450 0.0000000000
15384  -28.842  -62.858  0.916 0.0000000000
15385  -29.263  -63.353  0.478 0.0000000000
15396  -29.444  -63.468  -0.668 0.0000000000
15410  -26.820  -63.399  -2.207 0.0000000000
15411  -27.269  -63.420  -1.934 0.0000000000
15412  -28.198  -63.253  -1.787 0.0000000000
15413  -29.123  -63.620  -1.386 0.0000000000
15428  -25.928  -63.945  -3.016 0.0000000000
15429  -26.514  -63.327  -2.800 0.0000000000
15430  -27.154  -62.984  -2.365 0.0000000000
15431  -27.609  -62.990  -2.084 0.0000000000
15444  -25.811  -64.315  -3.392 0.0000000000
15445  -26.205  -63.698  -3.784 0.0000000000
15458  -26.750  -63.614  -4.717 0.0000000000
15459  -27.297  -63.300  -5.131 0.0000000000
15470  -27.222  -63.880  -5.272 0.0000000000
15471  -27.815  -63.593  -5.594 0.0000000000
15472  -28.758  -63.623  -6.023 0.0000000000
15473  -29.421  -63.597  -6.252 0.0000000000
15474  -33.921  -63.108  -5.890 0.0000000000
15475  -34.722  -63.739  -5.817 0.0000000000
15476  -35.937  -63.780  -5.350 0.0000000000
15487  -29.288  -64.056  -6.280 0.0000000000
15488  -29.789  -64.071  -6.420 0.0000000000
15489  -30.419  -64.001  -6.445 0.0000000000
15490  -31.186  -63.905  -6.342 0.0000000000
15491  -32.112  -63.820  -6.190 0.0000000000
15492  -33.339  -63.608  -6.151 0.0000000000
15493  -34.194  -64.295  -6.115 0.0000000000
16316  -31.321  -62.237  7.459 0.0000000000
16317  -32.168  -62.211  7.537 0.0000000000
16318  -33.164  -62.146  7.515 0.0000000000
16319  -34.103  -62.120  7.513 0.0000000000
16320  -34.979  -62.228  7.423 0.0000000000
16321  -35.921  -62.245  7.366 0.0000000000
16322  -36.727  -62.386  7.254 0.0000000000
16323  -37.449  -62.492  7.005 0.0000000000
16331  -29.977  -62.345  6.432 0.0000000000
16332  -30.661  -62.632  6.844 0.0000000000
16333  -31.691  -62.881  7.005 0.0000000000
16334  -32.721  -62.913  7.003 0.0000000000
16335  -33.721  -62.847  7.085 0.0000000000
16336  -34.430  -62.697  7.241 0.0000000000
16337  -38.394  -62.477  6.586 0.0000000000
16347  -29.611  -62.688  5.576 0.0000000000
16348  -30.204  -62.955  6.141 0.0000000000
16362  -28.887  -62.467  4.005 0.0000000000
16363  -29.177  -62.352  4.737 0.0000000000
16371  -28.750  -62.448  3.158 0.0000000000
16377  -28.729  -62.432  2.221 0.0000000000
16388  -28.780  -62.376  1.294 0.0000000000
16394  -28.917  -62.406  0.349 0.0000000000
16395  -29.151  -62.856  -0.349 0.0000000000
16406  -28.910  -62.204  -0.645 0.0000000000
16407  -29.102  -62.887  -1.111 0.0000000000
16421  -28.631  -62.326  -1.578 0.0000000000
16422  -28.789  -63.015  -1.481 0.0000000000
16435  -26.737  -62.886  -3.115 0.0000000000
16436  -27.105  -62.617  -2.998 0.0000000000
16437  -27.847  -62.435  -2.332 0.0000000000
16449  -26.720  -62.838  -3.602 0.0000000000
16450  -27.312  -62.323  -3.706 0.0000000000
16461  -26.632  -63.105  -4.226 0.0000000000
16462  -27.336  -62.624  -4.616 0.0000000000
16463  -27.978  -62.264  -4.888 0.0000000000
16464  -35.997  -62.493  -5.049 0.0000000000
16477  -27.617  -62.991  -5.244 0.0000000000
16478  -28.238  -62.663  -5.421 0.0000000000
16479  -29.444  -62.825  -5.995 0.0000000000
16480  -30.520  -62.444  -5.868 0.0000000000
16481  -31.532  -62.318  -5.746 0.0000000000
16482  -32.450  -62.346  -5.665 0.0000000000
16483  -33.346  -62.588  -5.705 0.0000000000
16484  -34.275  -62.668  -5.565 0.0000000000
16485  -35.317  -62.793  -5.396 0.0000000000
16486  -36.205  -63.085  -5.211 0.0000000000
16496  -29.894  -63.515  -6.353 0.0000000000
16497  -30.465  -63.255  -6.263 0.0000000000
16498  -31.344  -63.093  -6.093 0.0000000000
16499  -32.265  -62.978  -6.000 0.0000000000
16500  -32.851  -62.838  -5.950 0.0000000000
17285  -32.015  -60.981  8.142 0.0000000000
17286  -32.364  -60.885  8.174 0.0000000000
17299  -30.120  -61.188  7.191 0.0000000000
17300  -30.710  -61.617  7.507 0.0000000000
17301  -31.588  -61.458  7.833 0.0000000000
17302  -32.614  -61.302  7.955 0.0000000000
17303  -33.689  -61.312  7.770 0.0000000000
17304  -34.659  -61.319  7.586 0.0000000000
17305  -35.617  -61.370  7.406 0.0000000000
17306  -36.655  -61.484  7.192 0.0000000000
17307  -37.104  -61.964  7.186 0.0000000000
17316  -29.684  -61.406  6.383 0.0000000000
17317  -30.118  -61.881  6.958 0.0000000000
17318  -37.072  -61.227  6.972 0.0000000000
17319  -37.549  -61.535  6.867 0.0000000000
17330  -29.387  -61.565  5.295 0.0000000000
17337  -28.893  -61.982  3.948 0.0000000000
17338  -29.199  -61.629  4.209 0.0000000000
17345  -28.885  -61.909  3.561 0.0000000000
17346  -29.294  -61.336  3.246 0.0000000000
17358  -28.867  -61.788  2.717 0.0000000000
17359  -29.250  -61.153  2.279 0.0000000000
17371  -28.876  -61.714  1.793 0.0000000000
17372  -29.188  -61.090  1.345 0.0000000000
17384  -28.923  -61.672  0.888 0.0000000000
17385  -29.165  -61.106  0.619 0.0000000000
17398  -29.018  -61.481  -0.030 0.0000000000
17399  -29.261  -60.859  0.155 0.0000000000
17413  -28.967  -61.343  -1.130 0.0000000000
17414  -29.197  -60.896  -0.438 0.0000000000
17429  -27.823  -61.907  -3.192 0.0000000000
17430  -28.752  -61.389  -2.387 0.0000000000
17431  -29.204  -60.813  -2.439 0.0000000000
17448  -27.825  -61.896  -4.134 0.0000000000
17449  -28.632  -61.363  -3.681 0.0000000000
17450  -29.405  -60.752  -3.072 0.0000000000
17451  -34.475  -61.332  -3.835 0.0000000000
17452  -35.489  -61.332  -3.784 0.0000000000
17468  -27.903  -62.121  -4.616 0.0000000000
17469  -28.548  -61.802  -4.829 0.0000000000
17470  -29.853  -61.018  -4.388 0.0000000000
17471  -31.278  -61.107  -4.602 0.0000000000
17472  -32.363  -61.297  -4.621 0.0000000000
17473  -33.287  -61.493  -4.615 0.0000000000
17474  -34.137  -61.613  -4.567 0.0000000000
17475  -35.034  -61.651  -4.522 0.0000000000
17490  -28.926  -62.222  -5.477 0.0000000000
17491  -29.639  -61.879  -5.414 0.0000000000
17492  -30.768  -61.635  -5.318 0.0000000000
17493  -31.874  -61.682  -5.268 0.0000000000
17494  -32.849  -61.837  -5.235 0.0000000000
17495  -33.753  -61.988  -5.180 0.0000000000
17496  -34.647  -62.063  -5.107 0.0000000000
17497  -35.408  -62.120  -4.977 0.0000000000
18297  -31.056  -60.189  8.138 0.0000000000
18298  -31.413  -60.610  8.126 0.0000000000
18299  -32.194  -60.472  8.277 0.0000000000
18300  -32.755  -60.276  8.290 0.0000000000
18317  -29.901  -60.411  7.064 0.0000000000
18318  -30.620  -60.524  7.754 0.0000000000
18319  -31.037  -61.080  7.866 0.0000000000
18320  -32.650  -60.707  8.197 0.0000000000
18321  -33.300  -60.493  8.081 0.0000000000
18322  -34.300  -60.421  7.760 0.0000000000
18323  -35.303  -60.440  7.522 0.0000000000
18324  -36.250  -60.524  7.244 0.0000000000
18338  -29.643  -60.329  6.388 0.0000000000
18339  -37.108  -60.667  6.881 0.0000000000
18355  -29.534  -60.711  5.783 0.0000000000
18362  -29.638  -60.597  4.934 0.0000000000
18363  -30.021  -60.190  4.381 0.0000000000
18368  -29.777  -60.839  3.904 0.0000000000
18369  -30.499  -60.322  3.677 0.0000000000
18370  -31.203  -60.135  3.280 0.0000000000
18381  -29.919  -60.681  2.795 0.0000000000
18382  -30.966  -60.427  2.755 0.0000000000
18397  -29.664  -60.631  1.724 0.0000000000
18398  -30.405  -60.366  1.853 0.0000000000
18399  -31.520  -60.191  1.668 0.0000000000
18417  -29.537  -60.529  0.757 0.0000000000
18418  -29.951  -60.278  1.276 0.0000000000
18419  -31.652  -59.885  0.823 0.0000000000
18420  -32.430  -60.039  0.547 0.0000000000
18438  -29.532  -60.412  -0.114 0.0000000000
18439  -32.583  -59.959  -0.737 0.0000000000
18440  -33.367  -60.290  -0.254 0.0000000000
18461  -29.140  -60.855  -1.770 0.0000000000
18462  -29.407  -60.520  -1.057 0.0000000000
18463  -32.600  -60.136  -1.565 0.0000000000
18464  -33.158  -60.257  -1.151 0.0000000000
18465  -33.879  -60.503  -1.104 0.0000000000
18481  -29.144  -60.830  -2.175 0.0000000000
18482  -29.623  -60.386  -2.084 0.0000000000
18483  -30.497  -60.078  -2.364 0.0000000000
18484  -31.265  -60.105  -2.497 0.0000000000
18485  -32.108  -60.196  -2.302 0.0000000000
18486  -33.207  -60.494  -2.070 0.0000000000
18487  -34.316  -60.742  -2.060 0.0000000000
18501  -30.037  -60.331  -2.845 0.0000000000
18502  -30.727  -60.314  -3.048 0.0000000000
18503  -31.588  -60.407  -3.141 0.0000000000
18504  -32.589  -60.634  -3.103 0.0000000000
18505  -33.716  -60.999  -3.130 0.0000000000
18506  -34.875  -61.115  -2.939 0.0000000000
18521  -30.155  -60.526  -3.479 0.0000000000
18522  -30.913  -60.621  -3.808 0.0000000000
18523  -31.952  -60.773  -3.917 0.0000000000
18524  -32.944  -61.027  -3.938 0.0000000000
18525  -33.705  -61.285  -4.029 0.0000000000
19381  -31.311  -60.064  8.229 0.0000000000
19382  -31.754  -59.939  8.309 0.0000000000
19383  -32.489  -59.808  8.298 0.0000000000
19384  -33.103  -59.846  8.226 0.0000000000
19406  -30.218  -59.480  7.538 0.0000000000
19407  -31.128  -59.513  8.102 0.0000000000
19408  -32.141  -59.203  8.122 0.0000000000
19409  -33.008  -59.196  8.088 0.0000000000
19410  -33.872  -59.488  7.929 0.0000000000
19411  -34.995  -59.484  7.644 0.0000000000
19412  -36.026  -59.530  7.355 0.0000000000
19413  -36.853  -59.673  6.984 0.0000000000
19429  -29.671  -59.479  6.812 0.0000000000
19448  -29.543  -59.621  5.820 0.0000000000
19457  -29.747  -59.435  4.891 0.0000000000
19458  -30.222  -59.490  4.210 0.0000000000
19461  -30.805  -59.568  3.648 0.0000000000
19492  -30.261  -60.167  1.278 0.0000000000
19493  -30.639  -60.060  1.268 0.0000000000
19513  -29.737  -60.212  0.344 0.0000000000
19514  -30.108  -59.999  0.715 0.0000000000
19515  -30.967  -59.754  0.669 0.0000000000
19516  -31.588  -59.735  0.261 0.0000000000
19532  -29.853  -60.009  0.063 0.0000000000
19533  -30.323  -59.760  -0.040 0.0000000000
19534  -31.022  -59.611  -0.268 0.0000000000
19535  -31.788  -59.716  -0.479 0.0000000000
19550  -29.824  -59.988  -0.552 0.0000000000
19551  -30.381  -59.710  -0.835 0.0000000000
19552  -31.089  -59.626  -1.131 0.0000000000
19553  -31.858  -59.836  -1.484 0.0000000000
19562  -29.857  -60.001  -1.253 0.0000000000
19563  -30.384  -59.831  -1.632 0.0000000000
19564  -31.107  -59.802  -1.911 0.0000000000
19565  -31.589  -59.957  -2.075 0.0000000000
20503  -29.960  -58.504  7.192 0.0000000000
20504  -30.785  -58.466  7.653 0.0000000000
20505  -31.792  -58.453  7.826 0.0000000000
20506  -32.751  -58.420  7.941 0.0000000000
20507  -33.704  -58.477  7.987 0.0000000000
20508  -34.713  -58.527  7.792 0.0000000000
20525  -29.533  -58.517  6.423 0.0000000000
20544  -29.392  -58.253  5.417 0.0000000000
20555  -29.694  -58.382  4.369 0.0000000000
20556  -30.285  -58.845  3.852 0.0000000000
21591  -29.831  -57.757  6.811 0.0000000000
21592  -30.508  -57.406  7.279 0.0000000000
21616  -29.534  -57.489  6.206 0.0000000000
