#!ascii label  , from subject ab_data vox2ras=TkReg
728
109169  -11.211  17.881  -15.252 0.0000000000
109170  -11.662  17.776  -15.075 0.0000000000
109171  -13.563  17.721  -15.159 0.0000000000
109172  -14.434  17.752  -15.293 0.0000000000
109173  -15.360  17.816  -15.511 0.0000000000
109174  -15.866  17.938  -15.661 0.0000000000
109183  -7.934  17.937  -16.052 0.0000000000
110051  -8.503  18.866  -15.089 0.0000000000
110052  -8.932  18.611  -14.836 0.0000000000
110053  -10.220  18.287  -14.957 0.0000000000
110054  -11.541  18.322  -14.812 0.0000000000
110055  -12.669  18.095  -14.608 0.0000000000
110056  -13.807  18.429  -14.583 0.0000000000
110057  -14.806  18.475  -14.745 0.0000000000
110058  -15.646  18.514  -15.086 0.0000000000
110059  -16.189  18.747  -15.248 0.0000000000
110071  -8.181  18.613  -15.426 0.0000000000
110073  -9.965  17.971  -15.600 0.0000000000
110116  -19.845  18.656  -19.740 0.0000000000
110117  -20.184  18.727  -20.139 0.0000000000
110126  -19.918  18.645  -20.678 0.0000000000
110136  -19.983  18.565  -21.527 0.0000000000
110984  -9.620  20.171  -13.840 0.0000000000
110985  -10.299  20.183  -13.924 0.0000000000
110986  -11.299  20.132  -14.030 0.0000000000
110987  -12.110  20.175  -14.033 0.0000000000
111001  -7.652  19.906  -15.302 0.0000000000
111002  -8.496  19.266  -14.850 0.0000000000
111003  -9.613  19.386  -14.308 0.0000000000
111004  -10.837  19.279  -14.434 0.0000000000
111005  -11.936  19.232  -14.288 0.0000000000
111006  -12.999  19.526  -14.199 0.0000000000
111007  -14.204  19.465  -14.365 0.0000000000
111008  -15.159  19.394  -14.595 0.0000000000
111009  -15.841  19.354  -14.909 0.0000000000
111010  -16.391  19.364  -15.209 0.0000000000
111021  -6.867  19.519  -16.192 0.0000000000
111022  -7.408  19.387  -15.642 0.0000000000
111023  -7.893  19.301  -15.302 0.0000000000
111025  -17.606  19.580  -16.219 0.0000000000
111035  -18.037  19.619  -16.840 0.0000000000
111036  -18.283  19.625  -17.355 0.0000000000
111046  -18.755  19.105  -17.942 0.0000000000
111055  -19.228  19.002  -18.737 0.0000000000
111056  -19.449  18.929  -19.484 0.0000000000
111068  -19.210  19.331  -20.771 0.0000000000
111069  -19.458  18.974  -20.232 0.0000000000
111079  -19.151  19.213  -21.417 0.0000000000
111080  -19.593  18.846  -21.086 0.0000000000
111093  -19.559  18.741  -21.818 0.0000000000
111949  -7.894  21.572  -14.140 0.0000000000
111950  -8.663  21.344  -13.696 0.0000000000
111951  -9.603  21.031  -13.766 0.0000000000
111952  -10.732  21.211  -14.160 0.0000000000
111953  -11.700  20.723  -14.238 0.0000000000
111954  -12.094  20.575  -14.191 0.0000000000
111966  -7.456  21.096  -14.931 0.0000000000
111967  -8.289  20.576  -14.642 0.0000000000
111968  -9.078  20.147  -13.802 0.0000000000
111969  -11.037  21.794  -14.331 0.0000000000
111970  -11.525  21.463  -14.412 0.0000000000
111971  -12.409  20.845  -14.316 0.0000000000
111972  -13.620  20.597  -14.356 0.0000000000
111973  -14.687  20.400  -14.495 0.0000000000
111974  -15.571  20.196  -14.782 0.0000000000
111975  -16.022  19.841  -14.993 0.0000000000
111985  -6.907  20.026  -16.260 0.0000000000
111986  -7.225  20.485  -15.892 0.0000000000
111987  -15.678  20.765  -15.033 0.0000000000
111988  -16.254  20.349  -15.302 0.0000000000
111989  -17.084  20.393  -15.870 0.0000000000
111997  -6.669  20.047  -16.736 0.0000000000
111998  -6.964  21.042  -16.483 0.0000000000
111999  -17.561  20.399  -16.633 0.0000000000
112000  -17.995  20.096  -17.161 0.0000000000
112009  -6.162  19.789  -17.998 0.0000000000
112010  -17.720  20.631  -17.405 0.0000000000
112011  -18.318  20.067  -17.755 0.0000000000
112022  -17.955  20.707  -18.283 0.0000000000
112023  -18.769  19.929  -18.729 0.0000000000
112024  -19.180  19.395  -19.333 0.0000000000
112034  -18.138  20.783  -19.358 0.0000000000
112035  -18.901  19.835  -19.989 0.0000000000
112036  -19.278  19.252  -19.761 0.0000000000
112047  -15.859  20.948  -20.803 0.0000000000
112048  -16.373  20.833  -20.773 0.0000000000
112049  -17.652  20.637  -20.564 0.0000000000
112050  -18.673  19.768  -21.054 0.0000000000
112850  -7.711  21.898  -14.465 0.0000000000
112851  -8.141  22.009  -13.856 0.0000000000
112852  -8.971  22.026  -13.606 0.0000000000
112853  -9.916  22.047  -13.782 0.0000000000
112862  -7.454  21.694  -15.267 0.0000000000
112863  -10.665  22.197  -14.127 0.0000000000
112864  -11.287  22.204  -14.435 0.0000000000
112865  -12.035  21.936  -14.706 0.0000000000
112866  -13.067  21.686  -14.671 0.0000000000
112867  -14.235  21.497  -14.675 0.0000000000
112868  -15.174  21.041  -14.799 0.0000000000
112877  -7.294  21.605  -16.043 0.0000000000
112878  -14.893  21.647  -15.142 0.0000000000
112879  -15.665  21.331  -15.449 0.0000000000
112880  -16.546  21.151  -15.797 0.0000000000
112881  -17.132  21.056  -16.245 0.0000000000
112892  -6.705  21.253  -17.274 0.0000000000
112893  -7.030  21.742  -16.571 0.0000000000
112894  -16.065  21.631  -16.033 0.0000000000
112895  -16.619  21.607  -16.495 0.0000000000
112896  -17.292  21.214  -16.909 0.0000000000
112907  -6.461  21.201  -18.435 0.0000000000
112908  -16.809  21.720  -17.250 0.0000000000
112909  -17.344  21.292  -17.773 0.0000000000
112922  -16.705  21.754  -18.123 0.0000000000
112923  -17.382  21.361  -18.760 0.0000000000
112933  -15.775  22.018  -19.604 0.0000000000
112934  -16.431  21.731  -19.292 0.0000000000
112935  -17.358  21.286  -19.769 0.0000000000
112949  -15.599  21.516  -20.450 0.0000000000
112950  -16.828  21.293  -20.230 0.0000000000
112951  -17.307  21.140  -20.216 0.0000000000
113728  -7.917  22.364  -14.177 0.0000000000
113729  -8.310  22.775  -13.876 0.0000000000
113730  -9.297  22.797  -13.563 0.0000000000
113731  -10.170  22.851  -13.765 0.0000000000
113741  -7.795  22.664  -14.743 0.0000000000
113742  -8.003  23.140  -14.308 0.0000000000
113743  -10.918  22.897  -14.140 0.0000000000
113744  -11.631  22.840  -14.602 0.0000000000
113745  -12.464  22.736  -15.105 0.0000000000
113746  -13.533  22.353  -15.102 0.0000000000
113747  -14.350  22.165  -15.223 0.0000000000
113756  -7.498  22.426  -15.687 0.0000000000
113757  -13.020  22.815  -15.628 0.0000000000
113758  -13.885  22.766  -15.884 0.0000000000
113759  -14.946  22.048  -15.874 0.0000000000
113760  -15.609  21.780  -15.982 0.0000000000
113771  -7.022  22.497  -16.894 0.0000000000
113772  -7.276  22.247  -16.279 0.0000000000
113773  -13.922  22.931  -16.488 0.0000000000
113774  -14.577  22.740  -16.759 0.0000000000
113775  -15.767  22.105  -16.604 0.0000000000
113776  -16.394  21.949  -16.919 0.0000000000
113785  -6.755  22.365  -17.908 0.0000000000
113786  -14.590  22.874  -17.844 0.0000000000
113787  -15.439  22.491  -17.562 0.0000000000
113788  -16.207  22.077  -17.442 0.0000000000
113799  -13.557  22.893  -19.116 0.0000000000
113800  -14.428  22.717  -18.805 0.0000000000
113801  -15.253  22.517  -18.511 0.0000000000
113802  -15.975  22.145  -18.316 0.0000000000
113813  -14.277  22.580  -19.717 0.0000000000
113814  -15.161  22.313  -19.495 0.0000000000
113815  -15.745  22.195  -19.046 0.0000000000
113828  -14.804  22.144  -20.187 0.0000000000
114588  -8.773  23.461  -13.625 0.0000000000
114589  -9.598  23.504  -13.636 0.0000000000
114590  -10.396  23.575  -13.911 0.0000000000
114598  -7.770  23.564  -14.608 0.0000000000
114599  -8.158  23.560  -14.030 0.0000000000
114600  -11.157  23.628  -14.313 0.0000000000
114601  -11.893  23.618  -14.978 0.0000000000
114602  -12.262  23.274  -15.298 0.0000000000
114610  -7.361  23.617  -16.192 0.0000000000
114611  -7.550  23.406  -15.511 0.0000000000
114612  -11.964  24.018  -15.427 0.0000000000
114613  -12.434  23.508  -15.849 0.0000000000
114614  -13.118  23.037  -16.002 0.0000000000
114624  -7.243  23.419  -16.708 0.0000000000
114625  -7.445  22.931  -16.238 0.0000000000
114626  -12.597  23.760  -17.030 0.0000000000
114627  -13.303  23.153  -16.614 0.0000000000
114628  -13.923  23.004  -16.772 0.0000000000
114636  -7.041  23.409  -17.487 0.0000000000
114637  -12.591  23.851  -18.032 0.0000000000
114638  -13.109  23.337  -17.610 0.0000000000
114639  -13.879  23.083  -17.285 0.0000000000
114645  -6.930  23.401  -18.496 0.0000000000
114647  -12.927  23.281  -18.559 0.0000000000
114648  -13.725  23.034  -18.192 0.0000000000
115595  -8.452  24.008  -13.810 0.0000000000
115596  -9.057  24.090  -13.603 0.0000000000
115597  -9.819  24.198  -13.747 0.0000000000
115605  -7.441  24.233  -15.005 0.0000000000
115606  -7.876  24.404  -14.197 0.0000000000
115607  -10.573  24.348  -14.060 0.0000000000
115608  -11.321  24.477  -14.477 0.0000000000
115615  -7.266  23.910  -16.474 0.0000000000
115616  -7.256  24.447  -16.052 0.0000000000
115617  -11.829  24.564  -15.030 0.0000000000
115618  -12.101  24.572  -15.667 0.0000000000
115625  -7.191  24.149  -16.972 0.0000000000
115626  -7.332  25.118  -17.182 0.0000000000
115627  -12.363  24.578  -16.480 0.0000000000
115635  -7.143  24.587  -17.982 0.0000000000
115636  -7.324  25.190  -17.813 0.0000000000
115637  -12.595  24.706  -17.499 0.0000000000
115644  -6.960  24.430  -19.087 0.0000000000
115645  -12.610  24.713  -18.590 0.0000000000
116513  -8.539  24.565  -13.756 0.0000000000
116514  -9.220  24.839  -13.648 0.0000000000
116515  -9.999  24.891  -13.803 0.0000000000
116521  -7.548  25.371  -15.065 0.0000000000
116522  -8.417  25.469  -14.098 0.0000000000
116523  -9.556  25.644  -13.993 0.0000000000
116524  -10.628  25.354  -14.233 0.0000000000
116525  -11.491  25.342  -14.692 0.0000000000
116531  -7.450  25.734  -16.325 0.0000000000
116532  -11.968  25.383  -15.226 0.0000000000
116533  -12.422  25.510  -15.887 0.0000000000
116538  -7.501  25.981  -17.200 0.0000000000
116539  -12.661  25.655  -16.850 0.0000000000
116543  -7.342  25.289  -18.122 0.0000000000
116544  -7.497  25.744  -17.950 0.0000000000
116545  -12.825  25.880  -18.094 0.0000000000
116552  -7.286  25.645  -18.704 0.0000000000
116553  -7.496  25.887  -18.351 0.0000000000
116563  -6.705  25.385  -19.734 0.0000000000
117389  -8.213  26.194  -14.914 0.0000000000
117390  -9.011  26.577  -14.667 0.0000000000
117391  -10.077  26.319  -14.482 0.0000000000
117392  -11.056  26.329  -14.794 0.0000000000
117393  -11.677  25.883  -14.961 0.0000000000
117398  -7.891  26.680  -15.756 0.0000000000
117399  -8.426  26.758  -15.196 0.0000000000
117400  -11.311  26.931  -15.252 0.0000000000
117401  -11.960  26.426  -15.395 0.0000000000
117402  -12.566  26.522  -16.204 0.0000000000
117406  -7.645  26.689  -16.829 0.0000000000
117407  -12.910  26.780  -17.168 0.0000000000
117411  -7.608  26.601  -17.703 0.0000000000
117412  -13.205  27.187  -18.239 0.0000000000
117413  -13.472  27.713  -18.636 0.0000000000
117417  -7.169  26.817  -18.914 0.0000000000
117418  -7.480  26.308  -18.336 0.0000000000
117419  -12.945  26.609  -19.176 0.0000000000
117420  -13.394  27.435  -19.161 0.0000000000
117429  -6.826  26.479  -19.632 0.0000000000
118201  -9.243  27.205  -15.045 0.0000000000
118202  -9.793  26.998  -14.872 0.0000000000
118203  -10.374  26.763  -14.813 0.0000000000
118208  -8.135  27.395  -16.026 0.0000000000
118209  -8.705  27.495  -15.561 0.0000000000
118210  -9.568  27.590  -15.281 0.0000000000
118211  -10.550  27.333  -15.229 0.0000000000
118212  -11.548  27.544  -15.786 0.0000000000
118213  -12.202  27.054  -15.912 0.0000000000
118218  -7.941  27.365  -16.561 0.0000000000
118219  -8.300  27.831  -16.411 0.0000000000
118220  -11.795  28.117  -16.268 0.0000000000
118221  -12.412  27.661  -16.510 0.0000000000
118225  -7.841  27.636  -17.495 0.0000000000
118226  -8.066  27.832  -16.925 0.0000000000
118227  -13.081  27.854  -17.458 0.0000000000
118228  -13.501  28.078  -18.256 0.0000000000
118237  -7.116  27.813  -18.952 0.0000000000
118238  -7.468  27.282  -18.305 0.0000000000
118239  -13.683  28.126  -19.024 0.0000000000
118251  -6.840  27.476  -19.600 0.0000000000
118252  -13.596  27.925  -19.965 0.0000000000
118266  -6.563  27.333  -20.395 0.0000000000
119022  -8.926  27.961  -15.852 0.0000000000
119023  -9.254  28.031  -15.768 0.0000000000
119024  -9.973  28.143  -15.637 0.0000000000
119025  -10.702  28.101  -15.795 0.0000000000
119041  -8.870  28.290  -16.288 0.0000000000
119042  -9.524  28.566  -16.138 0.0000000000
119043  -10.260  28.848  -16.146 0.0000000000
119044  -11.207  28.582  -16.240 0.0000000000
119045  -11.947  28.672  -16.589 0.0000000000
119061  -7.970  28.333  -17.801 0.0000000000
119062  -8.307  28.408  -17.258 0.0000000000
119063  -12.620  28.682  -17.108 0.0000000000
119064  -13.145  28.786  -17.843 0.0000000000
119079  -7.272  28.378  -19.130 0.0000000000
119080  -7.697  28.552  -18.510 0.0000000000
119081  -8.070  28.726  -17.935 0.0000000000
119082  -13.525  28.918  -18.695 0.0000000000
119098  -7.059  28.240  -19.599 0.0000000000
119099  -7.398  28.817  -19.481 0.0000000000
119100  -13.683  28.823  -19.728 0.0000000000
119114  -6.810  28.148  -20.240 0.0000000000
119115  -7.147  28.710  -20.157 0.0000000000
119129  -6.691  28.377  -21.136 0.0000000000
119130  -6.928  28.594  -20.579 0.0000000000
119853  -9.217  28.777  -16.506 0.0000000000
119854  -9.545  29.231  -16.571 0.0000000000
119855  -10.112  29.533  -16.516 0.0000000000
119856  -10.774  29.498  -16.517 0.0000000000
119857  -11.460  29.272  -16.596 0.0000000000
119869  -8.916  29.016  -17.003 0.0000000000
119870  -9.279  29.675  -17.320 0.0000000000
119871  -11.288  29.855  -16.787 0.0000000000
119872  -12.042  29.664  -17.024 0.0000000000
119873  -12.706  29.405  -17.538 0.0000000000
119885  -7.974  29.230  -18.659 0.0000000000
119886  -8.496  29.488  -18.237 0.0000000000
119887  -9.236  30.117  -17.897 0.0000000000
119888  -12.509  30.064  -17.629 0.0000000000
119889  -13.057  29.810  -18.222 0.0000000000
119905  -7.927  29.508  -19.291 0.0000000000
119906  -8.431  29.928  -19.148 0.0000000000
119907  -13.393  29.880  -19.384 0.0000000000
119921  -7.451  29.379  -20.156 0.0000000000
119922  -13.532  29.549  -20.633 0.0000000000
119936  -6.945  29.529  -21.401 0.0000000000
119937  -7.087  29.078  -20.727 0.0000000000
119952  -6.564  29.069  -22.163 0.0000000000
120660  -9.774  29.798  -16.870 0.0000000000
120661  -10.270  30.021  -16.823 0.0000000000
120662  -10.816  30.138  -16.848 0.0000000000
120671  -9.782  30.274  -17.380 0.0000000000
120672  -10.446  30.523  -17.223 0.0000000000
120673  -11.276  30.534  -17.235 0.0000000000
120674  -12.014  30.436  -17.516 0.0000000000
120689  -9.075  30.393  -18.436 0.0000000000
120690  -9.567  30.679  -18.063 0.0000000000
120691  -11.687  30.962  -17.727 0.0000000000
120692  -12.423  30.861  -18.142 0.0000000000
120693  -13.033  30.561  -18.775 0.0000000000
120712  -8.157  30.311  -19.576 0.0000000000
120713  -8.670  30.563  -19.090 0.0000000000
120714  -12.785  31.231  -18.887 0.0000000000
120715  -13.128  30.902  -19.509 0.0000000000
120730  -7.178  30.710  -20.563 0.0000000000
120731  -7.548  30.406  -20.245 0.0000000000
120732  -13.320  30.517  -20.405 0.0000000000
120746  -6.879  30.537  -21.040 0.0000000000
120747  -7.278  29.786  -20.781 0.0000000000
120748  -12.717  30.721  -22.005 0.0000000000
120749  -13.131  30.248  -21.643 0.0000000000
120760  -5.753  30.503  -22.661 0.0000000000
120761  -6.461  30.279  -22.074 0.0000000000
121504  -10.042  30.791  -17.689 0.0000000000
121505  -10.559  31.067  -17.604 0.0000000000
121506  -11.168  31.251  -17.642 0.0000000000
121522  -9.132  31.146  -18.560 0.0000000000
121523  -9.809  31.454  -18.028 0.0000000000
121524  -10.647  31.812  -17.842 0.0000000000
121525  -11.588  31.778  -18.024 0.0000000000
121526  -12.345  31.902  -18.658 0.0000000000
121539  -7.341  31.418  -19.929 0.0000000000
121540  -7.807  31.193  -19.697 0.0000000000
121541  -8.441  31.549  -18.860 0.0000000000
121542  -12.750  31.833  -19.585 0.0000000000
121543  -13.088  31.271  -20.242 0.0000000000
121556  -7.082  31.208  -20.339 0.0000000000
121557  -7.509  30.943  -20.133 0.0000000000
121558  -12.702  31.814  -20.712 0.0000000000
121559  -13.034  31.088  -21.117 0.0000000000
121570  -5.734  31.733  -21.500 0.0000000000
121571  -6.126  31.534  -21.148 0.0000000000
121572  -12.159  31.977  -22.309 0.0000000000
121573  -12.448  31.510  -21.997 0.0000000000
121574  -12.815  30.881  -21.660 0.0000000000
121586  -5.219  31.857  -22.291 0.0000000000
121587  -5.602  31.455  -22.027 0.0000000000
121588  -6.273  30.930  -21.587 0.0000000000
121603  -4.923  31.869  -22.768 0.0000000000
121604  -5.224  31.008  -23.082 0.0000000000
121618  -4.686  31.539  -23.939 0.0000000000
122345  -8.298  32.514  -18.474 0.0000000000
122346  -8.747  32.187  -18.295 0.0000000000
122347  -9.895  32.537  -17.997 0.0000000000
122348  -10.894  32.747  -18.052 0.0000000000
122349  -11.736  32.740  -18.550 0.0000000000
122350  -12.254  32.656  -19.254 0.0000000000
122365  -7.145  31.876  -19.724 0.0000000000
122366  -7.882  32.297  -18.811 0.0000000000
122367  -8.314  31.984  -18.597 0.0000000000
122368  -11.970  32.988  -20.368 0.0000000000
122369  -12.272  32.717  -20.188 0.0000000000
122384  -5.763  32.550  -20.821 0.0000000000
122385  -6.164  32.312  -20.424 0.0000000000
122386  -11.900  32.863  -20.829 0.0000000000
122387  -12.319  32.298  -21.235 0.0000000000
122397  -5.261  32.415  -21.709 0.0000000000
122398  -5.568  32.283  -21.353 0.0000000000
122399  -5.905  32.014  -20.956 0.0000000000
122400  -11.853  32.412  -21.959 0.0000000000
122401  -12.270  32.121  -21.736 0.0000000000
122413  -5.132  32.258  -22.048 0.0000000000
122414  -5.416  31.985  -21.810 0.0000000000
122429  -4.710  32.656  -22.688 0.0000000000
122440  -4.547  32.590  -23.509 0.0000000000
122445  -4.344  32.580  -24.614 0.0000000000
123189  -8.339  33.044  -18.401 0.0000000000
123190  -9.168  33.350  -18.171 0.0000000000
123191  -10.152  33.553  -18.237 0.0000000000
123192  -11.042  33.629  -18.712 0.0000000000
123193  -11.779  33.296  -19.253 0.0000000000
123194  -12.056  33.053  -19.737 0.0000000000
123208  -6.863  32.985  -19.353 0.0000000000
123209  -7.601  33.598  -18.647 0.0000000000
123210  -11.282  33.798  -19.521 0.0000000000
123211  -11.721  33.343  -20.176 0.0000000000
123212  -12.047  33.070  -20.004 0.0000000000
123224  -5.662  33.089  -20.717 0.0000000000
123225  -6.159  33.639  -19.961 0.0000000000
123226  -10.889  33.574  -21.402 0.0000000000
123227  -11.248  33.348  -21.217 0.0000000000
123237  -5.107  32.712  -21.697 0.0000000000
123238  -5.238  33.486  -21.420 0.0000000000
123239  -10.779  33.515  -21.858 0.0000000000
123240  -11.047  32.937  -22.282 0.0000000000
123250  -4.749  33.226  -22.148 0.0000000000
123251  -4.929  34.073  -21.983 0.0000000000
123258  -4.585  33.422  -23.044 0.0000000000
123263  -4.390  33.543  -24.014 0.0000000000
123269  -4.316  33.622  -25.149 0.0000000000
124007  -8.447  34.277  -18.259 0.0000000000
124008  -9.509  34.414  -18.383 0.0000000000
124009  -10.270  34.364  -18.789 0.0000000000
124010  -10.692  34.320  -19.384 0.0000000000
124023  -6.866  34.388  -19.139 0.0000000000
124024  -7.613  34.641  -18.515 0.0000000000
124025  -10.886  34.062  -20.295 0.0000000000
124026  -11.225  33.640  -20.592 0.0000000000
124034  -5.719  34.382  -20.675 0.0000000000
124035  -6.309  34.746  -19.905 0.0000000000
124036  -10.734  33.878  -21.231 0.0000000000
124037  -11.008  33.730  -20.798 0.0000000000
124043  -5.319  34.639  -21.537 0.0000000000
124050  -4.718  34.031  -22.566 0.0000000000
124051  -5.092  34.879  -22.411 0.0000000000
124057  -4.654  34.470  -23.336 0.0000000000
124058  -4.972  35.376  -23.083 0.0000000000
124064  -4.471  34.538  -24.458 0.0000000000
124069  -4.432  34.609  -25.547 0.0000000000
124872  -8.124  35.399  -18.429 0.0000000000
124873  -9.011  35.370  -18.497 0.0000000000
124874  -9.891  35.338  -19.034 0.0000000000
124875  -10.289  34.801  -19.261 0.0000000000
124882  -6.776  35.596  -19.471 0.0000000000
124883  -7.397  35.468  -18.790 0.0000000000
124884  -10.144  35.799  -19.565 0.0000000000
124885  -10.319  35.150  -19.929 0.0000000000
124890  -5.615  35.335  -21.033 0.0000000000
124891  -6.180  35.686  -20.357 0.0000000000
124892  -10.287  34.712  -21.066 0.0000000000
124897  -5.469  35.635  -21.732 0.0000000000
124899  -9.972  35.137  -21.926 0.0000000000
124904  -5.284  35.956  -22.513 0.0000000000
124910  -4.645  35.419  -23.834 0.0000000000
124911  -4.960  36.194  -23.274 0.0000000000
124916  -4.602  35.494  -24.856 0.0000000000
125692  -7.920  36.102  -18.679 0.0000000000
125693  -8.613  36.350  -18.710 0.0000000000
125694  -9.360  36.240  -18.879 0.0000000000
125700  -6.799  36.644  -19.857 0.0000000000
125701  -7.524  36.524  -19.129 0.0000000000
125702  -8.119  36.607  -18.804 0.0000000000
125703  -9.952  36.378  -19.367 0.0000000000
125704  -10.379  36.302  -19.990 0.0000000000
125709  -5.838  36.232  -21.076 0.0000000000
125710  -6.364  36.816  -20.557 0.0000000000
125711  -10.195  35.912  -21.100 0.0000000000
125717  -5.702  36.752  -21.836 0.0000000000
125718  -6.095  37.058  -21.142 0.0000000000
125720  -9.915  35.887  -22.295 0.0000000000
125724  -5.327  36.938  -22.700 0.0000000000
125731  -4.620  36.387  -24.119 0.0000000000
125732  -4.943  37.106  -23.459 0.0000000000
125739  -4.511  36.452  -25.180 0.0000000000
126477  -8.921  36.946  -18.765 0.0000000000
126478  -9.108  36.713  -18.787 0.0000000000
126484  -6.756  37.412  -20.159 0.0000000000
126485  -7.392  37.773  -19.620 0.0000000000
126486  -8.448  37.352  -18.948 0.0000000000
126487  -9.497  37.243  -19.025 0.0000000000
126488  -10.298  37.305  -19.751 0.0000000000
126492  -6.493  37.879  -20.743 0.0000000000
126493  -6.882  37.914  -20.143 0.0000000000
126494  -10.486  37.186  -20.754 0.0000000000
126501  -5.699  37.860  -22.160 0.0000000000
126502  -6.011  37.636  -21.476 0.0000000000
126503  -10.312  37.010  -22.104 0.0000000000
126508  -5.309  37.788  -22.980 0.0000000000
126513  -4.670  37.584  -24.293 0.0000000000
126514  -5.020  37.714  -23.540 0.0000000000
127256  -7.685  38.985  -19.788 0.0000000000
127257  -8.354  38.617  -19.372 0.0000000000
127258  -9.243  38.407  -19.247 0.0000000000
127259  -10.100  38.328  -19.553 0.0000000000
127264  -6.710  39.022  -20.782 0.0000000000
127265  -7.056  38.547  -20.197 0.0000000000
127266  -10.499  38.301  -20.388 0.0000000000
127273  -5.830  38.531  -22.072 0.0000000000
127274  -6.157  38.629  -21.576 0.0000000000
127275  -10.542  38.268  -21.576 0.0000000000
127278  -5.603  38.764  -22.564 0.0000000000
127279  -5.902  38.876  -22.053 0.0000000000
127281  -10.145  38.176  -22.763 0.0000000000
127285  -4.763  38.821  -24.079 0.0000000000
127286  -5.122  38.367  -23.451 0.0000000000
127293  -4.369  38.442  -25.077 0.0000000000
127966  -7.791  39.667  -19.810 0.0000000000
127967  -8.296  39.584  -19.621 0.0000000000
127968  -9.080  39.445  -19.522 0.0000000000
127969  -9.829  39.277  -19.643 0.0000000000
127976  -6.788  39.729  -20.715 0.0000000000
127977  -7.270  39.696  -20.218 0.0000000000
127978  -10.316  39.230  -20.121 0.0000000000
127985  -6.484  39.680  -21.267 0.0000000000
127986  -10.556  39.360  -21.048 0.0000000000
127991  -5.645  39.576  -22.548 0.0000000000
127992  -6.014  39.590  -22.035 0.0000000000
127994  -10.013  39.492  -22.490 0.0000000000
127999  -4.783  39.509  -23.936 0.0000000000
128000  -5.208  39.553  -23.258 0.0000000000
128008  -4.480  39.466  -24.573 0.0000000000
128719  -7.995  40.392  -19.753 0.0000000000
128720  -8.869  40.372  -19.587 0.0000000000
128721  -9.780  40.335  -19.838 0.0000000000
128722  -10.097  39.775  -19.982 0.0000000000
128729  -6.859  40.521  -20.738 0.0000000000
128730  -7.456  40.702  -20.158 0.0000000000
128731  -10.154  40.812  -20.314 0.0000000000
128732  -10.182  40.172  -20.525 0.0000000000
128739  -5.957  40.718  -22.052 0.0000000000
128740  -6.227  40.633  -21.708 0.0000000000
128741  -10.222  40.387  -21.583 0.0000000000
128746  -5.741  40.419  -22.390 0.0000000000
128747  -6.025  40.205  -22.051 0.0000000000
128749  -9.740  40.677  -22.590 0.0000000000
128754  -4.752  40.202  -23.946 0.0000000000
128755  -5.222  40.799  -23.275 0.0000000000
128763  -4.320  40.412  -24.808 0.0000000000
129515  -7.933  41.491  -19.858 0.0000000000
129516  -8.630  41.194  -19.631 0.0000000000
129517  -9.358  41.228  -19.691 0.0000000000
129524  -6.811  41.793  -21.033 0.0000000000
129525  -7.318  41.407  -20.375 0.0000000000
129526  -9.976  41.394  -20.189 0.0000000000
129527  -10.265  41.232  -20.966 0.0000000000
129532  -5.906  41.131  -22.095 0.0000000000
129533  -6.227  41.711  -21.784 0.0000000000
129534  -10.146  41.271  -22.037 0.0000000000
129541  -5.584  41.631  -22.677 0.0000000000
129542  -5.919  41.701  -22.168 0.0000000000
129544  -9.716  41.281  -22.657 0.0000000000
129549  -4.757  41.456  -24.068 0.0000000000
129550  -5.226  41.541  -23.361 0.0000000000
130342  -8.176  42.172  -19.875 0.0000000000
130343  -8.621  41.946  -19.687 0.0000000000
130344  -9.036  41.687  -19.622 0.0000000000
130351  -6.995  43.078  -20.905 0.0000000000
130352  -7.659  42.512  -20.280 0.0000000000
130353  -8.566  42.654  -19.999 0.0000000000
130354  -9.407  42.258  -20.011 0.0000000000
130355  -10.035  42.242  -20.791 0.0000000000
130359  -6.501  42.700  -21.571 0.0000000000
130360  -10.133  42.105  -21.700 0.0000000000
130367  -5.671  42.851  -22.767 0.0000000000
130368  -6.025  42.332  -22.189 0.0000000000
130369  -9.375  42.228  -23.228 0.0000000000
130370  -9.760  41.838  -22.591 0.0000000000
130374  -4.652  42.810  -23.949 0.0000000000
130375  -5.231  42.282  -23.392 0.0000000000
131210  -7.120  43.698  -20.966 0.0000000000
131211  -7.564  43.803  -20.661 0.0000000000
131212  -8.360  43.500  -20.351 0.0000000000
131213  -9.117  43.309  -20.338 0.0000000000
131214  -9.644  43.134  -20.781 0.0000000000
131220  -6.817  43.879  -21.406 0.0000000000
131221  -7.194  44.014  -20.991 0.0000000000
131222  -9.901  43.035  -21.512 0.0000000000
131228  -5.741  44.025  -22.792 0.0000000000
131229  -6.218  43.418  -22.169 0.0000000000
131230  -9.480  42.697  -23.048 0.0000000000
131231  -9.758  42.763  -22.485 0.0000000000
131236  -4.684  44.006  -23.988 0.0000000000
131237  -5.239  43.439  -23.411 0.0000000000
131240  -9.535  42.926  -22.957 0.0000000000
132035  -7.754  44.508  -20.611 0.0000000000
132036  -8.211  44.398  -20.468 0.0000000000
132037  -8.965  44.262  -20.539 0.0000000000
132038  -9.415  43.849  -20.771 0.0000000000
132045  -6.867  44.691  -21.525 0.0000000000
132046  -7.352  44.659  -21.020 0.0000000000
132047  -9.418  44.447  -20.934 0.0000000000
132048  -9.738  43.991  -21.309 0.0000000000
132054  -5.736  45.008  -22.823 0.0000000000
132055  -6.373  44.768  -22.144 0.0000000000
132056  -9.836  44.342  -22.376 0.0000000000
132057  -9.935  43.829  -22.179 0.0000000000
132062  -4.770  44.960  -24.111 0.0000000000
132063  -5.249  44.698  -23.469 0.0000000000
132064  -9.784  44.035  -22.998 0.0000000000
132065  -9.665  43.300  -22.819 0.0000000000
132882  -7.931  45.110  -20.497 0.0000000000
132883  -8.670  45.112  -20.540 0.0000000000
132884  -9.210  45.042  -20.839 0.0000000000
132891  -7.002  45.449  -21.578 0.0000000000
132892  -7.658  45.790  -21.004 0.0000000000
132893  -9.499  44.960  -21.387 0.0000000000
132894  -9.789  44.462  -21.837 0.0000000000
132900  -6.049  45.675  -22.638 0.0000000000
132901  -6.570  46.019  -22.182 0.0000000000
132902  -9.756  44.987  -22.249 0.0000000000
132903  -9.843  44.431  -22.142 0.0000000000
132907  -4.983  45.603  -23.816 0.0000000000
132908  -5.512  45.867  -23.251 0.0000000000
132909  -9.517  45.051  -23.323 0.0000000000
132915  -4.430  45.841  -24.387 0.0000000000
133639  -8.418  45.904  -20.698 0.0000000000
133640  -9.124  45.779  -20.795 0.0000000000
133641  -9.346  45.518  -21.097 0.0000000000
133646  -7.229  46.747  -21.641 0.0000000000
133647  -8.091  46.784  -20.940 0.0000000000
133648  -8.986  46.694  -20.834 0.0000000000
133649  -9.504  46.160  -21.482 0.0000000000
133655  -6.064  46.720  -22.756 0.0000000000
133656  -6.654  46.762  -22.241 0.0000000000
133657  -9.652  46.161  -22.642 0.0000000000
133662  -4.927  46.685  -23.840 0.0000000000
133663  -5.504  46.694  -23.301 0.0000000000
133664  -9.311  46.074  -23.604 0.0000000000
133670  -3.870  46.704  -25.013 0.0000000000
133671  -4.426  46.662  -24.437 0.0000000000
134383  -7.206  47.851  -21.658 0.0000000000
134384  -7.748  47.724  -21.158 0.0000000000
134385  -8.597  47.662  -20.977 0.0000000000
134386  -9.299  47.481  -21.364 0.0000000000
134392  -5.953  47.701  -22.672 0.0000000000
134393  -6.643  47.553  -22.240 0.0000000000
134394  -9.652  47.320  -22.128 0.0000000000
134398  -4.758  47.906  -23.826 0.0000000000
134399  -5.424  47.515  -23.241 0.0000000000
134400  -9.497  47.144  -23.198 0.0000000000
134405  -3.765  47.910  -24.938 0.0000000000
134406  -4.380  47.415  -24.445 0.0000000000
134408  -9.125  46.767  -24.090 0.0000000000
135103  -6.790  48.542  -21.803 0.0000000000
135104  -7.449  48.592  -21.359 0.0000000000
135105  -8.203  48.579  -21.112 0.0000000000
135106  -8.984  48.443  -21.331 0.0000000000
135112  -5.564  48.300  -22.791 0.0000000000
135113  -6.128  48.460  -22.344 0.0000000000
135114  -9.399  48.332  -21.848 0.0000000000
135119  -4.582  48.624  -23.755 0.0000000000
135120  -5.010  48.605  -23.262 0.0000000000
135121  -9.367  48.272  -22.759 0.0000000000
135126  -3.647  48.644  -24.899 0.0000000000
135127  -4.156  48.596  -24.332 0.0000000000
135129  -9.134  48.047  -23.933 0.0000000000
135770  -7.087  49.374  -21.526 0.0000000000
135771  -7.830  49.382  -21.327 0.0000000000
135772  -8.659  49.358  -21.637 0.0000000000
135773  -9.111  48.887  -21.731 0.0000000000
135779  -4.865  49.741  -22.919 0.0000000000
135780  -5.463  49.290  -22.565 0.0000000000
135781  -6.335  49.359  -21.923 0.0000000000
135782  -8.843  49.692  -22.120 0.0000000000
135783  -9.153  49.255  -22.294 0.0000000000
135789  -3.894  49.834  -24.128 0.0000000000
135790  -4.431  49.420  -23.599 0.0000000000
135791  -4.918  49.249  -23.071 0.0000000000
135792  -8.792  49.879  -23.780 0.0000000000
135793  -9.149  49.350  -23.284 0.0000000000
135799  -3.463  49.481  -24.808 0.0000000000
135800  -3.979  49.333  -24.216 0.0000000000
135801  -8.737  49.187  -24.353 0.0000000000
136430  -6.833  50.190  -21.712 0.0000000000
136431  -7.543  50.087  -21.562 0.0000000000
136432  -8.182  50.052  -21.645 0.0000000000
136437  -4.496  50.405  -23.021 0.0000000000
136438  -5.179  50.405  -22.521 0.0000000000
136439  -6.030  50.296  -22.091 0.0000000000
136440  -8.581  50.137  -22.129 0.0000000000
136441  -8.829  49.882  -22.470 0.0000000000
136446  -3.514  50.482  -24.274 0.0000000000
136447  -4.006  50.442  -23.667 0.0000000000
136448  -8.701  50.547  -23.004 0.0000000000
136449  -8.972  49.776  -22.764 0.0000000000
136454  -2.897  50.551  -24.844 0.0000000000
137113  -7.412  50.730  -21.740 0.0000000000
137114  -7.988  50.633  -21.770 0.0000000000
137115  -8.306  50.436  -21.908 0.0000000000
137119  -3.847  51.950  -22.967 0.0000000000
137120  -4.663  51.422  -22.591 0.0000000000
137121  -5.714  51.310  -22.188 0.0000000000
137122  -6.797  51.194  -21.863 0.0000000000
137123  -7.869  51.362  -22.051 0.0000000000
137124  -8.320  50.765  -22.221 0.0000000000
137129  -2.866  52.063  -24.180 0.0000000000
137130  -3.495  51.401  -23.706 0.0000000000
137131  -4.068  51.102  -23.149 0.0000000000
137136  -3.044  51.194  -24.374 0.0000000000
137825  -3.756  52.681  -22.904 0.0000000000
137826  -4.327  52.543  -22.582 0.0000000000
137827  -5.280  52.329  -22.209 0.0000000000
137828  -6.356  52.171  -22.000 0.0000000000
137829  -7.333  52.047  -22.060 0.0000000000
137833  -2.872  52.835  -24.162 0.0000000000
137834  -3.326  52.743  -23.548 0.0000000000
138534  -3.748  53.542  -22.850 0.0000000000
138535  -4.750  53.339  -22.218 0.0000000000
138536  -5.843  53.127  -21.947 0.0000000000
138537  -6.972  52.825  -22.163 0.0000000000
138542  -3.236  53.677  -23.497 0.0000000000
139245  -3.620  54.452  -22.829 0.0000000000
139246  -4.225  54.325  -22.416 0.0000000000
139247  -5.232  54.145  -22.068 0.0000000000
139248  -6.409  53.777  -22.303 0.0000000000
139249  -7.227  53.146  -22.501 0.0000000000
139254  -3.045  54.593  -23.355 0.0000000000
139255  -7.211  53.506  -22.777 0.0000000000
139903  -4.944  55.721  -22.019 0.0000000000
139904  -5.272  55.742  -22.110 0.0000000000
139908  -3.498  55.318  -22.802 0.0000000000
139909  -4.624  55.140  -22.169 0.0000000000
139910  -5.644  55.076  -22.236 0.0000000000
139911  -6.680  54.428  -22.843 0.0000000000
139914  -2.922  55.320  -23.286 0.0000000000
139915  -7.517  53.682  -23.359 0.0000000000
140537  -4.749  56.001  -22.055 0.0000000000
140538  -5.000  56.014  -21.983 0.0000000000
140544  -4.408  56.225  -22.308 0.0000000000
140545  -5.563  56.105  -22.395 0.0000000000
140546  -6.302  55.369  -22.755 0.0000000000
140552  -6.285  56.011  -23.022 0.0000000000
141167  -5.193  57.308  -22.815 0.0000000000
148702  -18.995  18.747  -18.439 0.0000000000
148703  -19.611  18.619  -18.995 0.0000000000
148859  -8.409  50.273  -24.447 0.0000000000
148863  -8.392  51.166  -23.750 0.0000000000
148866  -8.189  52.313  -22.928 0.0000000000
148867  -8.262  51.259  -22.558 0.0000000000
