#!ascii label  , from subject ab_data vox2ras=TkReg
815
114622  -5.039  23.169  -17.353 0.0000000000
114634  -4.883  23.255  -17.773 0.0000000000
114635  -5.177  23.572  -17.375 0.0000000000
114644  -4.581  23.320  -18.587 0.0000000000
115624  -5.302  24.556  -16.432 0.0000000000
115633  -5.187  23.759  -17.614 0.0000000000
115634  -5.336  24.365  -17.335 0.0000000000
115642  -5.120  23.951  -18.102 0.0000000000
115643  -5.300  24.797  -18.253 0.0000000000
115651  -4.905  24.408  -19.109 0.0000000000
115652  -5.204  25.039  -18.792 0.0000000000
116536  -4.596  25.730  -16.143 0.0000000000
116537  -5.150  25.422  -16.687 0.0000000000
116542  -5.375  25.458  -17.647 0.0000000000
116551  -5.342  25.617  -18.604 0.0000000000
116561  -4.827  25.371  -19.869 0.0000000000
116562  -5.101  25.315  -19.171 0.0000000000
116572  -4.399  25.268  -20.633 0.0000000000
117404  -4.737  26.219  -16.406 0.0000000000
117405  -5.188  26.274  -17.152 0.0000000000
117410  -5.519  26.290  -18.064 0.0000000000
117416  -5.445  26.355  -18.837 0.0000000000
117427  -4.891  25.988  -19.898 0.0000000000
117428  -5.120  26.062  -19.455 0.0000000000
117444  -4.717  26.172  -20.408 0.0000000000
117445  -4.944  26.234  -19.921 0.0000000000
117464  -3.915  26.361  -21.959 0.0000000000
117465  -4.251  25.821  -21.236 0.0000000000
118207  -5.238  27.613  -15.264 0.0000000000
118216  -4.562  26.569  -16.033 0.0000000000
118217  -5.124  27.121  -16.397 0.0000000000
118224  -5.503  27.120  -17.648 0.0000000000
118236  -5.620  27.018  -18.610 0.0000000000
118250  -5.461  26.846  -19.403 0.0000000000
118264  -4.798  27.149  -20.536 0.0000000000
118265  -5.110  26.645  -19.987 0.0000000000
118279  -3.994  27.386  -21.857 0.0000000000
118280  -4.395  26.782  -21.199 0.0000000000
118296  -3.509  26.965  -22.664 0.0000000000
119021  -5.671  28.443  -14.885 0.0000000000
119040  -5.276  28.529  -16.060 0.0000000000
119060  -5.561  28.147  -17.305 0.0000000000
119078  -5.740  27.909  -18.368 0.0000000000
119096  -5.184  28.368  -19.777 0.0000000000
119097  -5.618  27.685  -19.264 0.0000000000
119112  -4.787  28.052  -20.436 0.0000000000
119113  -5.297  27.456  -19.999 0.0000000000
119127  -3.996  28.378  -21.683 0.0000000000
119128  -4.405  27.749  -21.107 0.0000000000
119141  -2.887  28.582  -22.958 0.0000000000
119142  -3.543  28.004  -22.492 0.0000000000
119159  -2.912  27.555  -23.235 0.0000000000
119804  -5.876  29.482  -13.671 0.0000000000
119821  -6.142  29.027  -14.409 0.0000000000
119822  -6.150  29.313  -13.897 0.0000000000
119839  -5.769  29.369  -15.190 0.0000000000
119851  -4.985  30.131  -16.850 0.0000000000
119852  -5.141  29.891  -16.360 0.0000000000
119867  -4.873  30.037  -17.207 0.0000000000
119868  -5.233  29.239  -17.205 0.0000000000
119883  -4.809  29.781  -18.094 0.0000000000
119884  -5.429  28.910  -18.243 0.0000000000
119902  -4.050  30.020  -19.740 0.0000000000
119903  -4.741  29.433  -19.317 0.0000000000
119904  -5.451  28.502  -19.037 0.0000000000
119919  -4.135  29.556  -20.419 0.0000000000
119920  -4.682  28.859  -20.204 0.0000000000
119933  -3.111  29.746  -21.667 0.0000000000
119934  -3.834  29.280  -21.352 0.0000000000
119935  -4.366  28.688  -20.903 0.0000000000
119948  -1.997  29.975  -22.681 0.0000000000
119949  -2.713  29.463  -22.489 0.0000000000
119950  -3.478  28.992  -22.207 0.0000000000
119968  -2.112  29.121  -23.242 0.0000000000
120630  -4.741  30.492  -13.418 0.0000000000
120631  -5.660  30.290  -13.677 0.0000000000
120632  -6.076  29.730  -13.840 0.0000000000
120643  -6.126  30.051  -14.281 0.0000000000
120644  -6.225  29.634  -14.006 0.0000000000
120653  -5.721  30.534  -15.425 0.0000000000
120658  -4.943  30.474  -16.970 0.0000000000
120659  -5.331  30.919  -16.396 0.0000000000
120669  -3.946  30.913  -18.100 0.0000000000
120670  -4.359  30.706  -17.792 0.0000000000
120686  -3.218  30.987  -18.722 0.0000000000
120687  -3.597  30.886  -18.482 0.0000000000
120688  -4.221  30.252  -18.731 0.0000000000
120709  -3.074  30.898  -19.008 0.0000000000
120710  -3.595  30.442  -19.313 0.0000000000
120711  -4.178  30.096  -19.298 0.0000000000
120728  -2.844  30.793  -19.833 0.0000000000
120729  -3.422  30.216  -20.199 0.0000000000
120743  -2.138  31.005  -21.273 0.0000000000
120744  -2.626  30.583  -21.007 0.0000000000
120745  -3.428  29.891  -20.932 0.0000000000
120758  -1.952  30.756  -21.890 0.0000000000
120759  -2.507  30.150  -21.973 0.0000000000
121464  -4.105  31.469  -13.503 0.0000000000
121465  -5.129  31.405  -13.552 0.0000000000
121466  -5.688  31.310  -14.084 0.0000000000
121472  -6.006  31.476  -14.834 0.0000000000
121473  -6.195  32.111  -15.362 0.0000000000
121479  -5.864  31.546  -15.790 0.0000000000
121480  -6.176  32.336  -16.040 0.0000000000
121487  -4.914  31.166  -17.127 0.0000000000
121488  -5.527  31.944  -16.826 0.0000000000
121489  -5.999  32.713  -16.588 0.0000000000
121501  -3.932  31.179  -18.030 0.0000000000
121502  -4.455  31.790  -17.664 0.0000000000
121503  -5.048  32.507  -17.401 0.0000000000
121519  -3.137  31.261  -18.759 0.0000000000
121520  -3.563  31.697  -18.335 0.0000000000
121521  -3.948  32.385  -18.183 0.0000000000
121538  -2.746  31.447  -19.367 0.0000000000
121554  -2.046  31.788  -20.900 0.0000000000
121555  -2.273  31.615  -20.447 0.0000000000
121568  -1.925  31.545  -21.283 0.0000000000
121569  -2.234  31.190  -20.996 0.0000000000
121585  -1.572  31.521  -22.249 0.0000000000
122285  -4.616  32.443  -13.492 0.0000000000
122286  -5.428  32.398  -13.800 0.0000000000
122287  -5.887  32.394  -14.388 0.0000000000
122296  -6.188  32.423  -14.912 0.0000000000
122297  -6.316  32.825  -15.435 0.0000000000
122306  -6.290  33.117  -16.128 0.0000000000
122315  -5.603  32.900  -17.088 0.0000000000
122316  -6.028  33.380  -16.722 0.0000000000
122328  -4.494  32.755  -17.839 0.0000000000
122329  -5.043  33.224  -17.515 0.0000000000
122342  -2.996  31.873  -18.888 0.0000000000
122343  -3.294  32.611  -18.746 0.0000000000
122344  -3.978  33.129  -18.395 0.0000000000
122363  -2.604  32.411  -19.534 0.0000000000
122364  -2.863  33.210  -19.294 0.0000000000
122382  -1.895  32.180  -20.953 0.0000000000
122383  -2.036  32.726  -20.384 0.0000000000
122396  -1.613  32.328  -21.644 0.0000000000
123126  -5.106  33.423  -13.599 0.0000000000
123127  -5.722  33.380  -14.128 0.0000000000
123139  -6.167  33.352  -14.808 0.0000000000
123140  -6.350  33.685  -15.596 0.0000000000
123148  -6.277  33.880  -16.315 0.0000000000
123154  -5.564  33.771  -17.213 0.0000000000
123155  -6.012  33.998  -16.814 0.0000000000
123169  -4.572  33.538  -18.034 0.0000000000
123170  -5.021  33.906  -17.667 0.0000000000
123187  -3.395  33.592  -18.936 0.0000000000
123188  -4.112  33.981  -18.625 0.0000000000
123206  -2.340  33.429  -19.903 0.0000000000
123207  -2.741  34.035  -19.486 0.0000000000
123222  -1.559  33.047  -21.064 0.0000000000
123223  -1.770  33.698  -20.551 0.0000000000
123236  -1.440  33.216  -21.801 0.0000000000
123941  -5.487  34.368  -13.993 0.0000000000
123954  -5.999  34.358  -14.503 0.0000000000
123955  -6.329  34.432  -15.155 0.0000000000
123963  -6.458  34.535  -15.931 0.0000000000
123970  -5.855  34.374  -17.146 0.0000000000
123971  -6.237  34.619  -16.708 0.0000000000
123986  -4.743  34.301  -18.194 0.0000000000
123987  -5.412  34.640  -17.715 0.0000000000
123988  -5.960  34.886  -17.282 0.0000000000
124004  -3.407  34.642  -19.176 0.0000000000
124005  -4.305  34.853  -18.742 0.0000000000
124006  -4.928  34.976  -18.354 0.0000000000
124020  -1.471  34.753  -20.749 0.0000000000
124021  -1.976  34.502  -20.189 0.0000000000
124022  -2.572  34.859  -19.642 0.0000000000
124032  -1.412  34.197  -21.210 0.0000000000
124033  -1.602  34.290  -20.657 0.0000000000
124042  -1.250  33.994  -21.913 0.0000000000
124048  -1.582  34.131  -22.227 0.0000000000
124049  -2.147  34.150  -22.609 0.0000000000
124056  -2.557  34.284  -23.354 0.0000000000
124063  -2.625  34.504  -24.358 0.0000000000
124827  -5.879  35.282  -14.266 0.0000000000
124828  -6.313  35.336  -14.821 0.0000000000
124836  -6.506  35.327  -15.575 0.0000000000
124845  -6.454  35.324  -16.352 0.0000000000
124858  -5.768  35.470  -17.613 0.0000000000
124859  -6.203  35.417  -17.045 0.0000000000
124869  -3.759  35.656  -19.116 0.0000000000
124870  -4.583  35.673  -18.627 0.0000000000
124871  -5.278  35.527  -18.178 0.0000000000
124879  -1.462  35.429  -20.592 0.0000000000
124880  -2.021  35.533  -20.024 0.0000000000
124881  -2.813  35.609  -19.506 0.0000000000
124888  -1.262  35.611  -21.322 0.0000000000
124889  -1.215  35.329  -21.100 0.0000000000
124894  -1.286  35.840  -21.414 0.0000000000
124895  -1.432  35.131  -21.616 0.0000000000
124896  -2.073  35.269  -22.071 0.0000000000
124902  -1.886  34.755  -22.149 0.0000000000
124903  -2.440  35.104  -22.520 0.0000000000
124908  -2.813  35.419  -23.477 0.0000000000
124909  -2.941  36.121  -23.824 0.0000000000
124914  -2.716  35.687  -24.526 0.0000000000
124915  -2.870  36.493  -24.229 0.0000000000
125641  -6.008  37.010  -14.155 0.0000000000
125652  -5.804  35.867  -14.004 0.0000000000
125653  -6.214  36.376  -14.456 0.0000000000
125661  -6.572  36.239  -15.319 0.0000000000
125671  -6.565  36.101  -16.115 0.0000000000
125682  -5.979  36.281  -17.365 0.0000000000
125683  -6.361  35.973  -16.738 0.0000000000
125689  -4.105  36.678  -18.919 0.0000000000
125690  -4.994  36.377  -18.383 0.0000000000
125691  -5.543  36.111  -17.939 0.0000000000
125697  -1.363  36.346  -20.490 0.0000000000
125698  -2.117  36.483  -19.853 0.0000000000
125699  -3.097  36.526  -19.380 0.0000000000
125707  -0.940  36.069  -21.117 0.0000000000
125708  -0.964  36.091  -20.926 0.0000000000
125714  -1.182  36.072  -21.394 0.0000000000
125715  -1.714  36.017  -21.688 0.0000000000
125716  -2.305  35.897  -22.094 0.0000000000
125722  -2.811  36.128  -22.622 0.0000000000
125723  -3.121  36.655  -22.959 0.0000000000
125729  -2.994  36.224  -23.296 0.0000000000
125730  -3.107  36.813  -23.611 0.0000000000
125737  -2.588  36.671  -24.876 0.0000000000
125738  -2.876  37.195  -24.308 0.0000000000
126441  -6.338  37.527  -14.517 0.0000000000
126449  -6.706  37.265  -15.181 0.0000000000
126460  -6.706  37.019  -16.018 0.0000000000
126469  -5.982  37.340  -17.421 0.0000000000
126470  -6.360  36.741  -16.739 0.0000000000
126474  -3.946  37.811  -18.934 0.0000000000
126475  -4.777  37.368  -18.476 0.0000000000
126476  -5.475  36.910  -17.962 0.0000000000
126481  -1.288  37.533  -20.373 0.0000000000
126482  -2.432  37.424  -19.641 0.0000000000
126483  -3.347  37.331  -19.273 0.0000000000
126490  -0.897  36.456  -21.139 0.0000000000
126491  -0.639  37.062  -20.974 0.0000000000
126497  -1.024  36.316  -21.302 0.0000000000
126498  -1.143  36.873  -21.359 0.0000000000
126499  -2.534  36.979  -21.911 0.0000000000
126500  -3.125  37.718  -22.108 0.0000000000
126506  -2.986  36.782  -22.526 0.0000000000
126507  -3.270  37.396  -22.803 0.0000000000
126512  -3.156  37.657  -23.811 0.0000000000
126520  -2.849  37.750  -24.319 0.0000000000
127221  -6.609  38.369  -15.149 0.0000000000
127231  -6.632  38.073  -15.996 0.0000000000
127239  -6.017  38.404  -17.436 0.0000000000
127240  -6.461  37.707  -16.775 0.0000000000
127246  -3.719  38.809  -19.007 0.0000000000
127247  -4.617  38.449  -18.594 0.0000000000
127248  -5.471  37.966  -18.119 0.0000000000
127253  -0.685  38.764  -20.343 0.0000000000
127254  -1.902  38.490  -19.865 0.0000000000
127255  -3.030  38.219  -19.362 0.0000000000
127262  0.145  39.039  -21.195 0.0000000000
127263  -0.221  38.239  -20.828 0.0000000000
127269  0.089  39.133  -21.530 0.0000000000
127270  -0.413  38.408  -21.337 0.0000000000
127271  -1.782  38.158  -21.340 0.0000000000
127272  -2.917  38.243  -21.715 0.0000000000
127277  -3.345  38.387  -22.423 0.0000000000
127284  -3.299  38.453  -23.413 0.0000000000
127292  -2.900  38.351  -24.237 0.0000000000
127946  -6.533  39.415  -14.974 0.0000000000
127951  -6.102  39.714  -16.612 0.0000000000
127952  -6.365  39.393  -16.100 0.0000000000
127955  -5.960  39.421  -17.039 0.0000000000
127956  -6.340  38.611  -16.700 0.0000000000
127958  -3.561  39.483  -18.964 0.0000000000
127959  -4.230  39.410  -18.649 0.0000000000
127960  -5.251  39.274  -18.040 0.0000000000
127962  0.166  40.175  -20.656 0.0000000000
127963  -0.158  39.817  -20.382 0.0000000000
127964  -1.252  39.543  -19.801 0.0000000000
127965  -2.722  39.434  -19.359 0.0000000000
127972  0.229  39.870  -20.946 0.0000000000
127973  0.027  39.105  -20.726 0.0000000000
127974  -1.589  39.831  -21.531 0.0000000000
127975  -1.937  39.761  -21.454 0.0000000000
127981  0.196  39.651  -21.509 0.0000000000
127982  -0.058  39.423  -21.772 0.0000000000
127983  -1.159  39.462  -21.603 0.0000000000
127984  -2.538  39.234  -21.418 0.0000000000
127990  -3.287  39.214  -21.928 0.0000000000
127998  -3.333  39.380  -22.923 0.0000000000
128007  -2.946  39.517  -24.100 0.0000000000
128695  -6.654  40.378  -14.693 0.0000000000
128699  -6.491  40.321  -15.536 0.0000000000
128702  -5.916  40.301  -16.646 0.0000000000
128703  -6.307  40.252  -16.103 0.0000000000
128706  -4.839  40.653  -17.819 0.0000000000
128707  -5.390  40.129  -17.466 0.0000000000
128709  -2.451  40.880  -19.005 0.0000000000
128710  -3.440  40.243  -18.764 0.0000000000
128711  -4.524  40.123  -18.278 0.0000000000
128712  -5.047  40.065  -17.946 0.0000000000
128715  0.206  40.840  -20.562 0.0000000000
128716  -0.619  40.541  -19.761 0.0000000000
128717  -1.853  40.315  -19.400 0.0000000000
128718  -2.654  40.230  -19.154 0.0000000000
128725  0.145  40.574  -21.422 0.0000000000
128726  -0.607  40.697  -21.536 0.0000000000
128727  -1.684  40.278  -21.392 0.0000000000
128728  -2.578  40.050  -21.293 0.0000000000
128735  0.121  39.920  -21.713 0.0000000000
128736  -0.256  40.047  -21.767 0.0000000000
128737  -0.855  40.129  -21.641 0.0000000000
128738  -3.197  40.069  -21.478 0.0000000000
128745  -3.478  40.213  -22.278 0.0000000000
128752  -2.662  40.853  -24.027 0.0000000000
128753  -3.039  40.547  -23.536 0.0000000000
128762  -2.793  40.209  -24.103 0.0000000000
129494  -6.825  41.450  -15.242 0.0000000000
129495  -7.084  41.668  -14.644 0.0000000000
129498  -5.859  41.512  -16.695 0.0000000000
129499  -6.356  40.989  -16.086 0.0000000000
129502  -4.607  41.543  -17.725 0.0000000000
129503  -5.317  41.035  -17.274 0.0000000000
129506  -1.013  42.281  -19.271 0.0000000000
129507  -2.018  41.784  -18.704 0.0000000000
129508  -3.123  41.384  -18.566 0.0000000000
129509  -4.079  40.995  -18.235 0.0000000000
129512  0.273  42.251  -20.488 0.0000000000
129513  -0.285  41.656  -19.809 0.0000000000
129514  -1.401  41.258  -19.359 0.0000000000
129519  0.252  41.919  -21.070 0.0000000000
129520  -0.222  41.705  -21.407 0.0000000000
129521  -1.514  41.336  -20.957 0.0000000000
129522  -3.142  41.006  -20.802 0.0000000000
129523  -3.853  41.735  -20.829 0.0000000000
129530  -3.673  40.875  -21.650 0.0000000000
129531  -3.938  41.471  -21.298 0.0000000000
129539  -3.559  41.370  -22.506 0.0000000000
129540  -3.870  41.412  -21.828 0.0000000000
129547  -2.639  41.464  -23.912 0.0000000000
129548  -3.124  41.370  -23.285 0.0000000000
130316  -6.933  42.736  -15.465 0.0000000000
130317  -7.223  42.286  -14.727 0.0000000000
130324  -5.729  42.608  -16.689 0.0000000000
130325  -6.452  42.091  -16.140 0.0000000000
130328  -3.459  42.973  -18.058 0.0000000000
130329  -4.373  42.530  -17.661 0.0000000000
130330  -5.166  42.051  -17.217 0.0000000000
130333  -1.641  42.796  -18.636 0.0000000000
130334  -2.766  42.386  -18.431 0.0000000000
130335  -3.797  41.993  -18.196 0.0000000000
130339  -1.805  43.263  -20.400 0.0000000000
130340  -3.282  43.053  -19.981 0.0000000000
130341  -4.087  43.138  -19.924 0.0000000000
130347  0.191  42.795  -21.422 0.0000000000
130348  -0.963  42.533  -21.048 0.0000000000
130349  -2.498  42.196  -20.458 0.0000000000
130350  -3.857  42.459  -20.445 0.0000000000
130358  -4.251  42.212  -21.123 0.0000000000
130365  -3.718  42.529  -22.507 0.0000000000
130366  -4.015  41.969  -21.849 0.0000000000
130372  -2.676  42.679  -23.798 0.0000000000
130373  -3.212  42.100  -23.222 0.0000000000
131164  -7.567  43.590  -13.651 0.0000000000
131172  -6.850  43.899  -15.556 0.0000000000
131173  -7.385  43.481  -14.692 0.0000000000
131179  -5.407  43.666  -16.622 0.0000000000
131180  -6.301  43.261  -16.144 0.0000000000
131185  -3.031  43.923  -17.854 0.0000000000
131186  -4.078  43.527  -17.536 0.0000000000
131187  -4.923  43.053  -17.136 0.0000000000
131192  -2.396  43.361  -18.337 0.0000000000
131198  -1.150  44.294  -20.427 0.0000000000
131199  -2.735  44.003  -19.837 0.0000000000
131200  -4.184  43.776  -19.576 0.0000000000
131201  -4.807  44.129  -19.677 0.0000000000
131208  -4.663  43.566  -20.123 0.0000000000
131209  -4.798  43.918  -19.815 0.0000000000
131219  -4.551  43.171  -20.943 0.0000000000
131226  -3.817  43.633  -22.473 0.0000000000
131227  -4.189  42.928  -21.772 0.0000000000
131235  -3.300  43.197  -23.196 0.0000000000
131941  -8.097  45.000  -12.313 0.0000000000
131960  -7.837  44.532  -13.078 0.0000000000
131961  -8.157  45.336  -12.882 0.0000000000
131980  -7.654  44.548  -14.082 0.0000000000
131995  -6.701  44.620  -15.565 0.0000000000
131996  -7.235  44.742  -15.027 0.0000000000
132006  -4.371  44.879  -16.997 0.0000000000
132007  -4.845  44.641  -16.777 0.0000000000
132008  -6.004  44.569  -16.100 0.0000000000
132013  -2.409  44.798  -17.909 0.0000000000
132014  -3.796  44.702  -17.301 0.0000000000
132015  -4.640  43.922  -17.081 0.0000000000
132021  -2.715  45.345  -19.522 0.0000000000
132022  -3.082  45.283  -19.412 0.0000000000
132028  -2.146  45.128  -19.747 0.0000000000
132029  -3.637  44.730  -19.287 0.0000000000
132030  -4.715  44.567  -19.426 0.0000000000
132033  -5.012  44.012  -20.253 0.0000000000
132034  -5.255  44.400  -19.996 0.0000000000
132043  -4.878  44.202  -20.701 0.0000000000
132044  -5.310  45.012  -20.687 0.0000000000
132052  -3.841  44.591  -22.458 0.0000000000
132053  -4.381  44.158  -21.714 0.0000000000
132061  -3.232  44.391  -23.063 0.0000000000
132785  -8.344  45.774  -12.355 0.0000000000
132805  -7.927  45.406  -13.515 0.0000000000
132806  -8.292  45.993  -13.051 0.0000000000
132822  -7.534  45.561  -14.298 0.0000000000
132834  -6.560  45.291  -15.512 0.0000000000
132835  -6.970  45.776  -14.927 0.0000000000
132847  -4.372  45.298  -16.894 0.0000000000
132848  -5.166  45.479  -16.475 0.0000000000
132849  -5.900  45.713  -15.952 0.0000000000
132858  -2.598  45.571  -17.556 0.0000000000
132859  -3.601  45.763  -17.143 0.0000000000
132865  -2.805  45.651  -19.436 0.0000000000
132866  -3.783  45.636  -19.042 0.0000000000
132867  -4.810  45.862  -19.013 0.0000000000
132873  -0.987  45.855  -20.158 0.0000000000
132874  -1.902  45.994  -19.517 0.0000000000
132875  -4.528  45.205  -19.122 0.0000000000
132876  -5.268  45.527  -19.488 0.0000000000
132881  -5.506  45.636  -20.247 0.0000000000
132889  -4.845  45.175  -21.347 0.0000000000
132890  -5.235  45.872  -20.950 0.0000000000
132898  -3.500  45.274  -22.736 0.0000000000
132899  -4.143  45.485  -22.157 0.0000000000
133523  -8.434  46.445  -11.634 0.0000000000
133539  -8.303  46.531  -12.561 0.0000000000
133554  -7.793  46.479  -13.581 0.0000000000
133555  -8.174  46.484  -13.048 0.0000000000
133568  -6.629  46.907  -14.739 0.0000000000
133569  -7.166  46.420  -14.433 0.0000000000
133580  -5.579  46.849  -15.808 0.0000000000
133581  -6.298  46.331  -15.360 0.0000000000
133582  -6.768  46.345  -14.850 0.0000000000
133594  -3.285  46.904  -16.996 0.0000000000
133595  -4.314  46.350  -16.719 0.0000000000
133596  -5.335  46.299  -16.244 0.0000000000
133597  -5.801  46.296  -15.850 0.0000000000
133610  -2.840  46.319  -17.266 0.0000000000
133611  -3.529  46.332  -17.036 0.0000000000
133621  -1.669  46.986  -19.630 0.0000000000
133622  -2.843  46.521  -19.159 0.0000000000
133623  -4.390  46.533  -18.687 0.0000000000
133624  -5.581  46.652  -18.940 0.0000000000
133625  -6.088  47.113  -18.991 0.0000000000
133632  -1.207  46.506  -20.043 0.0000000000
133633  -1.869  46.499  -19.531 0.0000000000
133634  -5.802  46.696  -19.748 0.0000000000
133635  -6.017  46.954  -19.233 0.0000000000
133638  -5.413  46.549  -20.578 0.0000000000
133644  -4.577  46.431  -21.543 0.0000000000
133645  -5.076  46.530  -21.046 0.0000000000
133653  -3.396  46.356  -22.685 0.0000000000
133654  -4.037  46.387  -22.158 0.0000000000
134280  -8.596  47.522  -11.101 0.0000000000
134293  -7.973  47.899  -12.728 0.0000000000
134294  -8.267  47.598  -12.305 0.0000000000
134302  -7.770  47.599  -13.139 0.0000000000
134303  -8.084  46.934  -12.931 0.0000000000
134312  -6.503  47.492  -14.619 0.0000000000
134313  -7.078  47.455  -14.104 0.0000000000
134325  -4.479  47.871  -15.974 0.0000000000
134326  -4.969  47.632  -15.810 0.0000000000
134327  -5.939  47.464  -15.133 0.0000000000
134340  -4.010  47.645  -16.372 0.0000000000
134341  -4.914  46.999  -16.286 0.0000000000
134354  -4.310  47.823  -18.107 0.0000000000
134355  -4.667  48.089  -17.874 0.0000000000
134366  -2.363  47.488  -19.037 0.0000000000
134367  -3.666  47.403  -18.444 0.0000000000
134368  -5.129  47.496  -18.187 0.0000000000
134369  -6.018  47.556  -18.679 0.0000000000
134374  -5.885  47.704  -19.937 0.0000000000
134375  -6.120  47.538  -19.304 0.0000000000
134378  -5.491  47.425  -20.444 0.0000000000
134381  -4.460  47.480  -21.579 0.0000000000
134382  -4.975  47.263  -21.057 0.0000000000
134390  -3.203  47.607  -22.680 0.0000000000
134391  -3.957  47.250  -22.119 0.0000000000
134971  -8.529  48.496  -11.556 0.0000000000
134990  -7.754  48.490  -12.693 0.0000000000
134991  -8.191  48.480  -12.152 0.0000000000
135009  -7.205  48.321  -13.527 0.0000000000
135024  -6.315  48.149  -14.482 0.0000000000
135025  -6.837  48.185  -14.029 0.0000000000
135039  -5.249  48.188  -15.233 0.0000000000
135040  -5.779  48.116  -14.894 0.0000000000
135071  -2.530  48.840  -18.323 0.0000000000
135072  -3.529  48.416  -18.071 0.0000000000
135073  -4.763  48.657  -17.556 0.0000000000
135074  -5.568  48.831  -17.590 0.0000000000
135086  -1.985  48.415  -18.820 0.0000000000
135087  -2.866  47.889  -18.503 0.0000000000
135088  -5.307  48.266  -17.797 0.0000000000
135089  -6.011  48.453  -18.068 0.0000000000
135092  -6.024  48.482  -19.649 0.0000000000
135093  -6.275  48.455  -18.902 0.0000000000
135096  -4.975  49.028  -20.799 0.0000000000
135097  -5.408  48.493  -20.446 0.0000000000
135100  -3.945  49.054  -21.684 0.0000000000
135101  -4.608  48.505  -21.329 0.0000000000
135102  -5.134  47.923  -20.830 0.0000000000
135110  -3.692  48.496  -22.129 0.0000000000
135111  -4.202  47.941  -21.823 0.0000000000
135646  -8.733  49.442  -11.176 0.0000000000
135667  -7.549  49.348  -12.575 0.0000000000
135668  -8.077  49.356  -12.023 0.0000000000
135731  -4.772  49.812  -16.910 0.0000000000
135732  -5.615  49.947  -16.871 0.0000000000
135733  -6.151  50.178  -16.964 0.0000000000
135744  -2.739  49.423  -17.977 0.0000000000
135745  -4.038  49.379  -17.427 0.0000000000
135746  -5.208  49.302  -17.196 0.0000000000
135747  -6.165  49.623  -17.508 0.0000000000
135755  -1.913  49.143  -18.501 0.0000000000
135756  -6.325  49.463  -18.449 0.0000000000
135759  -5.674  49.373  -19.957 0.0000000000
135760  -6.156  49.418  -19.270 0.0000000000
135763  -4.625  49.585  -20.888 0.0000000000
135764  -5.184  49.493  -20.465 0.0000000000
135768  -3.434  49.591  -21.876 0.0000000000
135769  -4.067  49.599  -21.408 0.0000000000
136398  -3.183  51.045  -17.135 0.0000000000
136399  -3.854  50.319  -17.089 0.0000000000
136400  -4.999  50.459  -16.553 0.0000000000
136401  -5.991  50.626  -16.551 0.0000000000
136407  -2.445  50.492  -17.675 0.0000000000
136408  -3.276  49.897  -17.527 0.0000000000
136409  -6.554  50.674  -17.115 0.0000000000
136416  -6.584  50.534  -18.016 0.0000000000
136419  -5.134  50.987  -19.908 0.0000000000
136420  -5.648  50.405  -19.663 0.0000000000
136421  -6.315  50.396  -18.871 0.0000000000
136423  -4.859  50.478  -20.378 0.0000000000
136424  -5.388  49.948  -20.155 0.0000000000
136428  -3.543  50.346  -21.473 0.0000000000
136429  -4.125  50.405  -21.026 0.0000000000
137073  -3.715  51.963  -16.259 0.0000000000
137074  -4.685  51.855  -15.889 0.0000000000
137075  -5.770  51.967  -15.730 0.0000000000
137076  -6.328  52.186  -15.809 0.0000000000
137080  -2.060  51.843  -17.185 0.0000000000
137081  -2.996  51.772  -16.894 0.0000000000
137082  -4.128  51.224  -16.549 0.0000000000
137083  -5.421  51.242  -16.153 0.0000000000
137084  -6.618  51.743  -16.365 0.0000000000
137085  -7.089  52.391  -16.588 0.0000000000
137092  -2.456  51.319  -17.347 0.0000000000
137093  -6.829  51.681  -17.514 0.0000000000
137094  -7.114  52.219  -16.966 0.0000000000
137100  -5.867  51.837  -19.027 0.0000000000
137101  -6.425  51.508  -18.504 0.0000000000
137103  -4.733  51.559  -20.148 0.0000000000
137104  -5.373  51.547  -19.556 0.0000000000
137105  -6.030  51.140  -19.174 0.0000000000
137108  -4.012  51.438  -20.792 0.0000000000
137112  -3.668  50.980  -21.251 0.0000000000
137782  -2.808  52.529  -16.337 0.0000000000
137783  -3.991  52.519  -15.742 0.0000000000
137784  -5.095  52.587  -15.532 0.0000000000
137785  -6.121  52.720  -15.498 0.0000000000
137786  -6.736  53.034  -15.645 0.0000000000
137792  -2.430  52.142  -16.849 0.0000000000
137793  -6.622  52.461  -15.854 0.0000000000
137794  -7.106  52.773  -16.160 0.0000000000
137798  -6.952  52.597  -17.393 0.0000000000
137799  -7.177  52.935  -16.885 0.0000000000
137805  -6.021  52.407  -18.682 0.0000000000
137806  -6.565  52.670  -18.084 0.0000000000
137809  -4.851  52.336  -19.843 0.0000000000
137810  -5.368  52.621  -19.232 0.0000000000
138478  -4.731  53.934  -15.049 0.0000000000
138479  -5.697  54.010  -14.791 0.0000000000
138480  -6.239  54.146  -14.755 0.0000000000
138489  -2.293  53.269  -15.784 0.0000000000
138490  -3.376  53.225  -15.643 0.0000000000
138491  -4.427  53.247  -15.420 0.0000000000
138492  -5.444  53.355  -15.234 0.0000000000
138493  -6.432  53.693  -15.169 0.0000000000
138494  -7.173  53.664  -15.770 0.0000000000
138503  -7.225  53.579  -16.504 0.0000000000
138507  -6.832  53.534  -17.454 0.0000000000
138508  -7.161  53.510  -16.960 0.0000000000
138516  -5.760  53.453  -18.602 0.0000000000
138517  -6.372  53.522  -18.073 0.0000000000
138520  -4.570  53.373  -19.803 0.0000000000
138521  -5.169  53.440  -19.196 0.0000000000
139184  -2.456  54.667  -14.981 0.0000000000
139185  -3.790  54.531  -14.873 0.0000000000
139186  -5.049  54.602  -14.522 0.0000000000
139187  -6.120  54.629  -14.384 0.0000000000
139188  -6.821  54.882  -14.575 0.0000000000
139199  -2.935  53.996  -15.455 0.0000000000
139200  -3.867  53.825  -15.346 0.0000000000
139201  -6.591  54.346  -14.786 0.0000000000
139202  -7.147  54.544  -15.244 0.0000000000
139207  -7.000  54.925  -16.717 0.0000000000
139208  -7.219  54.627  -16.331 0.0000000000
139216  -6.812  54.629  -17.108 0.0000000000
139217  -7.125  53.984  -16.897 0.0000000000
139225  -5.539  54.321  -18.557 0.0000000000
139226  -6.111  54.397  -17.993 0.0000000000
139230  -4.962  54.316  -19.135 0.0000000000
139820  -2.509  55.908  -13.755 0.0000000000
139821  -3.759  56.025  -13.740 0.0000000000
139822  -4.931  56.028  -13.627 0.0000000000
139823  -5.924  56.014  -13.554 0.0000000000
139824  -6.403  56.126  -13.705 0.0000000000
139842  -3.114  55.284  -14.337 0.0000000000
139843  -4.364  55.302  -14.190 0.0000000000
139844  -5.518  55.309  -13.964 0.0000000000
139845  -6.569  55.605  -14.036 0.0000000000
139846  -7.223  55.552  -14.821 0.0000000000
139859  -7.262  55.421  -15.677 0.0000000000
139868  -6.836  55.500  -16.672 0.0000000000
139869  -7.197  55.362  -16.191 0.0000000000
139878  -5.591  55.849  -17.937 0.0000000000
139879  -6.226  55.363  -17.498 0.0000000000
139885  -4.580  55.669  -18.811 0.0000000000
139886  -5.315  55.116  -18.492 0.0000000000
139887  -5.806  55.182  -17.977 0.0000000000
139893  -4.812  55.076  -18.964 0.0000000000
140463  -2.507  57.156  -12.748 0.0000000000
140464  -4.620  57.237  -12.845 0.0000000000
140465  -5.039  57.203  -12.887 0.0000000000
140478  -1.961  56.481  -13.180 0.0000000000
140479  -3.213  56.732  -13.181 0.0000000000
140480  -4.412  56.800  -13.174 0.0000000000
140481  -5.528  56.758  -13.222 0.0000000000
140482  -6.320  56.632  -13.489 0.0000000000
140483  -6.801  56.812  -13.765 0.0000000000
140497  -6.695  56.315  -13.824 0.0000000000
140498  -7.136  56.472  -14.284 0.0000000000
140506  -6.976  56.831  -15.764 0.0000000000
140507  -7.210  56.538  -15.385 0.0000000000
140510  -6.792  56.597  -16.195 0.0000000000
140511  -7.154  55.893  -16.041 0.0000000000
140514  -4.567  57.000  -18.147 0.0000000000
140515  -5.051  56.756  -17.952 0.0000000000
140516  -6.082  56.582  -17.219 0.0000000000
140523  -4.953  56.033  -18.371 0.0000000000
141096  -2.348  57.889  -12.171 0.0000000000
141097  -3.512  57.604  -12.568 0.0000000000
141098  -4.693  57.715  -12.562 0.0000000000
141099  -5.777  57.634  -12.851 0.0000000000
141100  -6.367  57.972  -13.079 0.0000000000
141112  -3.853  57.098  -12.941 0.0000000000
141113  -4.237  57.283  -12.817 0.0000000000
141114  -6.083  57.093  -13.200 0.0000000000
141115  -6.516  57.426  -13.445 0.0000000000
141116  -7.029  57.264  -13.944 0.0000000000
141128  -6.948  57.711  -15.093 0.0000000000
141129  -7.147  57.353  -14.645 0.0000000000
141135  -6.812  57.341  -15.689 0.0000000000
141136  -7.127  57.253  -15.216 0.0000000000
141139  -5.793  57.792  -16.885 0.0000000000
141140  -6.273  57.456  -16.511 0.0000000000
141144  -4.453  57.480  -17.907 0.0000000000
141145  -5.388  57.504  -17.356 0.0000000000
141146  -5.929  57.354  -17.033 0.0000000000
141686  -2.386  58.722  -11.736 0.0000000000
141687  -3.325  59.085  -11.787 0.0000000000
141688  -3.849  59.227  -11.812 0.0000000000
141700  -2.610  58.308  -11.974 0.0000000000
141701  -3.057  58.376  -12.069 0.0000000000
141702  -4.116  58.670  -12.064 0.0000000000
141703  -5.307  58.585  -12.320 0.0000000000
141704  -6.183  58.564  -12.756 0.0000000000
141714  -6.690  58.335  -13.549 0.0000000000
141715  -6.821  57.705  -13.767 0.0000000000
141724  -6.804  58.317  -14.537 0.0000000000
141725  -6.977  57.799  -14.071 0.0000000000
141731  -6.609  58.254  -15.360 0.0000000000
141733  -5.206  58.880  -16.753 0.0000000000
141734  -5.872  58.377  -16.410 0.0000000000
141735  -6.418  58.060  -15.988 0.0000000000
141738  -3.921  58.460  -17.603 0.0000000000
141739  -4.840  58.274  -17.317 0.0000000000
141740  -5.449  58.191  -16.988 0.0000000000
142244  -1.734  59.686  -11.474 0.0000000000
142245  -2.746  59.800  -11.596 0.0000000000
142246  -3.707  59.792  -11.669 0.0000000000
142247  -4.279  59.813  -11.742 0.0000000000
142258  -4.175  59.400  -11.816 0.0000000000
142259  -4.831  59.561  -11.902 0.0000000000
142260  -5.805  59.524  -12.362 0.0000000000
142270  -6.499  59.462  -13.016 0.0000000000
142279  -6.651  59.408  -13.997 0.0000000000
142285  -5.902  59.887  -15.326 0.0000000000
142286  -6.318  59.335  -15.055 0.0000000000
142289  -4.178  60.217  -16.630 0.0000000000
142290  -4.730  59.757  -16.544 0.0000000000
142291  -5.656  59.489  -15.916 0.0000000000
142292  -6.201  58.715  -15.758 0.0000000000
142296  -3.720  59.672  -17.168 0.0000000000
142297  -4.496  59.028  -17.107 0.0000000000
142826  -1.264  60.547  -10.950 0.0000000000
142827  -2.215  60.673  -11.349 0.0000000000
142828  -3.198  60.713  -11.516 0.0000000000
142829  -4.304  60.521  -11.670 0.0000000000
142839  -5.366  60.525  -11.964 0.0000000000
142840  -6.144  60.474  -12.545 0.0000000000
142848  -6.490  60.440  -13.427 0.0000000000
142856  -5.963  60.969  -14.696 0.0000000000
142857  -6.251  60.438  -14.484 0.0000000000
142865  -4.952  61.203  -15.611 0.0000000000
142866  -5.578  60.651  -15.324 0.0000000000
142867  -6.036  60.082  -15.047 0.0000000000
142870  -3.673  60.682  -16.692 0.0000000000
142871  -4.599  60.756  -16.124 0.0000000000
142872  -5.166  60.175  -15.995 0.0000000000
143305  -2.603  61.479  -9.471 0.0000000000
143319  -1.635  61.110  -10.089 0.0000000000
143320  -2.692  61.700  -10.404 0.0000000000
143336  -2.009  61.237  -10.924 0.0000000000
143337  -2.784  61.648  -11.144 0.0000000000
143338  -3.701  61.641  -11.428 0.0000000000
143339  -4.814  61.567  -11.633 0.0000000000
143350  -5.710  61.485  -12.127 0.0000000000
143351  -6.286  61.387  -12.889 0.0000000000
143356  -6.045  61.905  -14.007 0.0000000000
143357  -6.264  61.386  -13.868 0.0000000000
143359  -5.746  61.632  -14.527 0.0000000000
143360  -6.112  61.124  -14.408 0.0000000000
143367  -4.476  61.682  -15.714 0.0000000000
143368  -5.045  61.680  -15.219 0.0000000000
143372  -3.827  61.573  -16.273 0.0000000000
143769  -2.601  62.080  -7.582 0.0000000000
143780  -3.258  62.185  -8.516 0.0000000000
143781  -3.784  62.949  -8.823 0.0000000000
143787  -3.471  62.653  -9.689 0.0000000000
143788  -3.928  63.241  -9.181 0.0000000000
143798  -3.057  62.655  -10.699 0.0000000000
143814  -3.214  62.649  -11.072 0.0000000000
143815  -4.128  62.632  -11.352 0.0000000000
143816  -5.139  62.515  -11.771 0.0000000000
143832  -5.763  62.388  -12.642 0.0000000000
143833  -6.111  61.948  -13.361 0.0000000000
143841  -5.682  62.480  -13.763 0.0000000000
143842  -6.083  61.947  -13.745 0.0000000000
143845  -4.388  63.036  -15.153 0.0000000000
143846  -4.830  62.695  -14.787 0.0000000000
143854  -3.873  62.728  -15.774 0.0000000000
143855  -4.564  62.193  -15.367 0.0000000000
143862  -3.363  62.097  -16.389 0.0000000000
144278  -1.437  62.834  -7.106 0.0000000000
144279  -2.647  62.983  -7.505 0.0000000000
144285  -3.495  63.324  -8.156 0.0000000000
144286  -4.005  63.653  -8.693 0.0000000000
144296  -3.439  63.644  -10.321 0.0000000000
144297  -3.990  63.766  -9.417 0.0000000000
144310  -2.879  63.622  -10.891 0.0000000000
144322  -3.266  63.651  -11.157 0.0000000000
144323  -4.457  63.664  -11.568 0.0000000000
144324  -5.275  63.238  -12.103 0.0000000000
144342  -4.992  63.964  -12.201 0.0000000000
144343  -5.365  63.487  -12.974 0.0000000000
144359  -4.591  63.907  -14.265 0.0000000000
144360  -4.933  63.581  -14.015 0.0000000000
144365  -4.334  63.653  -14.813 0.0000000000
144366  -4.726  63.307  -14.530 0.0000000000
144374  -3.501  63.745  -15.527 0.0000000000
144772  -0.972  63.972  -6.558 0.0000000000
144788  -1.991  63.966  -7.003 0.0000000000
144789  -3.079  64.197  -7.512 0.0000000000
144790  -3.758  64.790  -7.787 0.0000000000
144799  -3.817  64.106  -8.088 0.0000000000
144800  -4.252  64.630  -8.560 0.0000000000
144812  -3.031  64.480  -10.630 0.0000000000
144813  -3.846  64.864  -9.679 0.0000000000
144825  -2.242  65.036  -11.058 0.0000000000
144826  -2.387  64.716  -11.024 0.0000000000
144838  -2.504  65.054  -11.147 0.0000000000
144839  -3.362  64.691  -11.404 0.0000000000
144840  -4.350  64.684  -11.990 0.0000000000
144857  -4.784  64.407  -12.939 0.0000000000
144858  -5.027  63.907  -13.360 0.0000000000
144877  -3.649  64.992  -14.378 0.0000000000
144878  -4.395  64.455  -13.969 0.0000000000
144879  -4.826  64.100  -13.559 0.0000000000
144893  -3.874  64.458  -14.643 0.0000000000
144899  -3.579  64.267  -15.118 0.0000000000
145271  -1.402  65.207  -6.596 0.0000000000
145272  -2.233  65.646  -6.867 0.0000000000
145285  -2.410  64.879  -6.998 0.0000000000
145286  -3.116  65.415  -7.270 0.0000000000
145287  -3.954  65.642  -7.848 0.0000000000
145296  -4.363  65.803  -8.664 0.0000000000
145308  -3.048  65.647  -10.323 0.0000000000
145309  -4.019  66.204  -9.438 0.0000000000
145324  -2.407  65.542  -11.094 0.0000000000
145325  -2.415  65.788  -10.832 0.0000000000
145339  -2.992  65.566  -11.428 0.0000000000
145340  -3.724  65.453  -11.974 0.0000000000
145341  -4.133  65.087  -12.106 0.0000000000
145358  -4.215  65.094  -12.468 0.0000000000
145375  -4.245  65.092  -13.191 0.0000000000
145737  -1.505  66.483  -6.653 0.0000000000
145738  -2.508  66.208  -7.006 0.0000000000
145749  -2.255  66.876  -6.964 0.0000000000
145750  -3.199  66.557  -7.348 0.0000000000
145751  -4.069  66.665  -7.930 0.0000000000
145761  -4.304  66.862  -8.628 0.0000000000
145776  -3.471  67.012  -9.768 0.0000000000
145777  -4.129  67.123  -9.206 0.0000000000
145794  -2.644  66.731  -10.466 0.0000000000
146159  -3.441  67.518  -7.544 0.0000000000
146160  -4.154  67.645  -7.989 0.0000000000
146177  -4.326  67.757  -8.665 0.0000000000
146191  -3.652  67.957  -9.742 0.0000000000
146192  -4.082  67.829  -9.306 0.0000000000
146203  -3.032  67.772  -10.198 0.0000000000
146571  -4.359  68.571  -8.852 0.0000000000
146587  -3.483  68.629  -9.944 0.0000000000
146588  -4.035  68.626  -9.428 0.0000000000
146943  -4.342  69.279  -9.082 0.0000000000
146957  -3.932  69.540  -9.636 0.0000000000
