#!ascii label  , from subject ab_data vox2ras=TkReg
336
133411  -32.021  46.786  0.420 0.0000000000
133412  -32.290  46.801  0.381 0.0000000000
133413  -32.788  46.819  0.297 0.0000000000
133420  -32.026  46.740  0.144 0.0000000000
133421  -32.429  46.771  -0.141 0.0000000000
133422  -33.025  46.838  -0.179 0.0000000000
134139  -31.504  47.451  1.565 0.0000000000
134140  -32.493  47.553  1.609 0.0000000000
134151  -30.650  47.297  0.687 0.0000000000
134152  -31.764  46.991  0.587 0.0000000000
134153  -32.669  47.095  0.857 0.0000000000
134154  -33.430  47.132  0.520 0.0000000000
134155  -34.371  47.425  0.378 0.0000000000
134156  -35.242  47.774  0.434 0.0000000000
134165  -29.761  47.380  -0.257 0.0000000000
134166  -30.834  47.142  -0.362 0.0000000000
134167  -31.794  47.034  -0.517 0.0000000000
134168  -32.625  47.151  -0.781 0.0000000000
134169  -33.624  47.252  -0.611 0.0000000000
134170  -34.786  47.729  -0.628 0.0000000000
134171  -35.466  47.884  -0.166 0.0000000000
134180  -30.215  47.589  -1.024 0.0000000000
134181  -31.088  47.570  -1.246 0.0000000000
134182  -31.994  47.609  -1.368 0.0000000000
134183  -32.856  47.684  -1.599 0.0000000000
134184  -33.924  47.900  -1.591 0.0000000000
134185  -34.591  48.040  -1.332 0.0000000000
134193  -33.230  48.163  -2.013 0.0000000000
134194  -33.608  48.278  -2.021 0.0000000000
134822  -35.963  48.219  0.250 0.0000000000
134823  -36.689  48.960  0.730 0.0000000000
134824  -37.195  49.332  0.349 0.0000000000
134835  -29.071  47.731  -0.413 0.0000000000
134836  -35.021  48.236  -1.224 0.0000000000
134837  -35.647  48.295  -0.731 0.0000000000
134838  -36.500  48.808  -0.414 0.0000000000
134839  -37.029  49.132  -0.026 0.0000000000
134847  -29.239  48.180  -1.133 0.0000000000
134848  -30.408  48.330  -1.547 0.0000000000
134849  -31.498  48.409  -1.835 0.0000000000
134850  -32.179  48.029  -1.797 0.0000000000
134851  -33.933  48.423  -2.072 0.0000000000
134852  -34.572  48.479  -1.777 0.0000000000
134853  -35.451  48.792  -1.570 0.0000000000
134854  -36.094  48.869  -1.155 0.0000000000
134859  -31.804  48.867  -2.208 0.0000000000
134860  -32.427  48.526  -2.198 0.0000000000
134861  -33.374  48.681  -2.388 0.0000000000
134862  -34.170  48.952  -2.401 0.0000000000
134863  -34.914  49.124  -2.149 0.0000000000
135520  -37.391  49.744  0.931 0.0000000000
135521  -37.817  50.086  0.501 0.0000000000
135529  -36.955  49.260  -0.510 0.0000000000
135530  -37.534  49.680  -0.272 0.0000000000
135531  -38.018  50.191  0.115 0.0000000000
135539  -28.724  49.275  -1.653 0.0000000000
135540  -29.784  49.145  -1.757 0.0000000000
135541  -30.746  49.275  -1.963 0.0000000000
135542  -31.426  49.123  -2.194 0.0000000000
135543  -36.005  49.195  -1.555 0.0000000000
135544  -36.696  49.534  -1.302 0.0000000000
135545  -37.361  49.867  -1.097 0.0000000000
135549  -31.199  49.609  -2.409 0.0000000000
135550  -31.885  49.398  -2.616 0.0000000000
135551  -32.715  49.251  -2.731 0.0000000000
135552  -33.558  49.436  -2.824 0.0000000000
135553  -34.589  49.808  -2.751 0.0000000000
135554  -35.724  49.677  -2.069 0.0000000000
135555  -36.343  50.016  -1.910 0.0000000000
135560  -32.318  49.681  -2.997 0.0000000000
135561  -32.860  49.801  -3.221 0.0000000000
135562  -33.704  50.073  -3.261 0.0000000000
135563  -34.348  50.296  -3.331 0.0000000000
135568  -32.662  50.230  -4.694 0.0000000000
135569  -32.873  50.138  -4.746 0.0000000000
135578  -32.690  50.154  -4.914 0.0000000000
135579  -32.953  50.002  -5.036 0.0000000000
136196  -37.786  50.288  1.001 0.0000000000
136197  -38.229  50.718  0.720 0.0000000000
136205  -37.707  50.168  -0.990 0.0000000000
136206  -38.175  50.565  -0.463 0.0000000000
136213  -29.505  50.257  -1.784 0.0000000000
136214  -30.191  49.778  -1.910 0.0000000000
136215  -36.710  50.205  -1.891 0.0000000000
136216  -37.298  50.365  -1.625 0.0000000000
136217  -37.890  50.649  -1.273 0.0000000000
136222  -29.960  50.818  -1.922 0.0000000000
136223  -30.590  50.351  -2.482 0.0000000000
136224  -31.377  49.900  -2.739 0.0000000000
136225  -34.906  50.379  -3.168 0.0000000000
136226  -35.452  50.369  -2.746 0.0000000000
136227  -36.318  50.581  -2.412 0.0000000000
136228  -36.907  50.572  -2.114 0.0000000000
136234  -30.813  51.007  -3.720 0.0000000000
136235  -31.861  50.173  -3.431 0.0000000000
136236  -33.047  50.280  -3.777 0.0000000000
136237  -33.922  50.429  -3.837 0.0000000000
136238  -34.719  50.516  -3.730 0.0000000000
136239  -35.499  50.759  -3.389 0.0000000000
136240  -35.831  50.783  -2.880 0.0000000000
136247  -30.952  51.208  -4.427 0.0000000000
136248  -31.512  50.776  -4.726 0.0000000000
136249  -32.538  50.298  -4.498 0.0000000000
136250  -33.434  50.210  -4.621 0.0000000000
136251  -34.429  50.429  -4.460 0.0000000000
136252  -35.230  50.699  -4.243 0.0000000000
136262  -31.713  50.869  -5.789 0.0000000000
136263  -32.493  50.352  -5.398 0.0000000000
136264  -33.415  50.186  -5.465 0.0000000000
136265  -34.216  50.292  -5.256 0.0000000000
136266  -35.021  50.537  -5.156 0.0000000000
136279  -31.804  51.027  -6.321 0.0000000000
136280  -32.306  50.781  -6.269 0.0000000000
136281  -33.173  50.516  -6.227 0.0000000000
136282  -34.148  50.458  -6.049 0.0000000000
136283  -34.686  50.562  -5.707 0.0000000000
136888  -38.835  51.591  0.029 0.0000000000
136899  -37.717  50.901  -1.700 0.0000000000
136900  -38.293  51.478  -1.336 0.0000000000
136905  -29.893  51.380  -2.219 0.0000000000
136906  -30.236  51.229  -2.977 0.0000000000
136907  -36.577  51.024  -2.634 0.0000000000
136908  -37.249  51.241  -2.368 0.0000000000
136909  -38.117  52.193  -2.127 0.0000000000
136915  -29.871  51.795  -2.854 0.0000000000
136916  -30.185  51.772  -3.533 0.0000000000
136917  -35.853  50.996  -3.451 0.0000000000
136918  -36.225  51.202  -3.123 0.0000000000
136919  -37.064  51.936  -3.379 0.0000000000
136929  -30.523  51.730  -4.380 0.0000000000
136930  -30.921  51.349  -4.865 0.0000000000
136931  -35.824  51.066  -3.873 0.0000000000
136932  -36.428  51.642  -4.215 0.0000000000
136933  -37.074  52.268  -4.123 0.0000000000
136947  -30.552  51.823  -5.227 0.0000000000
136948  -31.080  51.298  -5.512 0.0000000000
136949  -35.768  51.028  -4.870 0.0000000000
136950  -36.296  51.713  -5.361 0.0000000000
136962  -30.576  51.784  -6.025 0.0000000000
136963  -31.271  51.341  -6.368 0.0000000000
136964  -31.953  51.226  -6.792 0.0000000000
136965  -32.822  51.080  -6.896 0.0000000000
136966  -33.894  51.011  -6.799 0.0000000000
136967  -35.244  51.228  -6.238 0.0000000000
136968  -36.217  52.045  -6.177 0.0000000000
136979  -30.669  51.855  -6.742 0.0000000000
136980  -31.313  51.759  -7.203 0.0000000000
136981  -32.298  51.717  -7.440 0.0000000000
136982  -33.345  51.681  -7.439 0.0000000000
136983  -34.394  51.819  -7.304 0.0000000000
136984  -35.209  52.166  -7.172 0.0000000000
137593  -39.221  52.352  -0.794 0.0000000000
137601  -38.856  52.571  -1.693 0.0000000000
137602  -39.632  53.118  -1.350 0.0000000000
137608  -29.706  52.275  -2.314 0.0000000000
137609  -37.781  52.414  -2.833 0.0000000000
137610  -38.732  53.041  -2.570 0.0000000000
137611  -39.286  53.157  -2.008 0.0000000000
137622  -29.816  52.478  -3.115 0.0000000000
137623  -30.223  52.584  -3.936 0.0000000000
137624  -37.774  52.778  -3.702 0.0000000000
137625  -38.240  52.942  -3.162 0.0000000000
137639  -30.376  52.613  -4.825 0.0000000000
137640  -36.853  52.250  -4.829 0.0000000000
137641  -37.394  52.689  -4.561 0.0000000000
137656  -29.476  52.972  -6.116 0.0000000000
137657  -30.155  52.491  -5.669 0.0000000000
137658  -36.880  52.548  -5.682 0.0000000000
137659  -37.175  52.620  -5.107 0.0000000000
137669  -29.551  52.878  -6.955 0.0000000000
137670  -30.113  52.370  -6.505 0.0000000000
137671  -35.870  52.305  -6.801 0.0000000000
137672  -36.536  52.768  -6.574 0.0000000000
137680  -29.737  53.005  -7.423 0.0000000000
137681  -30.402  52.531  -7.367 0.0000000000
137682  -31.630  52.660  -7.896 0.0000000000
137683  -32.821  52.401  -7.889 0.0000000000
137684  -33.782  52.444  -7.794 0.0000000000
137685  -34.671  52.868  -7.753 0.0000000000
137686  -35.690  52.912  -7.394 0.0000000000
137687  -36.233  52.913  -7.076 0.0000000000
137697  -31.868  53.296  -8.281 0.0000000000
137698  -32.477  53.132  -8.242 0.0000000000
137699  -33.390  53.051  -8.143 0.0000000000
137700  -34.016  53.009  -7.993 0.0000000000
138318  -39.070  53.553  -2.807 0.0000000000
138319  -39.810  53.931  -2.348 0.0000000000
138332  -29.768  52.984  -2.516 0.0000000000
138333  -30.030  53.469  -3.268 0.0000000000
138334  -38.133  53.187  -3.836 0.0000000000
138335  -38.656  53.630  -3.526 0.0000000000
138351  -30.313  53.469  -4.343 0.0000000000
138352  -37.958  53.227  -4.301 0.0000000000
138353  -38.375  53.976  -4.909 0.0000000000
138366  -28.840  54.166  -6.050 0.0000000000
138367  -29.071  53.865  -5.887 0.0000000000
138368  -29.878  53.545  -5.222 0.0000000000
138369  -37.224  52.895  -5.774 0.0000000000
138370  -37.534  53.112  -5.362 0.0000000000
138377  -28.818  54.125  -6.342 0.0000000000
138378  -29.089  53.534  -6.620 0.0000000000
138379  -37.182  53.150  -6.211 0.0000000000
138381  -28.830  54.073  -6.927 0.0000000000
138382  -29.319  53.651  -7.406 0.0000000000
138383  -29.968  53.262  -7.813 0.0000000000
138384  -30.694  53.139  -7.982 0.0000000000
138385  -34.734  53.376  -8.021 0.0000000000
138386  -35.299  53.611  -7.961 0.0000000000
138387  -36.691  53.861  -7.289 0.0000000000
138388  -37.561  54.537  -7.033 0.0000000000
138396  -29.698  53.883  -7.965 0.0000000000
138397  -30.305  53.804  -8.254 0.0000000000
138398  -31.243  53.648  -8.382 0.0000000000
138399  -32.114  53.780  -8.531 0.0000000000
138400  -33.020  53.722  -8.547 0.0000000000
138401  -34.229  53.648  -8.326 0.0000000000
138402  -35.079  54.218  -8.493 0.0000000000
138403  -35.897  54.470  -8.199 0.0000000000
139029  -30.423  54.451  -2.699 0.0000000000
139046  -30.620  54.323  -3.865 0.0000000000
139061  -30.039  54.945  -4.888 0.0000000000
139062  -30.313  54.320  -4.656 0.0000000000
139071  -28.791  54.574  -5.951 0.0000000000
139072  -29.414  54.582  -5.362 0.0000000000
139073  -29.923  54.330  -5.029 0.0000000000
139076  -28.580  54.682  -6.654 0.0000000000
139079  -28.795  54.608  -7.453 0.0000000000
139080  -29.317  54.300  -7.847 0.0000000000
139081  -37.373  54.853  -7.442 0.0000000000
139090  -29.106  54.859  -8.092 0.0000000000
139091  -29.773  54.562  -8.321 0.0000000000
139092  -30.618  54.585  -8.681 0.0000000000
139093  -31.571  54.418  -8.858 0.0000000000
139094  -32.478  54.360  -8.976 0.0000000000
139095  -33.449  54.343  -8.977 0.0000000000
139096  -34.452  54.496  -8.985 0.0000000000
139097  -35.524  54.776  -8.915 0.0000000000
139098  -36.977  55.503  -8.372 0.0000000000
139106  -31.083  55.013  -9.237 0.0000000000
139107  -31.864  54.869  -9.727 0.0000000000
139108  -32.861  54.599  -9.790 0.0000000000
139109  -33.825  54.553  -9.873 0.0000000000
139110  -34.880  54.609  -9.878 0.0000000000
139121  -32.488  55.038  -10.467 0.0000000000
139122  -33.270  54.843  -10.686 0.0000000000
139712  -31.075  55.095  -3.294 0.0000000000
139722  -30.179  55.570  -4.852 0.0000000000
139723  -30.945  55.369  -4.489 0.0000000000
139728  -28.938  55.315  -5.602 0.0000000000
139729  -29.531  55.650  -5.160 0.0000000000
139732  -28.547  55.452  -6.187 0.0000000000
139736  -28.401  55.463  -7.058 0.0000000000
139747  -28.747  55.514  -7.867 0.0000000000
139748  -29.502  55.561  -8.527 0.0000000000
139749  -30.050  55.074  -8.652 0.0000000000
139762  -29.823  56.004  -8.945 0.0000000000
139763  -30.316  55.583  -9.128 0.0000000000
139764  -31.147  55.682  -9.788 0.0000000000
139777  -31.914  55.689  -10.487 0.0000000000
140392  -30.184  56.424  -4.832 0.0000000000
140393  -31.436  56.568  -4.750 0.0000000000
140398  -28.800  56.382  -5.612 0.0000000000
140399  -29.420  56.436  -5.164 0.0000000000
140402  -28.423  56.366  -6.557 0.0000000000
140406  -28.550  56.344  -7.436 0.0000000000
140416  -28.966  56.414  -8.169 0.0000000000
140417  -29.615  56.601  -8.767 0.0000000000
140418  -30.102  56.935  -9.203 0.0000000000
140427  -30.056  56.333  -9.176 0.0000000000
140428  -30.664  56.588  -9.559 0.0000000000
140429  -31.498  56.588  -10.165 0.0000000000
140443  -32.263  56.640  -10.833 0.0000000000
141019  -30.028  57.311  -4.665 0.0000000000
141020  -30.810  57.377  -4.704 0.0000000000
141026  -28.763  57.292  -5.616 0.0000000000
141027  -29.324  57.336  -5.078 0.0000000000
141030  -28.529  57.283  -6.165 0.0000000000
141034  -28.559  57.272  -7.086 0.0000000000
141035  -28.958  57.622  -7.598 0.0000000000
141046  -28.773  57.031  -7.739 0.0000000000
141047  -29.299  57.406  -8.203 0.0000000000
141048  -29.971  57.538  -8.802 0.0000000000
141063  -30.618  57.546  -9.270 0.0000000000
141064  -31.332  57.491  -9.737 0.0000000000
141079  -32.027  57.539  -10.331 0.0000000000
141613  -30.041  58.226  -4.398 0.0000000000
141614  -31.312  58.396  -4.458 0.0000000000
141621  -28.759  58.136  -5.723 0.0000000000
141622  -29.252  58.535  -4.981 0.0000000000
141625  -28.733  58.197  -6.738 0.0000000000
141626  -29.042  58.717  -7.008 0.0000000000
141631  -28.862  57.908  -7.284 0.0000000000
141632  -29.451  58.473  -7.667 0.0000000000
141633  -30.225  59.109  -8.072 0.0000000000
141647  -29.806  58.027  -8.385 0.0000000000
141648  -30.752  58.589  -8.696 0.0000000000
141649  -31.686  59.184  -9.077 0.0000000000
141666  -31.217  58.051  -9.318 0.0000000000
141667  -32.122  58.671  -9.744 0.0000000000
141681  -32.510  58.206  -10.495 0.0000000000
142169  -29.715  59.605  -4.610 0.0000000000
142170  -30.762  59.381  -4.219 0.0000000000
142178  -28.850  58.797  -6.324 0.0000000000
142179  -29.109  59.392  -5.678 0.0000000000
142183  -28.950  58.768  -6.717 0.0000000000
142184  -29.286  59.369  -6.852 0.0000000000
142190  -30.062  59.631  -7.629 0.0000000000
142191  -30.812  59.709  -8.206 0.0000000000
142208  -31.581  59.742  -8.727 0.0000000000
142209  -32.247  59.804  -9.306 0.0000000000
142228  -32.798  59.884  -9.946 0.0000000000
142732  -30.849  61.350  -4.085 0.0000000000
142733  -31.601  61.127  -4.017 0.0000000000
142745  -29.898  60.587  -4.731 0.0000000000
142746  -30.565  60.615  -4.340 0.0000000000
142747  -31.405  60.175  -4.133 0.0000000000
142757  -29.564  60.452  -5.305 0.0000000000
142761  -29.670  60.546  -6.332 0.0000000000
142762  -30.415  61.010  -6.969 0.0000000000
142773  -29.970  60.301  -7.145 0.0000000000
142774  -30.933  60.736  -7.724 0.0000000000
142775  -31.824  61.168  -8.346 0.0000000000
142788  -31.506  60.433  -8.373 0.0000000000
142789  -32.354  60.862  -8.990 0.0000000000
143244  -31.083  61.976  -3.734 0.0000000000
143256  -30.150  61.034  -4.616 0.0000000000
143257  -30.520  61.740  -4.529 0.0000000000
143265  -29.903  61.205  -5.003 0.0000000000
143266  -30.360  61.949  -5.474 0.0000000000
143277  -29.873  61.208  -5.703 0.0000000000
143278  -30.491  61.684  -6.399 0.0000000000
143290  -31.100  61.846  -7.305 0.0000000000
143724  -30.987  62.817  -4.120 0.0000000000
143743  -30.886  63.048  -5.190 0.0000000000
143765  -30.973  62.749  -6.154 0.0000000000
148878  -37.862  54.107  -6.256 0.0000000000
