#!ascii label  , from subject ab_data vox2ras=TkReg
1642
30845  -43.253  -49.852  -9.461 0.0000000000
30846  -44.626  -49.761  -9.530 0.0000000000
30847  -46.035  -49.860  -10.067 0.0000000000
30859  -46.747  -49.410  -10.601 0.0000000000
30879  -39.633  -49.257  -12.013 0.0000000000
31947  -42.353  -48.932  -9.676 0.0000000000
31948  -43.671  -48.482  -9.863 0.0000000000
31949  -45.311  -48.792  -10.345 0.0000000000
31950  -46.216  -49.104  -10.529 0.0000000000
31961  -39.178  -48.408  -10.835 0.0000000000
31964  -44.598  -47.935  -10.438 0.0000000000
31965  -45.430  -48.001  -10.862 0.0000000000
31966  -46.629  -48.460  -11.224 0.0000000000
31978  -38.867  -48.201  -11.509 0.0000000000
31979  -39.355  -48.909  -11.457 0.0000000000
31980  -47.027  -47.734  -11.835 0.0000000000
31990  -38.771  -47.951  -11.996 0.0000000000
31991  -39.394  -48.481  -12.373 0.0000000000
31992  -39.905  -48.939  -12.760 0.0000000000
32003  -39.567  -48.013  -12.939 0.0000000000
32004  -40.143  -48.515  -13.150 0.0000000000
32953  -40.181  -48.781  -10.338 0.0000000000
32954  -40.642  -48.478  -10.042 0.0000000000
32955  -41.513  -48.212  -9.883 0.0000000000
32956  -42.478  -47.953  -9.957 0.0000000000
32957  -43.107  -47.719  -10.133 0.0000000000
32974  -38.770  -47.585  -10.838 0.0000000000
32975  -39.664  -47.911  -10.230 0.0000000000
32976  -40.719  -47.482  -9.978 0.0000000000
32977  -41.724  -47.277  -10.120 0.0000000000
32978  -42.668  -47.179  -10.336 0.0000000000
32979  -43.728  -47.292  -10.388 0.0000000000
32980  -44.867  -47.208  -10.932 0.0000000000
32981  -45.762  -47.602  -11.315 0.0000000000
32995  -38.526  -47.417  -11.679 0.0000000000
32996  -45.531  -46.966  -11.489 0.0000000000
32997  -46.425  -47.257  -11.795 0.0000000000
33012  -38.751  -47.476  -12.305 0.0000000000
33013  -39.178  -47.501  -12.808 0.0000000000
33026  -39.769  -47.453  -13.282 0.0000000000
33027  -40.668  -47.561  -13.839 0.0000000000
33028  -41.222  -48.018  -14.066 0.0000000000
33042  -40.930  -47.226  -14.179 0.0000000000
33043  -41.403  -47.426  -14.463 0.0000000000
33055  -41.725  -46.924  -14.900 0.0000000000
33912  -38.191  -45.826  -10.795 0.0000000000
33913  -38.918  -46.510  -10.423 0.0000000000
33914  -39.972  -46.555  -10.058 0.0000000000
33915  -41.063  -46.417  -10.141 0.0000000000
33916  -42.074  -46.392  -10.456 0.0000000000
33917  -43.088  -46.390  -10.696 0.0000000000
33918  -44.110  -46.396  -10.860 0.0000000000
33919  -44.877  -46.384  -11.379 0.0000000000
33929  -38.005  -46.012  -11.432 0.0000000000
33930  -38.291  -46.682  -11.163 0.0000000000
33931  -45.792  -46.324  -11.874 0.0000000000
33944  -37.892  -45.726  -11.748 0.0000000000
33945  -38.261  -46.357  -12.226 0.0000000000
33946  -38.776  -46.972  -12.638 0.0000000000
33963  -38.588  -45.875  -12.865 0.0000000000
33964  -39.102  -46.475  -13.141 0.0000000000
33965  -40.081  -46.620  -13.724 0.0000000000
33978  -40.766  -46.700  -14.221 0.0000000000
33979  -41.305  -46.433  -14.741 0.0000000000
33993  -41.912  -46.408  -15.226 0.0000000000
34836  -39.038  -44.847  -9.879 0.0000000000
34837  -39.685  -44.802  -9.849 0.0000000000
34838  -40.162  -44.663  -9.901 0.0000000000
34854  -37.972  -45.056  -10.648 0.0000000000
34855  -38.547  -45.230  -10.265 0.0000000000
34856  -39.369  -45.575  -10.013 0.0000000000
34857  -40.435  -45.314  -10.028 0.0000000000
34858  -41.547  -45.473  -10.400 0.0000000000
34859  -42.526  -45.541  -10.742 0.0000000000
34860  -43.621  -45.498  -11.131 0.0000000000
34861  -44.337  -45.918  -11.260 0.0000000000
34873  -37.774  -45.284  -11.243 0.0000000000
34874  -44.017  -44.958  -11.428 0.0000000000
34875  -44.824  -45.420  -11.637 0.0000000000
34886  -37.806  -45.133  -12.008 0.0000000000
34887  -38.304  -45.252  -12.687 0.0000000000
34904  -38.856  -45.344  -13.305 0.0000000000
34905  -39.802  -45.486  -13.883 0.0000000000
34906  -40.346  -46.087  -14.071 0.0000000000
34915  -40.267  -44.957  -14.329 0.0000000000
34916  -40.700  -45.576  -14.502 0.0000000000
34917  -41.370  -45.596  -15.135 0.0000000000
34930  -42.029  -45.577  -15.590 0.0000000000
34931  -42.554  -45.494  -16.060 0.0000000000
35893  -38.534  -44.330  -9.921 0.0000000000
35894  -39.236  -44.158  -9.777 0.0000000000
35895  -39.984  -44.139  -9.845 0.0000000000
35908  -37.612  -44.426  -10.813 0.0000000000
35909  -37.992  -44.405  -10.272 0.0000000000
35910  -40.558  -44.361  -10.036 0.0000000000
35911  -41.191  -44.562  -10.266 0.0000000000
35912  -42.080  -44.589  -10.673 0.0000000000
35913  -42.868  -44.872  -10.937 0.0000000000
35923  -37.582  -44.540  -11.448 0.0000000000
35924  -42.723  -44.268  -10.939 0.0000000000
35925  -43.435  -44.469  -11.236 0.0000000000
35926  -44.326  -44.421  -11.565 0.0000000000
35927  -45.342  -44.479  -12.072 0.0000000000
35936  -37.605  -44.192  -11.922 0.0000000000
35937  -37.976  -44.309  -12.508 0.0000000000
35950  -38.498  -44.408  -13.159 0.0000000000
35951  -39.200  -44.449  -13.698 0.0000000000
35962  -39.899  -44.387  -14.204 0.0000000000
35963  -40.584  -44.427  -14.819 0.0000000000
35964  -41.009  -45.027  -15.017 0.0000000000
35971  -40.804  -43.999  -15.340 0.0000000000
35972  -41.433  -44.510  -15.585 0.0000000000
35973  -42.089  -45.015  -15.872 0.0000000000
35987  -41.780  -43.998  -16.142 0.0000000000
35988  -42.350  -44.495  -16.334 0.0000000000
35989  -43.284  -44.454  -16.938 0.0000000000
36944  -50.323  -44.544  -7.024 0.0000000000
36973  -37.918  -43.141  -9.746 0.0000000000
36974  -38.656  -43.392  -9.703 0.0000000000
36975  -39.655  -43.344  -9.749 0.0000000000
36976  -40.633  -43.457  -10.000 0.0000000000
36977  -41.163  -43.059  -10.141 0.0000000000
36988  -37.578  -43.468  -10.302 0.0000000000
36989  -38.042  -43.794  -9.890 0.0000000000
36990  -40.977  -43.999  -10.167 0.0000000000
36991  -41.539  -43.603  -10.373 0.0000000000
36992  -42.322  -43.792  -10.784 0.0000000000
37002  -37.341  -43.558  -11.288 0.0000000000
37003  -42.934  -43.642  -11.109 0.0000000000
37004  -43.728  -43.629  -11.412 0.0000000000
37005  -44.644  -43.607  -11.753 0.0000000000
37006  -45.575  -43.598  -12.326 0.0000000000
37013  -37.615  -43.319  -12.267 0.0000000000
37014  -38.162  -43.478  -12.967 0.0000000000
37023  -38.757  -43.537  -13.543 0.0000000000
37024  -39.392  -43.543  -14.063 0.0000000000
37034  -39.979  -43.538  -14.615 0.0000000000
37035  -40.460  -43.482  -15.163 0.0000000000
37042  -40.952  -43.479  -15.597 0.0000000000
37043  -41.478  -43.472  -16.019 0.0000000000
37049  -42.086  -43.436  -16.409 0.0000000000
37050  -42.811  -43.527  -16.839 0.0000000000
37051  -43.624  -43.493  -17.291 0.0000000000
37927  -48.982  -43.489  -6.717 0.0000000000
37942  -48.959  -43.632  -6.977 0.0000000000
37943  -49.646  -44.180  -7.074 0.0000000000
37944  -50.686  -44.316  -7.299 0.0000000000
37959  -49.684  -43.487  -7.550 0.0000000000
37960  -50.377  -43.526  -7.783 0.0000000000
37961  -51.532  -43.424  -7.860 0.0000000000
37977  -37.532  -42.439  -9.862 0.0000000000
37978  -38.247  -42.412  -9.521 0.0000000000
37979  -39.210  -42.442  -9.567 0.0000000000
37980  -40.234  -42.428  -9.895 0.0000000000
37981  -40.887  -42.699  -10.097 0.0000000000
37993  -36.734  -41.675  -10.918 0.0000000000
37994  -37.037  -42.324  -10.682 0.0000000000
37995  -40.885  -42.112  -10.218 0.0000000000
37996  -41.473  -42.498  -10.388 0.0000000000
37997  -42.376  -42.861  -10.778 0.0000000000
38008  -36.811  -41.864  -11.299 0.0000000000
38009  -37.160  -42.386  -11.771 0.0000000000
38010  -43.189  -42.857  -11.281 0.0000000000
38011  -43.974  -42.833  -11.555 0.0000000000
38012  -44.863  -42.747  -11.890 0.0000000000
38013  -45.743  -42.768  -12.487 0.0000000000
38021  -37.523  -42.425  -12.477 0.0000000000
38022  -37.851  -42.781  -12.841 0.0000000000
38023  -46.569  -42.791  -13.030 0.0000000000
38031  -37.729  -42.147  -12.974 0.0000000000
38032  -38.324  -42.495  -13.457 0.0000000000
38033  -38.944  -42.861  -13.934 0.0000000000
38044  -38.807  -42.186  -14.086 0.0000000000
38045  -39.425  -42.540  -14.552 0.0000000000
38046  -40.018  -42.879  -15.028 0.0000000000
38052  -39.879  -42.219  -15.144 0.0000000000
38053  -40.521  -42.528  -15.532 0.0000000000
38054  -41.139  -42.840  -15.887 0.0000000000
38059  -41.049  -42.202  -16.065 0.0000000000
38060  -41.704  -42.516  -16.333 0.0000000000
38061  -42.561  -42.569  -16.720 0.0000000000
38062  -43.252  -42.653  -17.135 0.0000000000
38071  -43.929  -42.565  -17.556 0.0000000000
38072  -44.690  -42.280  -18.060 0.0000000000
39063  -46.463  -41.232  -6.760 0.0000000000
39064  -47.566  -41.682  -6.808 0.0000000000
39065  -48.449  -42.380  -6.688 0.0000000000
39087  -47.235  -41.354  -7.422 0.0000000000
39088  -48.480  -42.652  -7.130 0.0000000000
39089  -49.215  -43.427  -7.294 0.0000000000
39103  -47.714  -40.952  -8.185 0.0000000000
39104  -48.381  -41.536  -8.059 0.0000000000
39105  -49.782  -42.365  -8.318 0.0000000000
39106  -51.159  -42.715  -8.689 0.0000000000
39123  -37.750  -41.412  -9.510 0.0000000000
39124  -38.781  -41.477  -9.409 0.0000000000
39125  -39.753  -41.497  -9.716 0.0000000000
39126  -40.585  -41.468  -10.092 0.0000000000
39131  -50.372  -41.799  -9.273 0.0000000000
39132  -50.990  -41.982  -9.674 0.0000000000
39142  -36.784  -41.231  -10.484 0.0000000000
39143  -37.157  -41.685  -9.988 0.0000000000
39144  -41.312  -41.517  -10.424 0.0000000000
39145  -42.108  -41.714  -10.760 0.0000000000
39146  -42.880  -41.988  -11.135 0.0000000000
39149  -51.288  -41.645  -10.591 0.0000000000
39158  -36.622  -41.189  -11.298 0.0000000000
39159  -36.837  -41.617  -11.815 0.0000000000
39160  -43.500  -42.230  -11.359 0.0000000000
39161  -44.119  -41.973  -11.573 0.0000000000
39162  -45.013  -41.770  -12.039 0.0000000000
39163  -45.852  -42.113  -12.619 0.0000000000
39174  -36.672  -41.047  -12.033 0.0000000000
39175  -37.253  -41.481  -12.560 0.0000000000
39176  -45.539  -41.413  -12.463 0.0000000000
39177  -46.403  -41.809  -12.972 0.0000000000
39188  -37.869  -41.480  -13.395 0.0000000000
39189  -38.432  -41.490  -13.956 0.0000000000
39206  -38.954  -41.520  -14.509 0.0000000000
39207  -39.492  -41.544  -15.038 0.0000000000
39217  -40.059  -41.550  -15.512 0.0000000000
39218  -40.635  -41.563  -16.007 0.0000000000
39226  -41.420  -41.480  -16.392 0.0000000000
39227  -42.381  -41.552  -16.693 0.0000000000
39228  -43.172  -41.731  -17.107 0.0000000000
39229  -43.563  -42.036  -17.391 0.0000000000
39238  -43.583  -41.632  -17.411 0.0000000000
39239  -44.040  -41.612  -17.726 0.0000000000
39240  -44.704  -41.255  -18.321 0.0000000000
40209  -45.069  -40.155  -6.008 0.0000000000
40226  -45.856  -40.709  -6.357 0.0000000000
40227  -46.891  -40.986  -6.625 0.0000000000
40228  -47.782  -41.363  -6.605 0.0000000000
40229  -48.756  -41.581  -6.461 0.0000000000
40258  -47.126  -40.613  -8.645 0.0000000000
40259  -48.211  -40.675  -8.828 0.0000000000
40260  -49.125  -41.171  -8.808 0.0000000000
40275  -37.042  -40.179  -9.793 0.0000000000
40276  -37.570  -40.319  -9.546 0.0000000000
40277  -38.439  -40.471  -9.414 0.0000000000
40278  -39.413  -40.543  -9.600 0.0000000000
40279  -40.288  -40.630  -9.931 0.0000000000
40282  -47.859  -40.426  -9.871 0.0000000000
40283  -48.982  -40.615  -9.749 0.0000000000
40284  -49.944  -41.345  -9.530 0.0000000000
40285  -50.529  -41.641  -9.721 0.0000000000
40296  -36.772  -40.353  -10.153 0.0000000000
40297  -37.097  -40.881  -9.834 0.0000000000
40298  -41.050  -40.673  -10.266 0.0000000000
40299  -41.837  -40.701  -10.626 0.0000000000
40300  -42.837  -40.792  -11.108 0.0000000000
40301  -43.371  -40.227  -11.322 0.0000000000
40304  -48.745  -40.588  -10.951 0.0000000000
40305  -49.834  -40.781  -10.661 0.0000000000
40306  -50.666  -41.416  -10.381 0.0000000000
40316  -36.578  -40.384  -10.838 0.0000000000
40317  -43.427  -41.543  -11.368 0.0000000000
40318  -43.929  -40.799  -11.637 0.0000000000
40319  -44.887  -40.702  -12.145 0.0000000000
40332  -36.555  -40.366  -11.683 0.0000000000
40333  -36.831  -40.386  -12.493 0.0000000000
40334  -45.658  -40.725  -12.533 0.0000000000
40335  -46.449  -40.795  -12.975 0.0000000000
40336  -47.148  -40.758  -13.421 0.0000000000
40345  -37.530  -40.300  -13.459 0.0000000000
40346  -38.102  -40.903  -13.816 0.0000000000
40363  -37.844  -39.801  -14.080 0.0000000000
40364  -38.455  -40.374  -14.550 0.0000000000
40365  -39.124  -40.968  -14.909 0.0000000000
40375  -38.908  -39.787  -15.268 0.0000000000
40376  -39.623  -40.413  -15.572 0.0000000000
40377  -40.259  -41.009  -15.862 0.0000000000
40384  -40.278  -39.871  -16.167 0.0000000000
40385  -40.819  -40.470  -16.327 0.0000000000
40386  -42.138  -40.489  -16.631 0.0000000000
40387  -43.303  -40.518  -17.118 0.0000000000
40388  -43.896  -39.941  -17.552 0.0000000000
40396  -43.643  -41.182  -17.442 0.0000000000
40397  -44.178  -40.501  -17.792 0.0000000000
40398  -44.479  -40.459  -18.405 0.0000000000
41367  -42.733  -39.356  -3.654 0.0000000000
41368  -43.634  -39.074  -3.324 0.0000000000
41369  -44.205  -39.152  -2.866 0.0000000000
41386  -42.505  -39.791  -4.616 0.0000000000
41387  -43.692  -38.938  -4.342 0.0000000000
41388  -44.394  -38.705  -4.645 0.0000000000
41389  -49.295  -39.632  -5.012 0.0000000000
41398  -43.508  -39.800  -5.257 0.0000000000
41399  -44.578  -39.175  -5.372 0.0000000000
41400  -45.873  -39.408  -5.972 0.0000000000
41401  -47.039  -39.394  -6.011 0.0000000000
41402  -47.947  -39.583  -5.976 0.0000000000
41403  -48.802  -39.719  -5.689 0.0000000000
41404  -49.666  -40.248  -5.619 0.0000000000
41415  -46.575  -40.207  -6.323 0.0000000000
41416  -47.383  -40.365  -6.378 0.0000000000
41417  -48.303  -40.503  -6.363 0.0000000000
41418  -49.206  -40.605  -6.152 0.0000000000
41419  -49.660  -40.638  -6.055 0.0000000000
41431  -50.096  -39.012  -7.625 0.0000000000
41440  -50.175  -39.198  -8.252 0.0000000000
41453  -36.852  -39.875  -9.940 0.0000000000
41454  -37.230  -39.449  -9.749 0.0000000000
41455  -38.131  -39.494  -9.447 0.0000000000
41456  -39.099  -39.567  -9.525 0.0000000000
41457  -40.131  -39.637  -9.797 0.0000000000
41458  -40.962  -39.368  -9.972 0.0000000000
41459  -50.248  -39.308  -9.276 0.0000000000
41460  -51.218  -39.822  -9.741 0.0000000000
41474  -36.719  -39.536  -10.345 0.0000000000
41475  -36.937  -39.073  -10.035 0.0000000000
41476  -40.783  -40.006  -10.089 0.0000000000
41477  -41.501  -39.767  -10.335 0.0000000000
41478  -42.304  -39.805  -10.676 0.0000000000
41479  -43.091  -39.651  -11.012 0.0000000000
41480  -50.414  -39.310  -10.385 0.0000000000
41490  -36.522  -39.590  -11.215 0.0000000000
41491  -43.720  -39.702  -11.461 0.0000000000
41492  -44.365  -39.795  -11.847 0.0000000000
41493  -50.780  -39.287  -11.213 0.0000000000
41506  -45.039  -39.817  -12.268 0.0000000000
41507  -45.754  -39.871  -12.507 0.0000000000
41508  -46.532  -39.679  -12.847 0.0000000000
41509  -47.076  -39.116  -13.067 0.0000000000
41519  -47.255  -39.908  -13.355 0.0000000000
41556  -39.980  -39.240  -16.158 0.0000000000
41557  -40.829  -39.303  -16.456 0.0000000000
41558  -41.865  -39.435  -16.615 0.0000000000
41559  -42.976  -39.463  -16.793 0.0000000000
41560  -43.690  -39.383  -17.350 0.0000000000
41569  -44.190  -39.499  -17.906 0.0000000000
41570  -44.342  -40.036  -18.063 0.0000000000
41586  -44.252  -39.947  -18.270 0.0000000000
42473  -44.635  -39.070  -2.769 0.0000000000
42474  -45.307  -38.967  -2.525 0.0000000000
42475  -46.410  -38.343  -2.574 0.0000000000
42476  -47.512  -38.121  -2.245 0.0000000000
42495  -43.936  -38.782  -3.726 0.0000000000
42496  -44.441  -38.761  -3.313 0.0000000000
42497  -45.350  -38.411  -3.363 0.0000000000
42498  -46.098  -38.106  -3.555 0.0000000000
42499  -47.801  -38.085  -3.027 0.0000000000
42500  -48.603  -38.522  -3.379 0.0000000000
42515  -44.122  -38.661  -3.874 0.0000000000
42516  -44.568  -38.485  -4.068 0.0000000000
42517  -45.440  -38.207  -4.201 0.0000000000
42518  -46.387  -38.073  -4.323 0.0000000000
42519  -47.515  -38.275  -4.173 0.0000000000
42520  -48.610  -39.091  -4.625 0.0000000000
42521  -49.393  -39.504  -4.389 0.0000000000
42528  -44.873  -38.499  -4.723 0.0000000000
42529  -45.588  -38.405  -5.150 0.0000000000
42530  -46.716  -38.490  -5.339 0.0000000000
42531  -47.715  -38.907  -5.309 0.0000000000
42532  -48.269  -39.271  -5.414 0.0000000000
42542  -49.312  -38.075  -6.536 0.0000000000
42543  -49.929  -38.311  -6.063 0.0000000000
42554  -48.987  -38.137  -7.217 0.0000000000
42555  -49.876  -38.669  -7.025 0.0000000000
42563  -48.727  -38.187  -8.124 0.0000000000
42564  -49.502  -38.674  -7.824 0.0000000000
42572  -39.744  -38.703  -9.513 0.0000000000
42573  -40.687  -38.717  -9.666 0.0000000000
42574  -41.647  -38.682  -10.041 0.0000000000
42575  -42.235  -38.239  -10.067 0.0000000000
42576  -48.653  -38.189  -9.138 0.0000000000
42577  -49.401  -38.746  -8.747 0.0000000000
42591  -41.997  -39.231  -10.421 0.0000000000
42592  -42.592  -38.747  -10.500 0.0000000000
42593  -43.683  -38.653  -11.161 0.0000000000
42594  -44.246  -38.136  -11.294 0.0000000000
42595  -48.810  -38.043  -10.161 0.0000000000
42596  -49.460  -38.725  -9.864 0.0000000000
42605  -44.087  -39.181  -11.614 0.0000000000
42606  -44.710  -38.675  -11.873 0.0000000000
42607  -45.681  -38.112  -12.032 0.0000000000
42608  -46.141  -37.828  -12.089 0.0000000000
42609  -48.926  -37.810  -10.752 0.0000000000
42610  -49.709  -38.506  -11.377 0.0000000000
42621  -45.238  -39.302  -12.312 0.0000000000
42622  -45.679  -38.965  -12.392 0.0000000000
42623  -46.464  -38.353  -12.522 0.0000000000
42624  -47.331  -38.319  -13.071 0.0000000000
42669  -42.721  -38.458  -16.730 0.0000000000
42670  -43.537  -38.492  -17.067 0.0000000000
42671  -43.907  -38.554  -17.621 0.0000000000
43602  -47.010  -37.977  -2.828 0.0000000000
43603  -47.376  -37.995  -2.852 0.0000000000
43617  -46.664  -37.977  -3.288 0.0000000000
43618  -47.212  -37.969  -3.332 0.0000000000
43619  -50.100  -37.171  -3.487 0.0000000000
43635  -46.495  -37.988  -3.744 0.0000000000
43636  -46.865  -37.938  -3.793 0.0000000000
43637  -49.778  -37.350  -4.129 0.0000000000
43646  -48.886  -37.201  -5.678 0.0000000000
43647  -49.572  -37.550  -5.182 0.0000000000
43653  -48.673  -37.415  -6.460 0.0000000000
43654  -49.268  -37.710  -5.984 0.0000000000
43666  -47.870  -37.055  -7.883 0.0000000000
43667  -48.301  -37.424  -7.461 0.0000000000
43679  -41.045  -37.286  -8.858 0.0000000000
43680  -41.617  -37.402  -9.065 0.0000000000
43681  -47.800  -36.909  -8.319 0.0000000000
43682  -48.166  -37.474  -8.450 0.0000000000
43695  -40.386  -37.952  -9.211 0.0000000000
43696  -41.256  -37.951  -9.389 0.0000000000
43697  -42.137  -37.647  -9.514 0.0000000000
43698  -43.023  -37.430  -9.666 0.0000000000
43699  -43.696  -37.288  -9.892 0.0000000000
43700  -47.876  -37.003  -8.808 0.0000000000
43701  -48.268  -37.355  -9.402 0.0000000000
43713  -42.631  -37.965  -10.062 0.0000000000
43714  -43.269  -37.904  -10.366 0.0000000000
43715  -44.177  -37.581  -10.619 0.0000000000
43716  -44.907  -37.355  -10.777 0.0000000000
43717  -48.581  -37.292  -10.275 0.0000000000
43726  -44.626  -37.812  -11.248 0.0000000000
43727  -45.337  -37.585  -11.330 0.0000000000
43728  -46.046  -37.470  -11.654 0.0000000000
43729  -48.898  -37.252  -11.165 0.0000000000
43730  -49.480  -37.380  -12.277 0.0000000000
43739  -46.492  -37.433  -12.089 0.0000000000
43740  -47.042  -37.505  -12.566 0.0000000000
43786  -43.447  -37.500  -16.845 0.0000000000
44669  -50.072  -36.109  -2.792 0.0000000000
44677  -48.864  -36.051  -4.036 0.0000000000
44678  -49.513  -36.422  -3.475 0.0000000000
44691  -48.580  -36.093  -4.701 0.0000000000
44692  -49.144  -36.738  -4.418 0.0000000000
44705  -47.794  -36.012  -6.498 0.0000000000
44706  -48.251  -36.346  -5.728 0.0000000000
44707  -48.865  -36.802  -5.132 0.0000000000
44713  -47.717  -36.223  -7.141 0.0000000000
44714  -48.053  -36.728  -6.765 0.0000000000
44725  -47.704  -36.418  -7.874 0.0000000000
44726  -47.875  -36.792  -7.406 0.0000000000
44743  -42.006  -36.691  -8.572 0.0000000000
44744  -43.023  -36.322  -8.639 0.0000000000
44745  -47.798  -36.446  -8.592 0.0000000000
44756  -42.779  -36.997  -9.056 0.0000000000
44757  -43.553  -36.644  -9.257 0.0000000000
44758  -44.337  -36.684  -9.768 0.0000000000
44759  -45.053  -36.368  -9.928 0.0000000000
44760  -48.002  -36.615  -9.180 0.0000000000
44761  -48.302  -36.632  -9.744 0.0000000000
44767  -44.818  -36.966  -10.288 0.0000000000
44768  -45.535  -36.692  -10.528 0.0000000000
44769  -46.245  -36.438  -10.795 0.0000000000
44770  -48.603  -36.535  -10.418 0.0000000000
44776  -45.953  -36.988  -11.137 0.0000000000
44777  -46.591  -36.659  -11.471 0.0000000000
44778  -47.233  -36.411  -11.831 0.0000000000
44779  -48.818  -36.407  -11.034 0.0000000000
44780  -49.162  -36.483  -11.755 0.0000000000
44788  -46.914  -36.894  -12.132 0.0000000000
45681  -49.812  -35.396  -3.016 0.0000000000
45687  -48.752  -35.487  -4.332 0.0000000000
45688  -49.167  -35.310  -3.746 0.0000000000
45695  -48.474  -34.996  -4.942 0.0000000000
45696  -48.869  -34.993  -4.305 0.0000000000
45708  -47.846  -35.623  -6.898 0.0000000000
45709  -48.112  -35.095  -6.253 0.0000000000
45716  -47.812  -35.684  -7.530 0.0000000000
45717  -48.130  -35.165  -7.131 0.0000000000
45734  -42.627  -34.687  -7.903 0.0000000000
45735  -47.858  -35.774  -8.294 0.0000000000
45736  -48.280  -35.124  -7.868 0.0000000000
45757  -42.775  -35.348  -8.149 0.0000000000
45758  -43.735  -35.611  -8.768 0.0000000000
45759  -44.282  -35.507  -9.104 0.0000000000
45760  -47.985  -35.981  -9.034 0.0000000000
45761  -48.387  -35.338  -8.764 0.0000000000
45772  -44.127  -36.013  -9.280 0.0000000000
45773  -44.769  -35.669  -9.461 0.0000000000
45774  -45.678  -35.662  -9.871 0.0000000000
45775  -46.306  -35.330  -10.198 0.0000000000
45776  -48.177  -36.243  -9.415 0.0000000000
45777  -48.533  -35.773  -9.706 0.0000000000
45778  -49.053  -35.429  -10.203 0.0000000000
45786  -46.178  -36.007  -10.328 0.0000000000
45787  -46.772  -35.643  -10.753 0.0000000000
45788  -47.347  -35.296  -11.238 0.0000000000
45789  -48.800  -35.878  -10.586 0.0000000000
45790  -49.345  -35.434  -10.847 0.0000000000
45796  -47.222  -35.998  -11.343 0.0000000000
45798  -49.039  -35.918  -11.226 0.0000000000
46653  -49.903  -34.982  -3.025 0.0000000000
46654  -50.244  -34.910  -2.846 0.0000000000
46663  -49.806  -34.810  -3.360 0.0000000000
46664  -50.585  -34.475  -3.415 0.0000000000
46677  -48.945  -34.489  -4.988 0.0000000000
46678  -49.542  -34.485  -4.460 0.0000000000
46679  -51.274  -34.202  -4.608 0.0000000000
46695  -49.120  -34.330  -5.696 0.0000000000
46696  -50.553  -34.263  -5.603 0.0000000000
46697  -51.638  -34.299  -5.720 0.0000000000
46698  -52.306  -34.029  -5.383 0.0000000000
46712  -48.908  -34.530  -7.132 0.0000000000
46713  -50.261  -34.392  -6.693 0.0000000000
46714  -51.445  -34.485  -6.503 0.0000000000
46715  -52.037  -34.214  -6.395 0.0000000000
46730  -49.072  -34.742  -8.312 0.0000000000
46731  -50.151  -34.557  -7.809 0.0000000000
46732  -51.317  -34.692  -7.409 0.0000000000
46733  -52.030  -34.431  -7.204 0.0000000000
46748  -43.000  -34.325  -7.994 0.0000000000
46749  -43.654  -34.552  -8.414 0.0000000000
46750  -44.485  -34.763  -8.958 0.0000000000
46751  -49.100  -35.073  -9.261 0.0000000000
46752  -50.103  -34.846  -8.849 0.0000000000
46753  -51.248  -34.837  -8.360 0.0000000000
46754  -52.010  -34.575  -8.050 0.0000000000
46763  -45.369  -34.661  -9.514 0.0000000000
46764  -46.089  -34.652  -9.949 0.0000000000
46765  -46.597  -34.631  -10.395 0.0000000000
46766  -49.075  -35.267  -9.808 0.0000000000
46767  -49.884  -35.101  -10.005 0.0000000000
46777  -47.138  -34.542  -10.906 0.0000000000
47709  -52.278  -33.545  -5.551 0.0000000000
47731  -51.782  -33.577  -6.859 0.0000000000
47732  -52.097  -33.748  -6.248 0.0000000000
47753  -51.806  -33.671  -7.494 0.0000000000
47754  -52.194  -34.057  -7.018 0.0000000000
47768  -43.496  -33.583  -8.263 0.0000000000
47769  -44.259  -33.645  -8.674 0.0000000000
47770  -51.762  -33.706  -8.359 0.0000000000
47771  -52.271  -34.170  -7.803 0.0000000000
47782  -45.052  -33.634  -9.259 0.0000000000
47783  -45.920  -33.556  -10.005 0.0000000000
47784  -46.335  -34.092  -10.230 0.0000000000
47793  -46.349  -32.942  -10.491 0.0000000000
47794  -46.698  -33.562  -10.662 0.0000000000
48809  -52.350  -32.900  -5.491 0.0000000000
48831  -50.661  -32.526  -6.817 0.0000000000
48832  -51.395  -32.945  -6.420 0.0000000000
48833  -51.939  -33.140  -5.887 0.0000000000
48849  -50.303  -32.518  -7.401 0.0000000000
48850  -51.098  -33.139  -7.109 0.0000000000
48860  -43.944  -32.709  -8.552 0.0000000000
48861  -49.869  -32.511  -8.282 0.0000000000
48862  -50.859  -33.227  -7.891 0.0000000000
48873  -44.646  -32.645  -9.076 0.0000000000
48874  -45.371  -32.559  -9.732 0.0000000000
48875  -49.757  -32.349  -9.379 0.0000000000
48876  -50.692  -33.200  -8.937 0.0000000000
48888  -45.996  -32.387  -10.405 0.0000000000
50003  -52.271  -32.082  -5.376 0.0000000000
50004  -53.017  -31.843  -5.010 0.0000000000
50027  -50.140  -32.045  -6.923 0.0000000000
50028  -50.667  -31.961  -6.386 0.0000000000
50029  -51.556  -32.255  -5.786 0.0000000000
50043  -49.604  -31.522  -7.551 0.0000000000
50044  -50.194  -31.515  -6.925 0.0000000000
50059  -48.694  -30.521  -8.817 0.0000000000
50060  -49.074  -31.431  -8.737 0.0000000000
50072  -44.841  -31.861  -9.649 0.0000000000
50073  -48.840  -30.628  -9.431 0.0000000000
50074  -49.262  -31.401  -9.760 0.0000000000
50087  -49.145  -30.553  -10.077 0.0000000000
51242  -51.794  -31.619  -5.680 0.0000000000
51243  -52.310  -31.277  -5.551 0.0000000000
51244  -53.317  -30.939  -5.319 0.0000000000
51267  -50.583  -31.303  -6.692 0.0000000000
51268  -51.324  -31.034  -6.277 0.0000000000
51269  -52.545  -30.459  -6.080 0.0000000000
51270  -53.744  -30.210  -6.054 0.0000000000
51288  -49.539  -30.615  -7.623 0.0000000000
51289  -50.289  -30.726  -7.223 0.0000000000
51290  -51.107  -30.215  -7.168 0.0000000000
51310  -48.621  -30.078  -8.680 0.0000000000
51311  -48.921  -30.391  -8.128 0.0000000000
51329  -48.580  -29.943  -9.212 0.0000000000
51343  -48.840  -29.832  -9.938 0.0000000000
52541  -51.968  -30.048  -6.917 0.0000000000
52542  -53.033  -29.745  -6.775 0.0000000000
52543  -54.214  -29.620  -6.843 0.0000000000
52564  -49.513  -29.798  -7.658 0.0000000000
52565  -50.472  -29.615  -7.428 0.0000000000
52566  -51.436  -29.432  -7.412 0.0000000000
52567  -52.429  -29.284  -7.386 0.0000000000
52568  -53.491  -29.147  -7.399 0.0000000000
52589  -48.506  -29.489  -8.667 0.0000000000
52590  -48.799  -29.474  -7.982 0.0000000000
52610  -48.198  -29.349  -9.669 0.0000000000
53816  -48.929  -28.326  -7.569 0.0000000000
53817  -49.734  -28.723  -7.383 0.0000000000
53818  -50.806  -28.667  -7.327 0.0000000000
53819  -51.815  -28.531  -7.425 0.0000000000
53820  -52.846  -28.436  -7.566 0.0000000000
53821  -53.892  -28.422  -7.796 0.0000000000
53843  -47.582  -28.621  -8.726 0.0000000000
53844  -48.403  -28.634  -8.183 0.0000000000
53845  -49.030  -28.998  -7.700 0.0000000000
53866  -47.873  -28.991  -9.234 0.0000000000
53867  -48.138  -28.903  -8.937 0.0000000000
54994  -48.299  -27.545  -7.724 0.0000000000
54995  -49.407  -27.663  -7.300 0.0000000000
54996  -50.266  -27.922  -7.143 0.0000000000
54997  -51.168  -27.697  -7.179 0.0000000000
54998  -52.209  -27.582  -7.462 0.0000000000
54999  -53.247  -27.564  -7.811 0.0000000000
55000  -54.103  -27.811  -8.116 0.0000000000
55023  -47.945  -28.055  -8.265 0.0000000000
55024  -53.810  -27.218  -8.133 0.0000000000
56173  -49.061  -26.596  -7.320 0.0000000000
56174  -50.294  -26.828  -7.143 0.0000000000
56175  -51.528  -26.667  -7.396 0.0000000000
56176  -52.573  -26.645  -7.758 0.0000000000
56177  -53.297  -26.840  -8.012 0.0000000000
56204  -53.052  -26.307  -8.095 0.0000000000
56205  -53.787  -26.507  -8.388 0.0000000000
57485  -49.759  -25.645  -7.371 0.0000000000
57486  -50.872  -25.719  -7.451 0.0000000000
57487  -51.967  -25.620  -7.793 0.0000000000
57488  -52.646  -26.019  -7.983 0.0000000000
57511  -52.260  -25.012  -8.119 0.0000000000
57512  -52.987  -25.541  -8.321 0.0000000000
57513  -54.062  -25.703  -8.773 0.0000000000
58852  -49.229  -24.659  -7.482 0.0000000000
58853  -50.406  -24.582  -7.610 0.0000000000
58854  -51.208  -25.076  -7.680 0.0000000000
58868  -50.804  -23.934  -7.851 0.0000000000
58869  -51.536  -24.439  -7.968 0.0000000000
58870  -52.535  -24.479  -8.402 0.0000000000
58871  -53.705  -24.656  -8.832 0.0000000000
60097  -49.567  -23.904  -7.598 0.0000000000
60117  -50.143  -23.383  -7.824 0.0000000000
60118  -51.039  -23.383  -8.126 0.0000000000
60119  -51.919  -23.555  -8.400 0.0000000000
60120  -52.862  -23.649  -8.656 0.0000000000
60135  -53.702  -23.625  -8.960 0.0000000000
61342  -50.378  -22.451  -8.342 0.0000000000
61343  -51.347  -22.602  -8.484 0.0000000000
61344  -52.246  -22.733  -8.633 0.0000000000
61345  -53.107  -22.791  -8.812 0.0000000000
61359  -53.902  -22.773  -9.115 0.0000000000
62577  -50.787  -21.658  -8.737 0.0000000000
62578  -51.721  -21.815  -8.736 0.0000000000
62579  -52.602  -21.925  -8.795 0.0000000000
62580  -53.386  -21.990  -8.934 0.0000000000
63926  -51.270  -20.929  -8.985 0.0000000000
63927  -52.181  -21.024  -8.918 0.0000000000
63928  -53.070  -21.186  -8.964 0.0000000000
63929  -53.613  -21.405  -9.053 0.0000000000
66809  -49.501  -18.330  -16.101 0.0000000000
66810  -50.302  -18.402  -15.860 0.0000000000
66822  -49.191  -18.237  -16.452 0.0000000000
66823  -49.918  -18.263  -16.833 0.0000000000
66832  -49.993  -18.337  -17.736 0.0000000000
66851  -49.806  -18.310  -18.519 0.0000000000
66874  -49.587  -18.142  -19.187 0.0000000000
66892  -49.740  -18.170  -19.938 0.0000000000
66912  -49.923  -18.093  -20.687 0.0000000000
67906  -52.854  -16.748  -5.527 0.0000000000
67929  -51.940  -16.738  -6.315 0.0000000000
67930  -52.440  -16.911  -6.000 0.0000000000
67931  -53.355  -17.562  -6.170 0.0000000000
67957  -51.838  -16.992  -6.726 0.0000000000
67958  -52.578  -17.416  -6.981 0.0000000000
68042  -48.632  -17.447  -13.148 0.0000000000
68043  -49.819  -17.469  -13.102 0.0000000000
68054  -47.113  -17.442  -14.235 0.0000000000
68055  -48.203  -17.666  -14.107 0.0000000000
68056  -49.292  -17.884  -13.938 0.0000000000
68057  -50.372  -17.905  -13.856 0.0000000000
68077  -46.869  -17.288  -15.394 0.0000000000
68078  -47.824  -17.848  -15.101 0.0000000000
68079  -48.874  -18.098  -14.859 0.0000000000
68080  -49.980  -18.234  -14.799 0.0000000000
68096  -46.957  -17.016  -16.463 0.0000000000
68097  -47.663  -17.705  -16.189 0.0000000000
68098  -48.688  -18.214  -15.881 0.0000000000
68099  -49.457  -18.296  -15.488 0.0000000000
68111  -47.045  -16.861  -16.926 0.0000000000
68112  -47.478  -17.191  -17.193 0.0000000000
68113  -48.725  -17.927  -16.961 0.0000000000
68114  -49.452  -18.144  -17.330 0.0000000000
68123  -47.661  -16.905  -18.081 0.0000000000
68124  -48.362  -17.494  -17.935 0.0000000000
68125  -49.225  -17.985  -17.839 0.0000000000
68138  -47.712  -16.605  -18.576 0.0000000000
68139  -48.205  -17.084  -18.893 0.0000000000
68140  -49.012  -17.779  -18.639 0.0000000000
68157  -48.536  -16.919  -19.530 0.0000000000
68158  -49.015  -17.521  -19.510 0.0000000000
68172  -48.840  -16.962  -19.969 0.0000000000
68173  -49.364  -17.371  -20.421 0.0000000000
68186  -49.911  -17.491  -21.204 0.0000000000
68187  -50.547  -17.565  -21.806 0.0000000000
68197  -51.144  -17.544  -22.411 0.0000000000
68198  -51.758  -17.470  -22.943 0.0000000000
68210  -52.260  -17.411  -23.270 0.0000000000
69120  -52.271  -15.806  -5.592 0.0000000000
69121  -52.716  -16.282  -5.462 0.0000000000
69122  -53.630  -16.125  -4.896 0.0000000000
69140  -50.821  -15.916  -6.589 0.0000000000
69141  -51.583  -16.224  -6.197 0.0000000000
69142  -52.208  -16.520  -5.875 0.0000000000
69162  -49.612  -15.743  -7.535 0.0000000000
69163  -50.249  -15.976  -7.156 0.0000000000
69164  -51.053  -16.775  -7.369 0.0000000000
69165  -51.927  -17.088  -7.712 0.0000000000
69166  -52.799  -17.092  -7.860 0.0000000000
69192  -48.639  -15.661  -8.411 0.0000000000
69193  -49.186  -15.877  -8.058 0.0000000000
69194  -50.174  -16.509  -8.226 0.0000000000
69195  -51.291  -16.622  -8.512 0.0000000000
69196  -52.400  -16.545  -8.589 0.0000000000
69207  -47.795  -15.585  -9.356 0.0000000000
69208  -48.285  -15.798  -8.973 0.0000000000
69209  -49.303  -16.350  -9.141 0.0000000000
69210  -50.486  -16.389  -9.408 0.0000000000
69211  -51.893  -16.120  -9.706 0.0000000000
69224  -46.914  -15.537  -10.464 0.0000000000
69225  -47.502  -15.746  -9.941 0.0000000000
69226  -48.478  -16.244  -10.102 0.0000000000
69227  -49.616  -16.372  -10.311 0.0000000000
69228  -50.856  -16.327  -10.557 0.0000000000
69229  -52.028  -16.295  -10.871 0.0000000000
69256  -46.837  -15.907  -10.963 0.0000000000
69257  -47.617  -16.374  -11.067 0.0000000000
69258  -48.757  -16.601  -11.229 0.0000000000
69259  -50.009  -16.658  -11.379 0.0000000000
69260  -51.213  -16.645  -11.612 0.0000000000
69277  -46.036  -15.927  -12.457 0.0000000000
69278  -46.610  -16.303  -12.033 0.0000000000
69279  -47.807  -17.036  -12.260 0.0000000000
69280  -49.225  -17.091  -12.216 0.0000000000
69281  -50.473  -17.068  -12.326 0.0000000000
69288  -45.957  -16.217  -13.171 0.0000000000
69289  -46.769  -16.935  -13.217 0.0000000000
69290  -47.646  -17.350  -13.377 0.0000000000
69307  -45.822  -16.026  -13.878 0.0000000000
69308  -46.176  -16.533  -14.414 0.0000000000
69325  -46.351  -16.415  -15.873 0.0000000000
69337  -46.784  -16.383  -17.117 0.0000000000
69338  -47.269  -16.667  -17.637 0.0000000000
69349  -46.862  -15.823  -17.675 0.0000000000
69350  -47.265  -16.173  -18.154 0.0000000000
69365  -47.859  -16.179  -19.138 0.0000000000
69366  -48.256  -16.633  -19.361 0.0000000000
69384  -48.164  -15.780  -19.635 0.0000000000
69385  -48.486  -16.275  -19.869 0.0000000000
69398  -49.009  -16.581  -20.425 0.0000000000
69399  -49.523  -16.576  -21.038 0.0000000000
69412  -50.195  -16.671  -21.603 0.0000000000
69413  -50.800  -16.687  -22.097 0.0000000000
69422  -51.469  -16.689  -22.528 0.0000000000
69423  -52.273  -16.709  -22.996 0.0000000000
69433  -52.557  -17.161  -23.339 0.0000000000
70412  -52.164  -15.236  -5.646 0.0000000000
70413  -52.900  -15.324  -5.352 0.0000000000
70414  -53.574  -15.458  -4.986 0.0000000000
70428  -50.204  -15.000  -6.837 0.0000000000
70429  -50.773  -15.361  -6.504 0.0000000000
70430  -51.522  -15.160  -5.967 0.0000000000
70442  -48.935  -14.986  -7.680 0.0000000000
70443  -49.474  -15.220  -7.416 0.0000000000
70444  -50.156  -15.424  -6.974 0.0000000000
70469  -47.986  -14.953  -8.598 0.0000000000
70470  -48.501  -15.193  -8.208 0.0000000000
70471  -49.013  -15.490  -7.867 0.0000000000
70490  -47.260  -14.947  -9.594 0.0000000000
70491  -47.648  -15.145  -9.161 0.0000000000
70492  -48.113  -15.412  -8.765 0.0000000000
70499  -47.054  -15.150  -9.968 0.0000000000
70500  -47.386  -15.359  -9.690 0.0000000000
70519  -46.156  -15.219  -11.536 0.0000000000
70520  -46.424  -15.233  -11.041 0.0000000000
70541  -46.084  -15.496  -11.901 0.0000000000
70542  -46.460  -15.754  -11.485 0.0000000000
70549  -45.766  -15.515  -12.754 0.0000000000
70560  -45.724  -15.440  -13.602 0.0000000000
70561  -45.825  -15.692  -14.301 0.0000000000
70577  -45.833  -14.938  -14.299 0.0000000000
70578  -45.952  -15.376  -15.199 0.0000000000
70590  -46.299  -15.467  -16.433 0.0000000000
70601  -46.631  -15.371  -17.314 0.0000000000
70602  -47.011  -15.257  -18.039 0.0000000000
70616  -47.479  -15.330  -18.783 0.0000000000
70633  -47.947  -15.281  -19.475 0.0000000000
70634  -48.450  -15.353  -20.021 0.0000000000
70649  -49.130  -15.666  -20.626 0.0000000000
70650  -50.254  -15.607  -21.330 0.0000000000
70651  -50.957  -15.190  -21.416 0.0000000000
70660  -50.607  -16.132  -21.786 0.0000000000
70661  -51.382  -15.662  -21.970 0.0000000000
70662  -52.583  -15.085  -22.122 0.0000000000
70672  -51.852  -16.213  -22.506 0.0000000000
70673  -52.442  -15.855  -22.531 0.0000000000
71633  -52.132  -14.310  -5.802 0.0000000000
71634  -52.997  -14.472  -5.469 0.0000000000
71635  -53.856  -14.611  -5.048 0.0000000000
71647  -50.107  -14.550  -6.987 0.0000000000
71648  -50.749  -14.334  -6.564 0.0000000000
71649  -51.352  -14.543  -6.166 0.0000000000
71664  -49.072  -14.432  -7.669 0.0000000000
71665  -49.809  -14.165  -7.249 0.0000000000
71666  -50.373  -13.959  -6.911 0.0000000000
71683  -47.993  -14.416  -8.560 0.0000000000
71684  -48.550  -14.234  -8.091 0.0000000000
71708  -47.151  -14.478  -9.681 0.0000000000
71709  -47.504  -14.233  -9.095 0.0000000000
71719  -46.674  -14.490  -10.447 0.0000000000
71724  -46.009  -14.912  -11.640 0.0000000000
71725  -46.284  -14.382  -11.211 0.0000000000
71743  -45.770  -14.881  -12.355 0.0000000000
71744  -45.974  -14.224  -11.961 0.0000000000
71761  -45.701  -14.931  -13.066 0.0000000000
71762  -45.957  -14.205  -12.909 0.0000000000
71772  -45.839  -14.640  -13.653 0.0000000000
71773  -46.158  -13.987  -13.793 0.0000000000
71788  -45.988  -14.422  -14.139 0.0000000000
71789  -46.216  -14.121  -14.747 0.0000000000
71806  -46.380  -14.354  -15.981 0.0000000000
71807  -46.856  -14.068  -16.724 0.0000000000
71817  -46.550  -14.738  -16.824 0.0000000000
71818  -47.010  -14.395  -17.500 0.0000000000
71829  -47.571  -14.355  -18.420 0.0000000000
71830  -48.184  -14.044  -18.967 0.0000000000
71845  -47.846  -14.654  -19.128 0.0000000000
71846  -48.558  -14.395  -19.658 0.0000000000
71847  -49.362  -14.236  -20.087 0.0000000000
71865  -48.990  -14.810  -20.308 0.0000000000
71866  -49.863  -14.634  -20.621 0.0000000000
71867  -50.914  -14.590  -21.020 0.0000000000
71868  -51.607  -14.369  -21.167 0.0000000000
71880  -51.359  -14.884  -21.416 0.0000000000
71881  -52.064  -14.606  -21.561 0.0000000000
73000  -52.369  -13.667  -5.878 0.0000000000
73001  -53.028  -13.604  -5.643 0.0000000000
73017  -50.960  -13.387  -6.737 0.0000000000
73018  -51.808  -13.537  -6.213 0.0000000000
73019  -52.613  -13.224  -5.886 0.0000000000
73038  -48.962  -13.698  -7.898 0.0000000000
73039  -49.646  -13.407  -7.578 0.0000000000
73040  -50.369  -13.370  -7.167 0.0000000000
73059  -47.812  -13.661  -8.855 0.0000000000
73060  -48.512  -13.353  -8.407 0.0000000000
73061  -49.196  -13.057  -7.966 0.0000000000
73089  -46.894  -13.858  -10.150 0.0000000000
73090  -47.427  -13.387  -9.584 0.0000000000
73091  -48.011  -12.989  -8.982 0.0000000000
73115  -46.588  -13.777  -10.783 0.0000000000
73116  -47.001  -13.203  -10.459 0.0000000000
73126  -46.374  -13.646  -11.505 0.0000000000
73134  -46.311  -13.505  -12.306 0.0000000000
73152  -46.404  -13.366  -13.164 0.0000000000
73173  -46.742  -13.210  -14.053 0.0000000000
73174  -47.269  -13.012  -14.583 0.0000000000
73185  -46.810  -13.367  -14.834 0.0000000000
73186  -47.475  -13.095  -15.213 0.0000000000
73187  -48.055  -12.918  -15.718 0.0000000000
73201  -46.719  -13.618  -15.418 0.0000000000
73202  -47.243  -13.448  -16.106 0.0000000000
73203  -48.202  -12.957  -16.414 0.0000000000
73217  -47.524  -13.517  -17.009 0.0000000000
73218  -48.570  -12.985  -17.272 0.0000000000
73219  -49.366  -12.875  -17.768 0.0000000000
73230  -47.740  -13.652  -17.764 0.0000000000
73231  -48.508  -13.440  -18.302 0.0000000000
73232  -49.694  -13.031  -18.558 0.0000000000
73233  -50.353  -12.929  -19.091 0.0000000000
73244  -48.830  -13.605  -19.073 0.0000000000
73245  -49.593  -13.581  -19.511 0.0000000000
73246  -50.653  -13.260  -19.701 0.0000000000
73247  -51.313  -13.223  -20.122 0.0000000000
73263  -49.999  -13.880  -20.117 0.0000000000
73264  -50.728  -13.857  -20.412 0.0000000000
73265  -51.816  -13.611  -20.731 0.0000000000
73288  -52.006  -14.123  -21.158 0.0000000000
73289  -52.630  -13.853  -21.239 0.0000000000
74329  -53.244  -12.911  -5.760 0.0000000000
74343  -50.925  -12.779  -7.036 0.0000000000
74344  -51.727  -12.395  -6.739 0.0000000000
74345  -52.827  -12.512  -6.158 0.0000000000
74361  -49.751  -12.653  -7.861 0.0000000000
74362  -50.524  -12.482  -7.504 0.0000000000
74363  -51.156  -12.292  -7.146 0.0000000000
74381  -48.572  -12.553  -8.875 0.0000000000
74382  -49.347  -12.297  -8.437 0.0000000000
74383  -50.129  -12.083  -8.026 0.0000000000
74405  -47.508  -12.640  -10.248 0.0000000000
74406  -48.266  -12.314  -9.683 0.0000000000
74407  -48.971  -12.015  -9.137 0.0000000000
74438  -46.732  -13.200  -11.095 0.0000000000
74439  -47.237  -12.571  -11.072 0.0000000000
74440  -47.989  -12.063  -10.664 0.0000000000
74465  -46.698  -12.949  -11.736 0.0000000000
74466  -47.323  -12.374  -11.982 0.0000000000
74467  -47.795  -12.131  -12.359 0.0000000000
74488  -46.731  -12.801  -12.541 0.0000000000
74489  -47.354  -12.403  -12.747 0.0000000000
74490  -48.015  -12.104  -12.910 0.0000000000
74507  -46.894  -12.740  -13.294 0.0000000000
74508  -47.537  -12.468  -13.400 0.0000000000
74509  -48.313  -12.251  -13.608 0.0000000000
74510  -49.014  -12.182  -13.880 0.0000000000
74511  -49.716  -12.059  -13.898 0.0000000000
74535  -47.159  -12.744  -13.726 0.0000000000
74536  -47.595  -12.675  -14.068 0.0000000000
74537  -48.446  -12.491  -14.283 0.0000000000
74538  -49.328  -12.371  -14.395 0.0000000000
74539  -50.460  -12.123  -14.246 0.0000000000
74540  -51.773  -11.975  -14.275 0.0000000000
74541  -53.112  -11.972  -14.243 0.0000000000
74565  -47.849  -12.759  -14.659 0.0000000000
74566  -48.543  -12.680  -15.019 0.0000000000
74567  -49.700  -12.517  -15.040 0.0000000000
74568  -50.904  -12.403  -15.035 0.0000000000
74569  -52.229  -12.344  -15.055 0.0000000000
74577  -48.919  -12.660  -15.761 0.0000000000
74578  -49.962  -12.603  -15.848 0.0000000000
74579  -51.161  -12.577  -15.956 0.0000000000
74580  -52.516  -12.573  -16.037 0.0000000000
74596  -49.103  -12.690  -16.453 0.0000000000
74597  -49.949  -12.634  -16.866 0.0000000000
74598  -51.295  -12.516  -16.986 0.0000000000
74599  -52.621  -12.402  -17.118 0.0000000000
74615  -50.277  -12.653  -17.704 0.0000000000
74616  -51.180  -12.479  -18.295 0.0000000000
74630  -50.944  -12.731  -19.165 0.0000000000
74631  -51.785  -12.566  -19.429 0.0000000000
74644  -48.131  -12.508  -20.934 0.0000000000
74648  -51.813  -12.935  -20.184 0.0000000000
74663  -47.954  -12.803  -21.729 0.0000000000
74687  -47.630  -12.488  -22.475 0.0000000000
74711  -47.521  -12.110  -23.035 0.0000000000
75675  -52.059  -11.647  -6.877 0.0000000000
75676  -52.789  -11.595  -6.637 0.0000000000
75688  -50.700  -11.681  -7.861 0.0000000000
75689  -51.503  -11.518  -7.339 0.0000000000
75690  -52.355  -11.197  -7.006 0.0000000000
75702  -49.577  -11.609  -9.050 0.0000000000
75703  -50.378  -11.349  -8.582 0.0000000000
75704  -51.129  -11.113  -8.052 0.0000000000
75716  -48.695  -11.665  -10.411 0.0000000000
75717  -49.263  -11.501  -9.798 0.0000000000
75718  -50.085  -11.092  -9.458 0.0000000000
75736  -47.885  -12.016  -11.506 0.0000000000
75737  -48.643  -11.576  -11.214 0.0000000000
75738  -49.481  -11.154  -10.799 0.0000000000
75739  -49.955  -10.930  -10.176 0.0000000000
75750  -47.853  -12.050  -11.998 0.0000000000
75751  -48.481  -11.780  -12.197 0.0000000000
75752  -49.620  -11.315  -11.795 0.0000000000
75753  -50.216  -11.157  -11.931 0.0000000000
75770  -48.746  -11.892  -13.091 0.0000000000
75771  -49.528  -11.630  -12.745 0.0000000000
75772  -50.613  -11.314  -12.502 0.0000000000
75773  -51.819  -11.284  -12.818 0.0000000000
75774  -52.855  -11.323  -12.873 0.0000000000
75775  -53.612  -11.431  -13.148 0.0000000000
75776  -54.133  -11.340  -13.178 0.0000000000
75798  -48.859  -12.030  -13.532 0.0000000000
75799  -49.370  -11.887  -13.452 0.0000000000
75800  -50.352  -11.703  -13.449 0.0000000000
75801  -51.497  -11.417  -13.366 0.0000000000
75802  -52.355  -11.440  -13.592 0.0000000000
75803  -53.270  -11.431  -13.762 0.0000000000
75804  -54.041  -11.327  -13.613 0.0000000000
75829  -51.275  -11.699  -13.835 0.0000000000
75830  -52.251  -11.450  -13.875 0.0000000000
75868  -52.955  -10.827  -14.639 0.0000000000
75948  -47.241  -11.414  -19.092 0.0000000000
75949  -48.058  -11.076  -18.840 0.0000000000
75950  -48.754  -10.653  -18.716 0.0000000000
75981  -46.862  -11.582  -19.881 0.0000000000
75982  -47.855  -11.560  -19.608 0.0000000000
75983  -48.998  -11.045  -19.367 0.0000000000
76016  -46.648  -11.511  -20.913 0.0000000000
76017  -47.471  -11.993  -20.461 0.0000000000
76018  -48.539  -11.860  -20.188 0.0000000000
76048  -46.672  -11.399  -21.767 0.0000000000
76049  -47.233  -12.178  -21.532 0.0000000000
76066  -46.615  -11.021  -22.183 0.0000000000
76067  -47.035  -11.605  -22.583 0.0000000000
76083  -47.586  -11.599  -23.516 0.0000000000
76098  -47.717  -11.088  -23.888 0.0000000000
77095  -53.009  -10.886  -6.947 0.0000000000
77108  -51.726  -10.702  -7.902 0.0000000000
77109  -52.579  -10.540  -7.507 0.0000000000
77121  -50.764  -10.698  -9.253 0.0000000000
77122  -51.483  -10.455  -8.712 0.0000000000
77123  -52.222  -10.242  -8.200 0.0000000000
77132  -50.679  -10.591  -10.009 0.0000000000
77133  -51.395  -10.267  -9.680 0.0000000000
77151  -50.032  -11.003  -11.380 0.0000000000
77152  -50.499  -10.721  -10.913 0.0000000000
77153  -51.628  -10.306  -10.718 0.0000000000
77154  -52.575  -10.152  -11.068 0.0000000000
77155  -53.138  -9.988  -11.026 0.0000000000
77170  -50.103  -11.101  -11.697 0.0000000000
77171  -50.579  -10.961  -11.746 0.0000000000
77172  -51.409  -10.696  -11.600 0.0000000000
77173  -52.385  -10.554  -11.649 0.0000000000
77174  -53.467  -10.491  -11.636 0.0000000000
77175  -54.467  -10.732  -12.123 0.0000000000
77176  -55.348  -10.612  -12.221 0.0000000000
77188  -51.305  -11.001  -12.215 0.0000000000
77189  -52.146  -10.909  -12.319 0.0000000000
77190  -53.087  -10.966  -12.424 0.0000000000
77191  -53.960  -11.107  -12.624 0.0000000000
77192  -54.740  -11.041  -12.985 0.0000000000
77193  -55.601  -10.401  -12.482 0.0000000000
77203  -48.666  -9.903  -13.996 0.0000000000
77204  -49.113  -10.044  -13.971 0.0000000000
77205  -50.178  -10.315  -13.961 0.0000000000
77206  -51.597  -10.736  -14.011 0.0000000000
77207  -52.630  -10.941  -13.773 0.0000000000
77208  -53.614  -10.930  -14.005 0.0000000000
77209  -54.254  -10.823  -13.506 0.0000000000
77218  -46.609  -9.712  -14.922 0.0000000000
77219  -46.989  -9.834  -14.769 0.0000000000
77220  -48.148  -10.009  -14.353 0.0000000000
77221  -49.268  -10.468  -14.575 0.0000000000
77222  -50.491  -10.678  -14.673 0.0000000000
77223  -51.689  -10.793  -14.571 0.0000000000
77238  -45.771  -9.634  -15.652 0.0000000000
77239  -46.275  -9.757  -15.313 0.0000000000
77240  -47.219  -10.316  -15.307 0.0000000000
77241  -48.348  -10.550  -15.376 0.0000000000
77242  -49.512  -10.660  -15.517 0.0000000000
77243  -50.683  -10.751  -15.544 0.0000000000
77244  -51.812  -10.799  -15.456 0.0000000000
77265  -45.650  -9.824  -16.068 0.0000000000
77266  -46.443  -10.253  -16.201 0.0000000000
77267  -47.512  -10.472  -16.302 0.0000000000
77268  -48.629  -10.534  -16.404 0.0000000000
77269  -49.746  -10.540  -16.497 0.0000000000
77270  -50.855  -10.593  -16.554 0.0000000000
77289  -44.838  -9.864  -17.536 0.0000000000
77290  -45.480  -10.198  -17.097 0.0000000000
77291  -46.704  -10.565  -17.224 0.0000000000
77292  -47.850  -10.498  -17.310 0.0000000000
77293  -48.939  -10.371  -17.382 0.0000000000
77294  -49.999  -10.206  -17.478 0.0000000000
77315  -44.911  -10.116  -18.286 0.0000000000
77316  -45.901  -10.751  -18.205 0.0000000000
77317  -47.188  -10.983  -18.240 0.0000000000
77318  -48.313  -10.534  -18.164 0.0000000000
77319  -49.287  -10.266  -18.312 0.0000000000
77344  -44.844  -9.889  -19.005 0.0000000000
77345  -45.378  -10.307  -19.406 0.0000000000
77346  -46.361  -11.151  -19.153 0.0000000000
77347  -49.196  -10.548  -18.850 0.0000000000
77374  -45.556  -10.064  -20.644 0.0000000000
77375  -46.120  -10.892  -20.266 0.0000000000
77406  -45.676  -9.838  -21.257 0.0000000000
77407  -46.171  -10.496  -21.573 0.0000000000
77422  -46.762  -10.535  -22.743 0.0000000000
77423  -47.110  -11.096  -23.114 0.0000000000
77438  -47.002  -10.232  -23.159 0.0000000000
77439  -47.342  -10.560  -23.466 0.0000000000
78401  -52.851  -9.867  -8.085 0.0000000000
78402  -53.553  -9.868  -7.730 0.0000000000
78413  -51.974  -9.896  -9.411 0.0000000000
78414  -52.520  -9.669  -8.816 0.0000000000
78415  -53.595  -9.331  -8.391 0.0000000000
78426  -52.072  -9.932  -10.134 0.0000000000
78427  -52.666  -9.515  -9.860 0.0000000000
78428  -53.362  -9.135  -9.384 0.0000000000
78443  -52.229  -10.028  -10.620 0.0000000000
78444  -52.722  -9.808  -10.591 0.0000000000
78445  -53.841  -9.599  -10.722 0.0000000000
78465  -54.182  -10.332  -11.528 0.0000000000
78466  -54.887  -10.290  -11.571 0.0000000000
78480  -52.480  -9.553  -13.094 0.0000000000
78481  -53.180  -9.687  -13.065 0.0000000000
78482  -53.964  -9.819  -13.050 0.0000000000
78483  -54.854  -10.199  -12.937 0.0000000000
78495  -48.804  -9.499  -13.809 0.0000000000
78496  -49.810  -9.597  -13.643 0.0000000000
78497  -50.988  -9.763  -13.535 0.0000000000
78498  -52.086  -10.097  -13.437 0.0000000000
78499  -52.974  -10.305  -13.477 0.0000000000
78500  -53.721  -10.366  -13.431 0.0000000000
78501  -54.229  -10.374  -13.282 0.0000000000
78510  -46.636  -9.429  -14.760 0.0000000000
78511  -47.327  -9.322  -14.343 0.0000000000
78512  -48.061  -9.153  -13.930 0.0000000000
78525  -45.008  -8.970  -15.751 0.0000000000
78526  -45.429  -9.257  -15.602 0.0000000000
78527  -46.101  -9.052  -14.956 0.0000000000
78543  -44.835  -9.103  -16.043 0.0000000000
78544  -45.159  -9.506  -16.222 0.0000000000
78561  -44.746  -9.453  -16.891 0.0000000000
78562  -45.258  -9.758  -16.576 0.0000000000
78579  -44.441  -9.410  -17.890 0.0000000000
78599  -44.494  -9.297  -18.859 0.0000000000
78600  -44.862  -9.572  -19.423 0.0000000000
78625  -44.638  -8.954  -19.606 0.0000000000
78626  -45.081  -9.294  -20.164 0.0000000000
78659  -45.449  -9.257  -21.026 0.0000000000
78660  -45.831  -9.381  -21.691 0.0000000000
78685  -46.386  -9.542  -22.408 0.0000000000
78701  -47.000  -9.614  -23.189 0.0000000000
78702  -47.810  -9.674  -23.886 0.0000000000
79639  -54.037  -9.032  -8.443 0.0000000000
79650  -54.007  -8.859  -8.845 0.0000000000
79668  -54.106  -8.862  -9.702 0.0000000000
79699  -52.280  -9.200  -12.929 0.0000000000
79700  -52.609  -9.136  -12.836 0.0000000000
79701  -53.368  -8.902  -12.714 0.0000000000
79702  -54.293  -9.173  -12.665 0.0000000000
79714  -48.624  -8.638  -13.766 0.0000000000
79715  -49.429  -8.823  -13.574 0.0000000000
79716  -50.473  -8.883  -13.368 0.0000000000
79717  -51.805  -9.002  -12.961 0.0000000000
79718  -52.713  -8.526  -12.864 0.0000000000
79719  -53.141  -8.439  -12.826 0.0000000000
79726  -46.767  -8.589  -14.561 0.0000000000
79727  -47.627  -8.579  -14.144 0.0000000000
79728  -48.143  -8.576  -13.905 0.0000000000
79736  -44.945  -8.452  -15.754 0.0000000000
79737  -45.752  -8.483  -15.233 0.0000000000
79738  -46.251  -8.489  -14.893 0.0000000000
79749  -43.879  -7.934  -17.005 0.0000000000
79750  -44.387  -8.576  -16.525 0.0000000000
79764  -43.674  -7.939  -17.841 0.0000000000
79765  -44.104  -8.701  -17.403 0.0000000000
79779  -43.765  -7.782  -18.689 0.0000000000
79780  -44.042  -8.593  -18.352 0.0000000000
79793  -43.894  -7.607  -19.173 0.0000000000
79794  -44.207  -8.192  -19.334 0.0000000000
79807  -44.718  -8.339  -20.133 0.0000000000
79808  -45.232  -8.432  -20.772 0.0000000000
79826  -45.642  -8.502  -21.467 0.0000000000
79827  -46.151  -8.586  -22.121 0.0000000000
79848  -46.814  -8.647  -22.833 0.0000000000
79849  -47.267  -8.263  -23.049 0.0000000000
79872  -46.986  -8.999  -23.198 0.0000000000
79873  -47.365  -8.809  -23.357 0.0000000000
80919  -53.864  -8.605  -12.755 0.0000000000
80920  -54.483  -8.429  -12.781 0.0000000000
80931  -48.670  -8.257  -13.831 0.0000000000
80932  -49.061  -8.208  -13.777 0.0000000000
80933  -49.957  -8.133  -13.667 0.0000000000
80934  -51.033  -8.063  -13.461 0.0000000000
80935  -52.153  -7.944  -13.239 0.0000000000
80936  -53.401  -8.037  -13.062 0.0000000000
80937  -54.638  -7.704  -13.289 0.0000000000
80946  -46.817  -8.085  -14.600 0.0000000000
80947  -47.292  -7.899  -14.442 0.0000000000
80948  -48.366  -7.956  -14.021 0.0000000000
80949  -49.409  -7.581  -14.083 0.0000000000
80950  -50.442  -7.415  -14.019 0.0000000000
80951  -51.516  -7.281  -13.883 0.0000000000
80952  -52.649  -7.239  -13.838 0.0000000000
80953  -53.817  -7.181  -13.918 0.0000000000
80961  -44.953  -7.695  -15.776 0.0000000000
80962  -45.539  -7.739  -15.486 0.0000000000
80963  -46.494  -7.785  -14.931 0.0000000000
80964  -47.328  -7.230  -14.832 0.0000000000
80975  -43.906  -7.376  -16.869 0.0000000000
80976  -44.407  -7.535  -16.319 0.0000000000
80987  -43.670  -7.224  -17.407 0.0000000000
80998  -43.547  -7.097  -18.256 0.0000000000
81010  -43.701  -7.100  -19.055 0.0000000000
81011  -44.067  -7.295  -19.561 0.0000000000
81022  -44.465  -7.489  -20.065 0.0000000000
81023  -44.970  -7.587  -20.635 0.0000000000
81036  -45.439  -7.658  -21.239 0.0000000000
81037  -45.918  -7.721  -21.837 0.0000000000
81057  -46.495  -7.760  -22.369 0.0000000000
81058  -47.113  -7.746  -22.805 0.0000000000
82115  -47.945  -7.288  -14.540 0.0000000000
82116  -48.814  -7.048  -14.538 0.0000000000
82117  -49.873  -6.878  -14.567 0.0000000000
82118  -50.927  -6.720  -14.502 0.0000000000
82119  -52.007  -6.662  -14.504 0.0000000000
82120  -53.103  -6.690  -14.624 0.0000000000
82130  -45.147  -7.049  -15.811 0.0000000000
82131  -46.071  -6.961  -15.555 0.0000000000
82132  -46.989  -6.803  -15.307 0.0000000000
82133  -48.084  -6.590  -15.205 0.0000000000
82134  -49.314  -6.425  -15.179 0.0000000000
82135  -50.387  -6.300  -15.157 0.0000000000
82136  -51.435  -6.200  -15.124 0.0000000000
82137  -52.473  -6.174  -15.170 0.0000000000
82153  -43.952  -6.759  -16.858 0.0000000000
82154  -44.721  -6.380  -16.436 0.0000000000
82155  -45.710  -6.282  -16.115 0.0000000000
82156  -46.647  -6.227  -15.862 0.0000000000
82157  -47.430  -6.230  -15.690 0.0000000000
82169  -43.620  -6.141  -17.696 0.0000000000
82170  -44.155  -6.032  -16.938 0.0000000000
82181  -43.519  -6.280  -18.794 0.0000000000
82192  -43.871  -6.439  -19.767 0.0000000000
82193  -44.273  -6.939  -20.003 0.0000000000
82202  -44.058  -6.114  -20.325 0.0000000000
82203  -44.579  -6.581  -20.697 0.0000000000
82204  -45.165  -7.107  -21.059 0.0000000000
82213  -44.882  -6.167  -21.409 0.0000000000
82214  -45.553  -6.680  -21.759 0.0000000000
82215  -46.148  -7.211  -22.175 0.0000000000
82230  -45.957  -6.265  -22.432 0.0000000000
82231  -46.701  -6.735  -22.683 0.0000000000
82232  -47.421  -7.258  -23.019 0.0000000000
82256  -47.185  -6.302  -23.253 0.0000000000
83250  -48.041  -5.950  -15.836 0.0000000000
83251  -48.862  -5.949  -15.786 0.0000000000
83252  -49.875  -5.791  -15.693 0.0000000000
83253  -50.909  -5.648  -15.600 0.0000000000
83254  -51.937  -5.618  -15.592 0.0000000000
83269  -44.662  -5.702  -16.809 0.0000000000
83270  -45.365  -5.511  -16.665 0.0000000000
83271  -46.327  -5.607  -16.399 0.0000000000
83272  -47.386  -5.618  -16.221 0.0000000000
83273  -48.423  -5.456  -16.291 0.0000000000
83274  -49.398  -5.352  -16.274 0.0000000000
83275  -50.417  -5.178  -16.181 0.0000000000
83292  -43.760  -5.107  -17.878 0.0000000000
83293  -44.287  -5.342  -17.241 0.0000000000
83294  -44.863  -5.297  -16.911 0.0000000000
83308  -43.504  -5.356  -18.539 0.0000000000
83318  -43.512  -5.488  -19.431 0.0000000000
83326  -43.756  -5.621  -20.178 0.0000000000
83327  -44.116  -5.804  -20.650 0.0000000000
83336  -43.851  -5.201  -20.730 0.0000000000
83337  -44.406  -5.522  -21.337 0.0000000000
83338  -45.032  -5.865  -21.805 0.0000000000
83347  -44.815  -5.310  -22.088 0.0000000000
83348  -45.494  -5.663  -22.448 0.0000000000
83349  -46.184  -5.944  -22.728 0.0000000000
83366  -45.976  -5.487  -23.002 0.0000000000
83367  -46.650  -5.769  -23.300 0.0000000000
83380  -47.068  -5.637  -23.924 0.0000000000
84370  -45.510  -5.099  -16.861 0.0000000000
84371  -45.948  -5.061  -16.821 0.0000000000
84372  -46.896  -5.020  -16.776 0.0000000000
84373  -47.907  -4.955  -16.757 0.0000000000
84374  -48.899  -4.879  -16.778 0.0000000000
84375  -49.888  -4.740  -16.746 0.0000000000
84387  -43.846  -4.744  -17.960 0.0000000000
84388  -44.199  -4.596  -17.741 0.0000000000
84389  -45.225  -4.747  -17.144 0.0000000000
84390  -46.373  -4.494  -17.220 0.0000000000
84391  -47.404  -4.430  -17.241 0.0000000000
84392  -48.395  -4.410  -17.281 0.0000000000
84393  -49.354  -4.333  -17.277 0.0000000000
84406  -43.715  -4.558  -18.311 0.0000000000
84407  -44.115  -3.986  -18.187 0.0000000000
84417  -43.434  -4.563  -19.166 0.0000000000
84426  -43.477  -4.669  -20.163 0.0000000000
84436  -43.756  -4.383  -21.298 0.0000000000
84437  -44.344  -4.837  -21.974 0.0000000000
84446  -44.114  -4.245  -22.201 0.0000000000
84447  -44.863  -4.641  -22.837 0.0000000000
84448  -45.571  -5.175  -22.978 0.0000000000
84463  -45.093  -4.166  -23.956 0.0000000000
84464  -45.930  -4.997  -23.668 0.0000000000
84465  -46.632  -5.389  -23.875 0.0000000000
84477  -45.168  -3.890  -24.495 0.0000000000
84478  -45.752  -4.262  -24.830 0.0000000000
84479  -46.956  -5.166  -24.618 0.0000000000
84492  -45.926  -4.015  -25.543 0.0000000000
84493  -46.719  -4.364  -25.832 0.0000000000
85592  -44.835  -3.926  -17.833 0.0000000000
85593  -45.856  -3.898  -17.679 0.0000000000
85594  -46.901  -3.839  -17.652 0.0000000000
85595  -47.902  -3.875  -17.730 0.0000000000
85596  -48.866  -3.899  -17.789 0.0000000000
85597  -49.779  -3.783  -17.718 0.0000000000
85612  -43.696  -3.647  -18.851 0.0000000000
85613  -44.438  -3.367  -18.416 0.0000000000
85614  -45.394  -3.245  -18.207 0.0000000000
85615  -46.417  -3.229  -18.103 0.0000000000
85616  -47.411  -3.270  -18.116 0.0000000000
85617  -48.381  -3.364  -18.229 0.0000000000
85618  -49.351  -3.422  -18.278 0.0000000000
85633  -43.460  -3.693  -19.745 0.0000000000
85645  -43.426  -3.718  -20.559 0.0000000000
85658  -43.433  -3.321  -21.193 0.0000000000
85671  -43.739  -3.440  -22.068 0.0000000000
85672  -44.151  -3.837  -22.709 0.0000000000
85689  -43.859  -3.227  -22.891 0.0000000000
85690  -44.349  -3.586  -23.477 0.0000000000
85703  -44.668  -3.475  -24.341 0.0000000000
85704  -45.149  -3.665  -24.836 0.0000000000
85714  -44.745  -3.213  -25.010 0.0000000000
85715  -45.389  -3.507  -25.502 0.0000000000
85716  -45.978  -3.802  -25.932 0.0000000000
85728  -45.690  -3.367  -26.121 0.0000000000
85729  -46.347  -3.598  -26.527 0.0000000000
86781  -43.758  -3.226  -19.041 0.0000000000
86782  -43.992  -2.981  -18.904 0.0000000000
86783  -44.863  -2.583  -18.728 0.0000000000
86784  -45.977  -2.552  -18.569 0.0000000000
86785  -46.925  -2.651  -18.475 0.0000000000
86786  -47.862  -2.723  -18.568 0.0000000000
86787  -48.849  -2.881  -18.760 0.0000000000
86806  -43.708  -3.071  -19.383 0.0000000000
86807  -44.133  -2.391  -19.429 0.0000000000
86808  -44.848  -2.020  -19.217 0.0000000000
86809  -46.536  -2.219  -18.826 0.0000000000
86810  -47.249  -2.191  -18.969 0.0000000000
86811  -48.222  -2.299  -19.193 0.0000000000
86812  -49.305  -2.450  -19.493 0.0000000000
86831  -43.561  -2.551  -20.385 0.0000000000
86832  -44.003  -2.078  -19.930 0.0000000000
86833  -49.874  -2.214  -20.208 0.0000000000
86850  -43.488  -2.539  -21.595 0.0000000000
86864  -43.606  -2.575  -22.545 0.0000000000
86879  -43.790  -2.628  -23.547 0.0000000000
86880  -44.212  -3.079  -23.983 0.0000000000
86890  -43.725  -2.221  -24.066 0.0000000000
86891  -44.171  -2.591  -24.511 0.0000000000
86903  -44.678  -2.590  -25.682 0.0000000000
86904  -45.321  -3.052  -25.970 0.0000000000
86918  -44.698  -2.037  -26.584 0.0000000000
86919  -45.558  -2.765  -26.553 0.0000000000
86920  -46.210  -3.045  -26.947 0.0000000000
86933  -44.729  -1.679  -27.035 0.0000000000
86934  -45.222  -2.038  -27.187 0.0000000000
86935  -46.206  -2.520  -27.523 0.0000000000
88004  -45.567  -2.029  -18.973 0.0000000000
88005  -46.117  -2.094  -18.888 0.0000000000
88022  -44.504  -1.815  -19.720 0.0000000000
88023  -45.293  -1.634  -19.524 0.0000000000
88024  -46.353  -1.723  -19.313 0.0000000000
88025  -47.498  -1.735  -19.588 0.0000000000
88026  -48.504  -1.885  -19.841 0.0000000000
88027  -49.170  -2.027  -20.012 0.0000000000
88045  -43.704  -1.636  -20.690 0.0000000000
88046  -44.050  -1.642  -20.258 0.0000000000
88047  -44.795  -1.298  -20.076 0.0000000000
88048  -45.719  -1.212  -20.029 0.0000000000
88049  -46.749  -1.217  -20.083 0.0000000000
88050  -47.812  -1.295  -20.268 0.0000000000
88051  -48.992  -1.514  -20.526 0.0000000000
88052  -50.053  -1.784  -20.802 0.0000000000
88064  -43.543  -1.721  -21.245 0.0000000000
88065  -49.548  -1.316  -21.174 0.0000000000
88075  -43.534  -1.759  -22.152 0.0000000000
88085  -43.530  -1.908  -22.967 0.0000000000
88093  -43.567  -1.670  -23.717 0.0000000000
88094  -43.713  -1.906  -24.368 0.0000000000
88106  -43.597  -1.327  -24.346 0.0000000000
88107  -43.900  -1.665  -25.039 0.0000000000
88120  -44.204  -1.514  -25.958 0.0000000000
88133  -44.393  -1.250  -26.743 0.0000000000
88134  -44.877  -1.250  -27.424 0.0000000000
88135  -45.596  -1.692  -27.689 0.0000000000
88149  -45.453  -1.089  -27.960 0.0000000000
88150  -46.273  -1.564  -28.340 0.0000000000
88163  -46.789  -1.275  -28.949 0.0000000000
89136  -43.900  -1.312  -20.614 0.0000000000
89137  -44.258  -1.012  -20.577 0.0000000000
89138  -45.066  -0.771  -20.578 0.0000000000
89139  -46.029  -0.749  -20.634 0.0000000000
89140  -47.035  -0.719  -20.738 0.0000000000
89141  -48.053  -0.808  -20.925 0.0000000000
89142  -48.858  -0.941  -21.187 0.0000000000
89152  -43.771  -1.097  -20.979 0.0000000000
89153  -44.391  -0.488  -21.293 0.0000000000
89154  -45.353  -0.392  -21.166 0.0000000000
89155  -46.247  -0.340  -21.279 0.0000000000
89156  -47.250  -0.274  -21.497 0.0000000000
89157  -48.292  -0.475  -21.624 0.0000000000
89158  -49.363  -0.763  -21.833 0.0000000000
89168  -43.690  -0.997  -21.743 0.0000000000
89169  -44.022  -0.442  -22.099 0.0000000000
89170  -47.711  -0.078  -22.061 0.0000000000
89171  -48.480  -0.183  -22.385 0.0000000000
89172  -49.520  -0.362  -22.885 0.0000000000
89181  -43.661  -0.963  -22.803 0.0000000000
89182  -44.070  -0.177  -22.660 0.0000000000
89192  -43.573  -0.765  -23.798 0.0000000000
89203  -43.610  -0.650  -24.699 0.0000000000
89204  -43.813  -0.933  -25.460 0.0000000000
89215  -43.728  -0.307  -25.353 0.0000000000
89216  -44.014  -0.493  -26.086 0.0000000000
89225  -44.410  -0.351  -27.023 0.0000000000
89226  -44.982  -0.407  -27.774 0.0000000000
89236  -45.672  -0.484  -28.482 0.0000000000
89237  -46.339  -0.943  -28.728 0.0000000000
89249  -45.818  0.046  -28.906 0.0000000000
89250  -46.577  -0.502  -29.246 0.0000000000
90207  -44.956  -0.182  -21.555 0.0000000000
90208  -45.495  -0.024  -21.711 0.0000000000
90209  -46.332  0.132  -21.885 0.0000000000
90210  -47.061  0.216  -22.087 0.0000000000
90221  -44.670  -0.016  -22.101 0.0000000000
90222  -45.492  0.360  -22.390 0.0000000000
90223  -46.450  0.515  -22.543 0.0000000000
90224  -47.529  0.395  -22.700 0.0000000000
90225  -48.544  0.223  -23.226 0.0000000000
90232  -43.821  -0.238  -23.260 0.0000000000
90233  -44.517  0.408  -23.132 0.0000000000
90234  -45.637  0.812  -23.093 0.0000000000
90235  -46.683  0.934  -23.226 0.0000000000
90236  -47.731  0.818  -23.578 0.0000000000
90237  -48.751  0.572  -24.165 0.0000000000
90247  -43.717  0.070  -23.948 0.0000000000
90248  -44.307  0.775  -24.167 0.0000000000
90258  -43.760  0.238  -24.818 0.0000000000
90259  -44.203  0.933  -25.128 0.0000000000
90269  -43.884  0.238  -25.557 0.0000000000
90270  -44.209  0.677  -26.240 0.0000000000
90278  -44.645  0.702  -27.494 0.0000000000
90279  -45.098  0.110  -28.077 0.0000000000
90287  -44.833  1.246  -27.943 0.0000000000
90288  -45.303  0.686  -28.417 0.0000000000
90298  -46.015  0.594  -29.223 0.0000000000
91292  -44.995  1.083  -23.658 0.0000000000
91293  -45.856  1.398  -23.732 0.0000000000
91294  -46.967  1.496  -23.905 0.0000000000
91295  -47.968  1.250  -24.358 0.0000000000
91296  -48.752  1.112  -24.770 0.0000000000
91307  -44.962  1.622  -24.448 0.0000000000
91308  -46.163  1.956  -24.453 0.0000000000
91309  -47.308  1.805  -24.760 0.0000000000
91310  -48.334  1.597  -25.190 0.0000000000
91323  -44.576  1.783  -25.538 0.0000000000
91324  -48.905  1.807  -25.777 0.0000000000
91336  -44.484  1.833  -26.635 0.0000000000
91351  -44.649  1.877  -27.555 0.0000000000
91363  -44.975  1.755  -28.246 0.0000000000
91364  -45.514  1.579  -28.930 0.0000000000
92437  -48.654  2.776  -21.658 0.0000000000
92452  -48.360  2.816  -21.967 0.0000000000
92472  -45.485  2.372  -25.145 0.0000000000
92473  -46.693  2.320  -25.265 0.0000000000
92474  -47.818  2.129  -25.519 0.0000000000
92475  -48.446  1.978  -25.698 0.0000000000
92487  -44.983  2.712  -26.001 0.0000000000
92488  -46.177  3.010  -25.829 0.0000000000
92489  -47.426  2.672  -25.943 0.0000000000
92490  -48.820  2.490  -26.324 0.0000000000
92501  -44.964  2.874  -27.024 0.0000000000
92502  -45.590  3.252  -26.472 0.0000000000
92503  -49.340  3.125  -26.912 0.0000000000
92516  -44.841  2.681  -27.942 0.0000000000
92528  -45.126  2.477  -28.611 0.0000000000
92529  -45.550  2.490  -29.355 0.0000000000
93505  -46.363  3.574  -21.812 0.0000000000
93506  -47.101  3.320  -21.621 0.0000000000
93507  -47.993  3.122  -21.393 0.0000000000
93508  -48.836  3.108  -20.944 0.0000000000
93515  -46.057  3.622  -22.447 0.0000000000
93516  -46.932  3.329  -22.499 0.0000000000
93517  -48.040  3.083  -22.435 0.0000000000
93518  -48.645  2.788  -22.955 0.0000000000
93527  -45.878  3.705  -22.993 0.0000000000
93528  -46.621  3.636  -23.355 0.0000000000
93529  -47.800  3.485  -23.358 0.0000000000
93530  -48.591  3.078  -23.475 0.0000000000
93537  -46.868  3.911  -23.910 0.0000000000
93538  -47.584  3.937  -24.008 0.0000000000
93547  -46.353  3.548  -26.478 0.0000000000
93548  -47.258  3.283  -26.342 0.0000000000
93549  -47.989  2.963  -26.364 0.0000000000
93558  -45.150  3.367  -27.631 0.0000000000
93559  -45.935  3.938  -27.194 0.0000000000
93560  -47.237  3.982  -26.793 0.0000000000
93561  -48.571  3.561  -26.798 0.0000000000
93573  -45.016  3.300  -28.130 0.0000000000
93574  -45.333  3.947  -27.994 0.0000000000
93587  -44.989  2.971  -28.367 0.0000000000
93588  -45.247  3.418  -28.771 0.0000000000
94601  -46.795  4.540  -20.533 0.0000000000
94602  -47.796  4.404  -20.404 0.0000000000
94603  -48.901  4.142  -20.432 0.0000000000
94612  -44.584  4.542  -21.933 0.0000000000
94613  -45.560  4.121  -21.553 0.0000000000
94614  -46.420  3.854  -21.083 0.0000000000
94615  -47.286  3.663  -20.796 0.0000000000
94616  -48.104  3.600  -20.670 0.0000000000
94623  -43.837  4.730  -23.277 0.0000000000
94624  -44.641  4.372  -22.912 0.0000000000
94625  -45.348  3.996  -22.542 0.0000000000
94632  -43.909  4.733  -24.192 0.0000000000
94633  -44.707  4.398  -23.868 0.0000000000
94634  -45.734  3.997  -23.583 0.0000000000
94635  -46.491  3.911  -23.838 0.0000000000
94644  -44.101  4.979  -24.928 0.0000000000
94645  -44.757  4.677  -24.730 0.0000000000
94646  -45.717  4.425  -24.576 0.0000000000
94647  -46.912  4.354  -24.358 0.0000000000
94658  -44.244  5.154  -25.329 0.0000000000
94659  -44.734  5.042  -25.335 0.0000000000
94660  -45.614  4.935  -25.321 0.0000000000
94661  -46.712  5.045  -25.145 0.0000000000
94670  -46.550  4.595  -27.593 0.0000000000
94671  -47.207  4.622  -27.334 0.0000000000
94672  -48.362  4.533  -27.232 0.0000000000
94681  -46.116  4.573  -27.951 0.0000000000
94682  -47.138  5.314  -27.838 0.0000000000
94683  -48.198  5.363  -27.511 0.0000000000
94700  -45.694  4.353  -28.641 0.0000000000
94701  -46.492  5.163  -28.551 0.0000000000
94712  -45.566  4.052  -29.157 0.0000000000
95825  -45.662  6.210  -20.681 0.0000000000
95826  -46.264  5.594  -20.513 0.0000000000
95827  -47.420  5.424  -20.322 0.0000000000
95828  -48.527  5.269  -20.225 0.0000000000
95839  -43.633  5.851  -22.219 0.0000000000
95840  -44.049  5.472  -21.970 0.0000000000
95841  -44.982  5.374  -20.957 0.0000000000
95842  -45.913  4.625  -20.777 0.0000000000
95848  -42.636  6.030  -23.052 0.0000000000
95849  -43.248  5.549  -22.742 0.0000000000
95850  -43.998  4.872  -22.516 0.0000000000
95852  -42.617  5.817  -23.564 0.0000000000
95853  -43.179  5.162  -23.758 0.0000000000
95858  -42.753  5.585  -24.423 0.0000000000
95859  -43.429  5.185  -24.610 0.0000000000
95867  -43.093  5.472  -25.086 0.0000000000
95868  -43.776  5.304  -25.355 0.0000000000
95869  -44.512  5.370  -25.718 0.0000000000
95870  -45.402  5.498  -25.788 0.0000000000
95871  -46.458  5.698  -25.702 0.0000000000
95884  -43.285  5.590  -25.694 0.0000000000
95885  -44.041  5.588  -26.125 0.0000000000
95886  -45.071  5.852  -26.301 0.0000000000
95887  -46.176  6.149  -26.305 0.0000000000
95901  -47.537  5.808  -27.985 0.0000000000
95902  -48.000  6.130  -27.756 0.0000000000
95919  -47.418  6.021  -28.313 0.0000000000
97043  -45.775  6.714  -20.758 0.0000000000
97044  -46.250  6.621  -20.626 0.0000000000
97045  -47.117  6.476  -20.443 0.0000000000
97053  -43.848  6.028  -21.975 0.0000000000
97054  -44.318  6.400  -21.598 0.0000000000
97055  -45.251  6.752  -21.006 0.0000000000
97061  -42.823  6.344  -22.735 0.0000000000
97062  -43.524  6.502  -22.221 0.0000000000
97063  -44.136  7.200  -21.902 0.0000000000
97065  -41.863  6.992  -23.665 0.0000000000
97066  -42.249  6.692  -23.381 0.0000000000
97068  -41.683  6.893  -24.038 0.0000000000
97069  -42.144  6.251  -24.294 0.0000000000
97071  -40.953  6.956  -25.640 0.0000000000
97072  -41.351  6.727  -25.158 0.0000000000
97073  -42.508  5.941  -25.345 0.0000000000
97079  -40.979  6.765  -26.279 0.0000000000
97080  -42.020  6.238  -26.330 0.0000000000
97081  -43.267  5.882  -26.524 0.0000000000
97082  -44.584  6.141  -26.859 0.0000000000
97083  -45.824  6.469  -26.970 0.0000000000
97084  -47.055  6.791  -26.966 0.0000000000
97096  -40.780  6.859  -27.465 0.0000000000
97097  -41.689  6.463  -27.343 0.0000000000
97098  -42.815  6.299  -27.400 0.0000000000
97099  -44.073  6.415  -27.544 0.0000000000
97100  -45.351  6.718  -27.653 0.0000000000
97101  -46.708  7.267  -27.701 0.0000000000
97118  -40.690  7.036  -28.410 0.0000000000
97119  -41.454  6.730  -28.297 0.0000000000
97120  -42.462  6.611  -28.264 0.0000000000
97121  -43.599  6.654  -28.306 0.0000000000
97122  -44.904  7.013  -28.458 0.0000000000
97123  -45.987  7.297  -28.260 0.0000000000
97140  -40.652  7.225  -29.007 0.0000000000
97141  -41.208  7.078  -29.097 0.0000000000
97142  -42.171  7.003  -29.081 0.0000000000
97143  -43.218  6.897  -29.083 0.0000000000
97144  -44.208  6.939  -29.068 0.0000000000
98216  -45.993  7.209  -20.886 0.0000000000
98227  -44.867  7.499  -21.610 0.0000000000
98235  -42.868  7.146  -22.632 0.0000000000
98236  -43.686  7.702  -22.296 0.0000000000
98237  -44.385  7.855  -21.958 0.0000000000
98243  -41.818  7.470  -23.676 0.0000000000
98244  -42.484  7.694  -23.146 0.0000000000
98245  -43.073  7.933  -22.728 0.0000000000
98251  -40.777  7.824  -24.822 0.0000000000
98252  -41.247  7.508  -24.390 0.0000000000
98255  -40.646  7.454  -25.535 0.0000000000
98256  -40.946  7.341  -24.946 0.0000000000
98260  -39.678  8.027  -27.286 0.0000000000
98261  -40.250  7.547  -26.675 0.0000000000
98269  -39.578  7.884  -28.208 0.0000000000
98270  -40.154  7.410  -27.792 0.0000000000
98289  -39.669  7.931  -29.182 0.0000000000
98290  -40.184  7.442  -28.731 0.0000000000
98310  -40.633  7.582  -29.739 0.0000000000
98311  -41.828  7.384  -29.907 0.0000000000
98312  -42.919  7.166  -29.942 0.0000000000
98313  -44.058  7.161  -29.861 0.0000000000
98332  -42.589  7.574  -30.826 0.0000000000
99454  -44.879  8.199  -21.902 0.0000000000
99460  -43.617  8.607  -22.771 0.0000000000
99461  -44.448  8.528  -22.322 0.0000000000
99466  -41.528  8.116  -23.938 0.0000000000
99467  -42.193  8.544  -23.565 0.0000000000
99468  -42.920  8.412  -23.079 0.0000000000
99473  -40.508  8.554  -25.150 0.0000000000
99474  -41.114  8.470  -24.418 0.0000000000
99475  -41.577  8.616  -23.945 0.0000000000
99478  -39.607  8.896  -26.178 0.0000000000
99479  -40.026  8.302  -25.880 0.0000000000
99481  -39.350  8.701  -26.873 0.0000000000
99482  -39.758  8.284  -26.558 0.0000000000
99486  -38.733  9.156  -28.046 0.0000000000
99487  -39.196  8.538  -27.694 0.0000000000
99498  -39.142  8.521  -28.612 0.0000000000
100671  -43.722  9.048  -22.975 0.0000000000
100672  -44.218  9.306  -22.839 0.0000000000
100673  -45.057  9.227  -22.460 0.0000000000
100676  -42.487  9.475  -23.713 0.0000000000
100677  -43.303  9.244  -23.274 0.0000000000
100678  -43.960  9.772  -23.182 0.0000000000
100683  -40.530  9.118  -25.239 0.0000000000
100684  -40.939  9.399  -24.923 0.0000000000
100685  -41.680  9.292  -24.093 0.0000000000
100689  -39.697  9.285  -26.106 0.0000000000
100690  -40.209  9.421  -25.691 0.0000000000
100691  -40.810  9.843  -25.326 0.0000000000
100695  -39.087  10.063  -26.870 0.0000000000
100696  -39.417  9.592  -26.540 0.0000000000
100697  -39.985  10.008  -26.179 0.0000000000
100703  -38.764  9.901  -27.385 0.0000000000
100704  -38.996  9.141  -27.258 0.0000000000
101904  -44.901  9.674  -22.757 0.0000000000
101911  -42.941  9.850  -23.650 0.0000000000
101912  -43.591  10.253  -23.550 0.0000000000
101913  -44.755  10.247  -23.144 0.0000000000
101921  -41.570  9.920  -24.548 0.0000000000
101922  -42.508  10.322  -24.241 0.0000000000
101923  -43.548  10.935  -24.106 0.0000000000
101928  -40.752  10.076  -25.554 0.0000000000
101929  -41.459  10.437  -25.233 0.0000000000
101930  -42.488  11.042  -25.069 0.0000000000
101934  -39.314  10.180  -26.726 0.0000000000
101935  -39.763  10.493  -26.535 0.0000000000
101936  -40.666  10.551  -26.054 0.0000000000
101937  -41.508  11.171  -25.947 0.0000000000
101941  -39.089  10.638  -26.994 0.0000000000
101942  -39.679  11.214  -26.861 0.0000000000
103147  -44.401  11.095  -23.747 0.0000000000
103155  -43.243  11.317  -24.694 0.0000000000
103164  -42.166  11.409  -25.628 0.0000000000
103165  -42.997  11.889  -25.355 0.0000000000
103173  -40.373  11.289  -26.649 0.0000000000
103174  -41.223  11.636  -26.513 0.0000000000
103175  -41.999  11.897  -26.195 0.0000000000
103176  -42.568  12.092  -25.881 0.0000000000
103184  -40.793  11.927  -26.953 0.0000000000
104329  -41.312  12.273  -26.995 0.0000000000
104330  -41.900  12.358  -26.765 0.0000000000
