#!ascii label  , from subject ab_data vox2ras=TkReg
442
32597  -4.119  -46.889  13.150 0.0000000000
33577  -4.571  -46.335  13.276 0.0000000000
33578  -5.068  -46.033  13.070 0.0000000000
33592  -4.480  -46.769  12.702 0.0000000000
33593  -4.902  -46.318  12.595 0.0000000000
33614  -4.483  -46.729  11.736 0.0000000000
33615  -5.046  -46.115  12.120 0.0000000000
33656  -4.413  -45.991  10.141 0.0000000000
33709  -7.317  -46.212  5.553 0.0000000000
33717  -7.335  -46.695  4.607 0.0000000000
34536  -5.062  -45.590  13.592 0.0000000000
34548  -5.417  -45.633  12.645 0.0000000000
34549  -5.861  -45.174  12.138 0.0000000000
34565  -4.775  -46.145  11.110 0.0000000000
34566  -5.308  -45.737  11.555 0.0000000000
34567  -6.137  -45.011  11.493 0.0000000000
34579  -4.977  -45.786  10.506 0.0000000000
34580  -5.792  -45.310  10.740 0.0000000000
34581  -6.431  -44.822  10.788 0.0000000000
34591  -4.571  -45.628  9.519 0.0000000000
34592  -5.611  -45.258  9.874 0.0000000000
34593  -6.126  -45.020  10.262 0.0000000000
34610  -5.623  -45.173  8.721 0.0000000000
34611  -6.365  -44.966  8.407 0.0000000000
34634  -5.154  -45.535  7.558 0.0000000000
34635  -6.443  -45.206  7.634 0.0000000000
34636  -7.208  -45.158  7.271 0.0000000000
34652  -5.925  -46.000  6.722 0.0000000000
34653  -7.181  -45.657  6.482 0.0000000000
34660  -7.746  -45.422  5.346 0.0000000000
34661  -7.939  -44.782  5.163 0.0000000000
34669  -7.611  -45.351  4.099 0.0000000000
34670  -7.830  -44.966  4.841 0.0000000000
34680  -7.371  -45.603  3.007 0.0000000000
35603  -5.269  -44.709  14.135 0.0000000000
35607  -5.717  -44.916  13.376 0.0000000000
35608  -6.179  -44.440  13.065 0.0000000000
35619  -5.948  -44.945  12.709 0.0000000000
35620  -6.417  -44.497  12.294 0.0000000000
35634  -6.819  -44.346  11.435 0.0000000000
35635  -7.242  -44.024  11.074 0.0000000000
35647  -6.929  -44.423  10.765 0.0000000000
35648  -7.369  -44.114  10.467 0.0000000000
35654  -6.130  -44.997  9.910 0.0000000000
35655  -6.644  -44.679  10.031 0.0000000000
35656  -7.396  -44.310  9.570 0.0000000000
35663  -6.129  -44.992  9.502 0.0000000000
35664  -6.644  -44.797  9.022 0.0000000000
35665  -7.480  -44.434  8.659 0.0000000000
35666  -7.939  -44.267  8.196 0.0000000000
35680  -6.864  -44.850  8.308 0.0000000000
35681  -7.402  -44.742  7.814 0.0000000000
35682  -8.104  -44.267  7.543 0.0000000000
35698  -7.713  -44.890  7.028 0.0000000000
35699  -8.186  -44.332  6.667 0.0000000000
35712  -7.881  -44.990  6.261 0.0000000000
35713  -8.113  -44.440  5.702 0.0000000000
35722  -7.442  -44.331  3.919 0.0000000000
35723  -7.893  -44.288  4.748 0.0000000000
35731  -5.635  -43.673  2.597 0.0000000000
35732  -6.012  -44.080  2.772 0.0000000000
35733  -6.871  -44.536  3.223 0.0000000000
35741  -5.589  -43.507  2.426 0.0000000000
35742  -5.903  -43.840  2.399 0.0000000000
35743  -6.952  -44.552  2.477 0.0000000000
36667  -5.087  -43.773  14.355 0.0000000000
36673  -5.917  -43.945  13.770 0.0000000000
36674  -6.485  -43.749  12.996 0.0000000000
36685  -7.042  -43.567  12.091 0.0000000000
36686  -7.405  -43.061  11.860 0.0000000000
36701  -7.221  -43.820  11.456 0.0000000000
36702  -7.708  -43.310  11.196 0.0000000000
36703  -8.179  -42.697  10.974 0.0000000000
36719  -7.994  -43.680  10.076 0.0000000000
36720  -8.397  -42.920  10.450 0.0000000000
36731  -8.041  -43.918  9.128 0.0000000000
36732  -8.561  -43.170  9.486 0.0000000000
36743  -8.025  -44.089  8.586 0.0000000000
36744  -8.405  -43.548  8.334 0.0000000000
36750  -8.443  -43.542  7.154 0.0000000000
36763  -8.337  -43.706  6.280 0.0000000000
36779  -8.204  -43.482  5.477 0.0000000000
36788  -7.491  -43.652  4.225 0.0000000000
36789  -7.836  -43.221  4.693 0.0000000000
36797  -5.604  -43.490  3.015 0.0000000000
36798  -6.195  -43.782  3.285 0.0000000000
36799  -6.925  -43.726  3.691 0.0000000000
36808  -5.480  -43.208  2.672 0.0000000000
36809  -5.735  -43.253  2.423 0.0000000000
36810  -6.506  -43.522  2.241 0.0000000000
36823  -7.264  -44.068  2.067 0.0000000000
37700  -4.737  -43.220  14.330 0.0000000000
37703  -4.088  -42.322  13.641 0.0000000000
37704  -5.308  -42.732  13.757 0.0000000000
37705  -6.158  -43.268  13.444 0.0000000000
37707  -5.844  -42.246  13.058 0.0000000000
37708  -6.503  -42.778  12.875 0.0000000000
37709  -7.149  -42.818  12.225 0.0000000000
37720  -7.507  -42.525  11.809 0.0000000000
37721  -7.949  -42.314  11.326 0.0000000000
37735  -8.355  -42.195  10.760 0.0000000000
37740  -8.808  -42.205  9.900 0.0000000000
37741  -9.045  -41.973  9.327 0.0000000000
37744  -8.966  -42.389  8.883 0.0000000000
37745  -9.124  -41.996  9.083 0.0000000000
37749  -8.733  -42.565  7.682 0.0000000000
37756  -8.459  -42.705  6.389 0.0000000000
37768  -7.462  -42.114  4.854 0.0000000000
37769  -7.939  -42.507  5.145 0.0000000000
37776  -5.463  -42.031  3.566 0.0000000000
37777  -5.855  -42.283  3.833 0.0000000000
37778  -7.021  -42.707  4.275 0.0000000000
37779  -7.656  -42.784  4.664 0.0000000000
37787  -5.444  -42.497  3.201 0.0000000000
37788  -6.056  -43.022  3.494 0.0000000000
37789  -6.517  -43.322  3.648 0.0000000000
37802  -5.588  -42.452  2.750 0.0000000000
37803  -6.084  -42.520  2.493 0.0000000000
37804  -6.984  -42.563  2.460 0.0000000000
38800  -4.005  -41.928  13.079 0.0000000000
38801  -4.589  -42.167  13.333 0.0000000000
38804  -3.270  -41.327  12.008 0.0000000000
38805  -3.755  -41.728  12.301 0.0000000000
38806  -4.980  -41.844  12.755 0.0000000000
38807  -6.291  -41.904  12.495 0.0000000000
38808  -6.989  -42.271  12.234 0.0000000000
38812  -2.873  -41.282  11.059 0.0000000000
38813  -3.352  -41.613  11.366 0.0000000000
38814  -4.309  -41.610  11.584 0.0000000000
38815  -5.648  -41.477  11.797 0.0000000000
38816  -7.187  -41.490  11.518 0.0000000000
38817  -7.990  -41.798  11.076 0.0000000000
38826  -2.662  -41.213  10.205 0.0000000000
38827  -3.070  -41.559  10.479 0.0000000000
38828  -3.709  -41.606  10.898 0.0000000000
38829  -7.440  -41.024  10.755 0.0000000000
38830  -8.107  -41.385  10.467 0.0000000000
38834  -2.723  -41.185  9.716 0.0000000000
38835  -2.849  -41.372  9.894 0.0000000000
38836  -8.753  -41.425  9.344 0.0000000000
38837  -9.016  -41.786  9.173 0.0000000000
38840  -8.883  -41.507  8.302 0.0000000000
38841  -9.057  -41.800  8.928 0.0000000000
38844  -8.630  -41.581  7.100 0.0000000000
38848  -7.589  -41.204  5.486 0.0000000000
38849  -8.112  -41.565  6.022 0.0000000000
38856  -7.105  -41.547  4.824 0.0000000000
38857  -7.666  -41.768  5.262 0.0000000000
38859  -5.364  -41.792  3.392 0.0000000000
38860  -5.596  -41.471  3.838 0.0000000000
38861  -6.256  -41.799  4.381 0.0000000000
38870  -5.314  -41.454  3.054 0.0000000000
38871  -5.350  -41.432  3.406 0.0000000000
38885  -5.783  -41.511  2.725 0.0000000000
38886  -6.541  -41.571  2.693 0.0000000000
39986  -3.330  -40.703  11.674 0.0000000000
39987  -3.999  -39.940  11.748 0.0000000000
39988  -4.203  -41.513  10.920 0.0000000000
39989  -4.913  -41.323  11.010 0.0000000000
39990  -5.982  -41.066  11.121 0.0000000000
39996  -2.973  -40.668  10.655 0.0000000000
39997  -3.148  -41.442  9.932 0.0000000000
39998  -3.946  -41.339  10.235 0.0000000000
39999  -5.311  -40.846  10.364 0.0000000000
40000  -6.671  -40.682  10.588 0.0000000000
40001  -7.528  -40.729  10.281 0.0000000000
40006  -2.925  -40.635  9.703 0.0000000000
40007  -3.169  -41.070  9.375 0.0000000000
40008  -4.488  -40.655  9.339 0.0000000000
40009  -5.857  -40.327  9.742 0.0000000000
40010  -7.050  -40.192  9.732 0.0000000000
40011  -8.004  -40.651  9.653 0.0000000000
40014  -3.153  -40.287  8.987 0.0000000000
40015  -3.677  -40.250  8.681 0.0000000000
40016  -4.525  -39.993  8.694 0.0000000000
40017  -7.665  -40.099  9.132 0.0000000000
40018  -8.342  -40.483  8.668 0.0000000000
40020  -8.514  -40.597  7.629 0.0000000000
40023  -7.782  -40.583  6.034 0.0000000000
40024  -8.286  -40.700  6.778 0.0000000000
40030  -7.205  -40.591  5.258 0.0000000000
40032  -5.554  -40.312  3.466 0.0000000000
40033  -5.734  -40.542  3.832 0.0000000000
40034  -6.382  -40.770  4.470 0.0000000000
40042  -5.431  -40.397  3.155 0.0000000000
40043  -5.386  -40.949  3.440 0.0000000000
40053  -5.634  -40.497  2.884 0.0000000000
40054  -6.185  -40.524  2.758 0.0000000000
40055  -7.046  -40.557  2.942 0.0000000000
41178  -3.672  -40.123  11.106 0.0000000000
41179  -4.255  -39.251  11.308 0.0000000000
41183  -3.667  -39.589  10.328 0.0000000000
41184  -4.191  -38.917  10.802 0.0000000000
41188  -3.374  -39.582  9.259 0.0000000000
41189  -5.287  -40.017  9.119 0.0000000000
41190  -6.227  -39.751  9.212 0.0000000000
41191  -7.073  -39.707  9.089 0.0000000000
41193  -3.503  -39.348  8.571 0.0000000000
41194  -4.091  -39.249  8.200 0.0000000000
41195  -5.364  -39.330  8.643 0.0000000000
41196  -6.590  -39.222  8.686 0.0000000000
41197  -7.607  -39.592  8.424 0.0000000000
41198  -8.224  -39.975  7.979 0.0000000000
41201  -3.490  -38.859  7.992 0.0000000000
41202  -3.743  -38.715  7.852 0.0000000000
41203  -7.847  -39.591  7.657 0.0000000000
41204  -8.192  -40.019  7.460 0.0000000000
41207  -7.873  -39.813  6.834 0.0000000000
41208  -8.260  -40.260  7.174 0.0000000000
41214  -7.373  -39.741  5.848 0.0000000000
41216  -5.762  -40.030  3.660 0.0000000000
41217  -6.148  -39.647  4.101 0.0000000000
41218  -6.851  -39.760  4.965 0.0000000000
41229  -5.641  -39.538  3.432 0.0000000000
41230  -5.902  -39.096  3.801 0.0000000000
41231  -7.198  -39.454  3.003 0.0000000000
41243  -5.578  -39.508  2.919 0.0000000000
41244  -5.899  -39.529  2.654 0.0000000000
41245  -6.543  -39.521  2.723 0.0000000000
42322  -4.996  -38.683  8.100 0.0000000000
42323  -6.013  -38.577  8.215 0.0000000000
42324  -7.017  -38.874  8.035 0.0000000000
42325  -7.502  -39.259  7.880 0.0000000000
42330  -4.281  -38.306  7.685 0.0000000000
42331  -5.372  -38.066  7.715 0.0000000000
42332  -6.488  -38.260  7.217 0.0000000000
42333  -7.352  -39.096  7.368 0.0000000000
42336  -6.657  -38.116  6.070 0.0000000000
42337  -7.193  -38.939  6.489 0.0000000000
42344  -6.619  -38.136  5.103 0.0000000000
42345  -6.987  -38.902  5.534 0.0000000000
42350  -5.839  -38.132  3.600 0.0000000000
42351  -6.198  -38.452  4.157 0.0000000000
42352  -6.653  -38.959  4.737 0.0000000000
42364  -5.568  -38.497  3.117 0.0000000000
42365  -5.767  -38.747  3.594 0.0000000000
42366  -7.381  -38.584  3.143 0.0000000000
42380  -5.773  -38.539  2.650 0.0000000000
42381  -6.233  -38.575  2.502 0.0000000000
42382  -6.817  -38.594  2.652 0.0000000000
43479  -4.824  -37.462  7.381 0.0000000000
43480  -5.626  -37.577  7.160 0.0000000000
43489  -5.195  -36.979  6.705 0.0000000000
43490  -6.019  -37.473  6.467 0.0000000000
43499  -5.596  -36.925  6.028 0.0000000000
43500  -6.112  -37.330  5.514 0.0000000000
43507  -5.922  -37.538  4.042 0.0000000000
43508  -6.215  -37.526  4.668 0.0000000000
43518  -5.685  -37.447  3.389 0.0000000000
43519  -7.027  -37.782  2.689 0.0000000000
43520  -7.646  -37.722  3.406 0.0000000000
43534  -5.664  -37.531  2.731 0.0000000000
43535  -5.989  -37.653  2.285 0.0000000000
43536  -6.536  -37.756  2.308 0.0000000000
44555  -5.149  -36.481  6.127 0.0000000000
44562  -4.867  -35.975  5.927 0.0000000000
44563  -5.440  -36.415  5.347 0.0000000000
44564  -5.893  -36.971  4.847 0.0000000000
44574  -5.645  -36.619  4.215 0.0000000000
44575  -5.889  -37.156  4.445 0.0000000000
44584  -5.521  -36.386  3.143 0.0000000000
44585  -7.252  -36.970  2.860 0.0000000000
44586  -8.211  -36.771  3.747 0.0000000000
44600  -5.851  -36.645  2.438 0.0000000000
44601  -6.371  -36.913  2.144 0.0000000000
44602  -6.813  -37.178  2.279 0.0000000000
45581  -4.962  -35.366  5.400 0.0000000000
45582  -5.340  -35.782  4.730 0.0000000000
45592  -5.206  -35.124  4.677 0.0000000000
45593  -5.405  -35.497  3.970 0.0000000000
45600  -5.509  -35.379  3.269 0.0000000000
45601  -6.796  -35.550  2.770 0.0000000000
45602  -7.259  -35.863  3.056 0.0000000000
45603  -8.414  -35.625  3.536 0.0000000000
45604  -9.435  -35.460  3.370 0.0000000000
45615  -5.776  -35.637  2.793 0.0000000000
45616  -6.388  -35.749  2.530 0.0000000000
45617  -6.789  -36.543  2.405 0.0000000000
45618  -9.695  -35.123  2.947 0.0000000000
46527  -4.940  -34.519  4.984 0.0000000000
46536  -5.168  -34.620  4.243 0.0000000000
46537  -5.358  -34.693  3.635 0.0000000000
46544  -5.642  -34.723  3.057 0.0000000000
46545  -6.893  -35.099  2.923 0.0000000000
46546  -7.720  -34.887  3.246 0.0000000000
46547  -8.755  -34.838  3.248 0.0000000000
46548  -9.344  -34.928  3.091 0.0000000000
46556  -6.022  -34.926  2.729 0.0000000000
46557  -6.456  -34.567  2.656 0.0000000000
46558  -7.227  -34.324  2.601 0.0000000000
46559  -8.223  -34.241  2.744 0.0000000000
46560  -9.350  -34.514  2.564 0.0000000000
46578  -9.556  -34.292  1.830 0.0000000000
46599  -9.636  -34.074  1.364 0.0000000000
47556  -4.951  -33.834  4.334 0.0000000000
47557  -5.148  -34.222  3.901 0.0000000000
47563  -5.041  -33.422  3.965 0.0000000000
47564  -5.316  -33.805  3.495 0.0000000000
47572  -5.873  -33.960  2.638 0.0000000000
47573  -6.569  -33.513  2.163 0.0000000000
47574  -7.661  -33.617  2.185 0.0000000000
47575  -8.639  -33.819  2.166 0.0000000000
47576  -9.181  -34.054  2.060 0.0000000000
47589  -6.553  -32.827  1.789 0.0000000000
47590  -7.152  -32.964  1.746 0.0000000000
47591  -8.255  -33.071  1.611 0.0000000000
47592  -9.103  -33.733  1.672 0.0000000000
47610  -8.574  -32.847  1.250 0.0000000000
47611  -9.235  -33.292  0.994 0.0000000000
47640  -9.763  -33.059  0.282 0.0000000000
48672  -5.026  -33.268  4.677 0.0000000000
48673  -5.502  -32.759  4.973 0.0000000000
48681  -5.006  -33.320  4.197 0.0000000000
48682  -5.197  -32.843  3.871 0.0000000000
48690  -5.588  -32.881  2.731 0.0000000000
48691  -5.942  -33.249  2.270 0.0000000000
48704  -5.577  -32.169  2.267 0.0000000000
48705  -5.979  -32.555  1.878 0.0000000000
48706  -6.688  -32.306  1.465 0.0000000000
48707  -7.476  -32.473  1.447 0.0000000000
48719  -7.225  -31.951  1.192 0.0000000000
48720  -8.225  -32.228  1.090 0.0000000000
48721  -9.105  -32.358  0.371 0.0000000000
49878  -5.992  -32.479  4.967 0.0000000000
49879  -6.707  -32.524  5.003 0.0000000000
49888  -5.721  -31.912  4.117 0.0000000000
49889  -6.929  -31.817  4.295 0.0000000000
49891  -9.107  -31.760  4.675 0.0000000000
49900  -5.371  -31.792  2.842 0.0000000000
49911  -5.560  -31.546  1.780 0.0000000000
49912  -6.147  -31.713  1.336 0.0000000000
49913  -6.690  -31.660  1.094 0.0000000000
49922  -5.917  -31.114  1.178 0.0000000000
49923  -6.402  -31.110  0.828 0.0000000000
49924  -7.259  -31.316  0.640 0.0000000000
49925  -8.396  -31.274  0.258 0.0000000000
49926  -9.230  -31.779  -0.157 0.0000000000
49939  -9.034  -31.131  -0.302 0.0000000000
51124  -5.407  -30.863  3.097 0.0000000000
51125  -6.113  -30.918  3.586 0.0000000000
51126  -7.403  -30.892  3.413 0.0000000000
51127  -8.832  -31.300  3.692 0.0000000000
51128  -9.900  -31.053  4.217 0.0000000000
51129  -11.206  -31.346  3.894 0.0000000000
51130  -11.779  -31.636  3.588 0.0000000000
51136  -5.326  -30.778  2.149 0.0000000000
51137  -7.594  -30.095  2.775 0.0000000000
51138  -8.436  -30.477  2.864 0.0000000000
51139  -9.567  -30.523  3.117 0.0000000000
51140  -10.799  -30.517  3.289 0.0000000000
51148  -5.648  -30.686  1.361 0.0000000000
51158  -6.066  -30.492  0.801 0.0000000000
51159  -6.671  -30.340  0.162 0.0000000000
51160  -7.653  -30.656  0.069 0.0000000000
51161  -8.122  -30.761  0.027 0.0000000000
51169  -6.814  -29.803  -0.173 0.0000000000
51170  -7.350  -29.967  -0.346 0.0000000000
51171  -8.349  -30.454  -0.349 0.0000000000
51172  -9.205  -30.724  -0.682 0.0000000000
51178  -9.671  -30.549  -1.206 0.0000000000
51179  -10.300  -30.523  -1.746 0.0000000000
52418  -5.710  -30.387  3.134 0.0000000000
52419  -6.252  -30.132  3.131 0.0000000000
52420  -6.924  -29.925  2.932 0.0000000000
52431  -5.647  -30.055  2.475 0.0000000000
52432  -6.365  -29.540  2.469 0.0000000000
52433  -7.163  -29.513  2.379 0.0000000000
52434  -8.027  -29.694  2.269 0.0000000000
52435  -9.076  -29.877  2.248 0.0000000000
52436  -10.306  -29.988  2.275 0.0000000000
52437  -11.664  -30.046  2.286 0.0000000000
52445  -5.684  -30.053  1.500 0.0000000000
52446  -6.002  -29.301  1.626 0.0000000000
52447  -6.673  -29.146  1.838 0.0000000000
52448  -7.454  -29.078  1.784 0.0000000000
52449  -8.438  -29.029  1.716 0.0000000000
52450  -9.643  -29.148  1.579 0.0000000000
52460  -5.857  -30.181  1.014 0.0000000000
52461  -6.190  -29.513  0.546 0.0000000000
52462  -6.706  -28.919  0.166 0.0000000000
52471  -6.565  -29.710  -0.033 0.0000000000
52472  -7.036  -29.268  -0.207 0.0000000000
52473  -8.219  -29.288  -0.910 0.0000000000
52474  -9.037  -30.010  -0.889 0.0000000000
52478  -8.672  -28.849  -1.569 0.0000000000
52479  -9.488  -29.423  -1.796 0.0000000000
52480  -10.270  -29.928  -2.161 0.0000000000
52483  -9.887  -28.954  -2.462 0.0000000000
52484  -10.596  -29.496  -2.842 0.0000000000
52491  -10.952  -29.045  -3.511 0.0000000000
53687  -6.446  -29.029  1.441 0.0000000000
53688  -6.869  -28.819  1.327 0.0000000000
53689  -7.666  -28.452  1.239 0.0000000000
53690  -8.799  -28.137  1.088 0.0000000000
53702  -6.384  -28.956  1.095 0.0000000000
53703  -6.883  -28.622  0.664 0.0000000000
53704  -7.937  -28.080  0.398 0.0000000000
53705  -8.571  -27.813  0.597 0.0000000000
53715  -7.234  -28.629  0.066 0.0000000000
53716  -7.818  -28.388  -0.527 0.0000000000
53721  -8.305  -28.304  -1.544 0.0000000000
53722  -8.804  -28.606  -2.015 0.0000000000
53725  -8.694  -28.001  -2.377 0.0000000000
53726  -9.328  -28.484  -2.549 0.0000000000
53727  -9.987  -28.660  -2.927 0.0000000000
53731  -9.062  -27.870  -2.982 0.0000000000
53732  -9.618  -28.084  -3.339 0.0000000000
53733  -10.463  -28.433  -3.609 0.0000000000
53734  -11.129  -28.698  -3.848 0.0000000000
53750  -10.921  -28.163  -4.151 0.0000000000
53751  -11.606  -28.399  -4.371 0.0000000000
54886  -8.104  -28.047  -0.094 0.0000000000
54887  -8.758  -27.649  0.162 0.0000000000
54895  -8.433  -27.687  -0.843 0.0000000000
54905  -8.502  -27.455  -1.988 0.0000000000
54906  -8.686  -27.255  -1.215 0.0000000000
54910  -8.786  -27.368  -2.935 0.0000000000
54916  -9.218  -27.410  -3.590 0.0000000000
54917  -10.014  -27.492  -4.194 0.0000000000
54918  -10.563  -27.870  -4.174 0.0000000000
54928  -10.336  -27.109  -4.688 0.0000000000
54929  -10.950  -27.351  -4.735 0.0000000000
54930  -11.971  -27.730  -5.095 0.0000000000
54950  -11.152  -26.826  -5.367 0.0000000000
54951  -11.665  -27.062  -5.494 0.0000000000
56087  -8.633  -27.107  -1.808 0.0000000000
56096  -8.677  -26.840  -3.003 0.0000000000
56103  -8.930  -26.778  -3.601 0.0000000000
56104  -9.389  -26.753  -4.286 0.0000000000
56112  -10.031  -26.679  -4.871 0.0000000000
56113  -10.477  -26.879  -4.927 0.0000000000
56131  -10.103  -26.138  -5.360 0.0000000000
56132  -10.665  -26.425  -5.481 0.0000000000
56133  -11.369  -26.512  -5.823 0.0000000000
56148  -11.097  -26.062  -6.167 0.0000000000
57413  -8.895  -26.181  -3.996 0.0000000000
57421  -8.728  -26.358  -3.644 0.0000000000
57422  -9.036  -26.129  -4.192 0.0000000000
57430  -9.652  -25.876  -5.061 0.0000000000
57442  -10.273  -25.542  -6.000 0.0000000000
57443  -10.766  -25.847  -6.132 0.0000000000
58793  -9.323  -25.287  -5.185 0.0000000000
