#!ascii label  , from subject ab_data vox2ras=TkReg
1835
58273  -41.785  -23.675  29.173 0.0000000000
59650  -40.652  -23.164  29.494 0.0000000000
59651  -41.629  -23.061  29.457 0.0000000000
59652  -42.416  -22.844  29.355 0.0000000000
59666  -42.199  -23.441  29.162 0.0000000000
60897  -38.509  -22.325  29.234 0.0000000000
60898  -39.236  -22.425  29.359 0.0000000000
60899  -40.142  -22.381  29.507 0.0000000000
60900  -41.132  -22.237  29.674 0.0000000000
60901  -42.123  -22.177  29.697 0.0000000000
60902  -43.162  -22.303  29.397 0.0000000000
60920  -43.296  -22.722  29.077 0.0000000000
62127  -38.338  -21.731  29.116 0.0000000000
62128  -38.991  -21.696  29.170 0.0000000000
62129  -39.756  -21.648  29.287 0.0000000000
62130  -40.671  -21.336  29.422 0.0000000000
62131  -41.721  -21.241  29.693 0.0000000000
62132  -42.755  -21.279  29.719 0.0000000000
62133  -43.721  -21.290  29.403 0.0000000000
62151  -38.675  -21.102  28.824 0.0000000000
62152  -39.473  -21.033  28.913 0.0000000000
62153  -40.104  -21.019  29.089 0.0000000000
63368  -45.726  -20.435  30.942 0.0000000000
63369  -46.193  -20.535  31.615 0.0000000000
63383  -45.432  -20.369  30.082 0.0000000000
63398  -40.577  -20.609  29.077 0.0000000000
63399  -41.359  -20.133  29.308 0.0000000000
63400  -42.415  -20.265  29.650 0.0000000000
63401  -43.406  -20.349  29.593 0.0000000000
63402  -44.344  -20.455  29.411 0.0000000000
63403  -45.022  -20.650  29.477 0.0000000000
63404  -50.726  -19.960  29.791 0.0000000000
63405  -51.006  -20.010  29.694 0.0000000000
63423  -38.295  -20.525  28.375 0.0000000000
63424  -39.247  -20.415  28.257 0.0000000000
63425  -40.120  -20.471  28.581 0.0000000000
63426  -40.726  -20.062  28.782 0.0000000000
63439  -38.743  -20.221  27.994 0.0000000000
63440  -39.063  -20.112  27.799 0.0000000000
64746  -46.545  -20.096  31.829 0.0000000000
64747  -47.028  -19.840  32.129 0.0000000000
64759  -45.687  -19.846  30.739 0.0000000000
64760  -46.272  -19.385  31.400 0.0000000000
64761  -47.516  -18.979  31.844 0.0000000000
64762  -48.625  -19.312  31.669 0.0000000000
64774  -45.578  -19.284  30.500 0.0000000000
64775  -45.930  -18.807  30.920 0.0000000000
64777  -50.198  -19.814  30.094 0.0000000000
64788  -41.637  -19.058  29.122 0.0000000000
64789  -42.229  -19.264  29.449 0.0000000000
64790  -43.118  -19.342  29.620 0.0000000000
64791  -44.089  -19.474  29.519 0.0000000000
64792  -45.022  -19.638  29.677 0.0000000000
64793  -49.963  -19.379  29.839 0.0000000000
64794  -50.573  -19.464  29.481 0.0000000000
64795  -51.271  -19.396  29.382 0.0000000000
64808  -37.957  -20.063  27.997 0.0000000000
64809  -38.417  -20.160  27.990 0.0000000000
64810  -40.004  -20.017  28.002 0.0000000000
64811  -40.511  -19.747  28.262 0.0000000000
64812  -41.085  -19.282  28.555 0.0000000000
64813  -50.977  -19.154  29.015 0.0000000000
64814  -51.209  -19.088  29.082 0.0000000000
64825  -37.803  -19.632  27.400 0.0000000000
64826  -38.686  -19.859  27.513 0.0000000000
64827  -39.561  -19.783  27.524 0.0000000000
64828  -40.428  -19.396  27.565 0.0000000000
64829  -40.770  -19.241  28.012 0.0000000000
64836  -37.632  -19.220  26.608 0.0000000000
64837  -38.542  -19.391  26.639 0.0000000000
64838  -39.395  -19.443  26.685 0.0000000000
64839  -40.158  -19.267  26.745 0.0000000000
64849  -37.520  -18.895  25.704 0.0000000000
64850  -38.426  -18.994  25.778 0.0000000000
64851  -39.274  -19.146  25.802 0.0000000000
64852  -40.053  -19.089  25.853 0.0000000000
64866  -37.435  -18.825  24.774 0.0000000000
64867  -38.337  -18.778  24.895 0.0000000000
64868  -39.174  -18.847  24.962 0.0000000000
64869  -39.946  -18.885  24.982 0.0000000000
64885  -37.377  -18.811  23.913 0.0000000000
64886  -38.264  -18.723  24.081 0.0000000000
64887  -39.126  -18.745  24.164 0.0000000000
64888  -39.800  -18.817  24.290 0.0000000000
66108  -47.104  -18.133  31.335 0.0000000000
66109  -48.224  -18.186  31.075 0.0000000000
66110  -49.112  -18.858  30.865 0.0000000000
66111  -49.462  -19.268  30.679 0.0000000000
66122  -45.746  -18.258  30.576 0.0000000000
66123  -46.296  -18.361  31.086 0.0000000000
66124  -48.463  -17.799  30.436 0.0000000000
66125  -49.048  -18.176  30.109 0.0000000000
66126  -49.538  -19.022  30.181 0.0000000000
66137  -42.126  -18.539  29.147 0.0000000000
66138  -42.856  -18.325  29.318 0.0000000000
66139  -43.815  -18.452  29.506 0.0000000000
66140  -44.661  -18.644  29.729 0.0000000000
66141  -45.237  -18.747  30.095 0.0000000000
66142  -49.334  -18.085  29.418 0.0000000000
66143  -49.850  -18.688  29.176 0.0000000000
66144  -50.382  -19.017  29.063 0.0000000000
66145  -51.750  -18.891  29.610 0.0000000000
66155  -41.718  -18.267  28.509 0.0000000000
66156  -42.374  -17.933  28.865 0.0000000000
66157  -50.325  -18.314  28.219 0.0000000000
66158  -50.694  -18.798  28.662 0.0000000000
66159  -51.270  -18.687  28.883 0.0000000000
66164  -40.705  -18.847  26.865 0.0000000000
66165  -41.139  -18.589  27.567 0.0000000000
66166  -50.637  -18.079  27.753 0.0000000000
66167  -50.906  -18.269  27.821 0.0000000000
66168  -51.213  -18.292  28.133 0.0000000000
66170  -40.725  -18.763  26.003 0.0000000000
66171  -41.274  -18.385  26.371 0.0000000000
66177  -40.726  -18.725  25.035 0.0000000000
66178  -41.618  -18.421  25.219 0.0000000000
66179  -42.205  -18.256  24.957 0.0000000000
66189  -40.578  -18.720  24.197 0.0000000000
66190  -41.498  -18.513  24.253 0.0000000000
66191  -42.397  -18.246  24.337 0.0000000000
66192  -42.956  -18.087  24.083 0.0000000000
66206  -37.342  -18.506  23.202 0.0000000000
66207  -38.191  -18.488  23.410 0.0000000000
66208  -39.007  -18.495  23.553 0.0000000000
66209  -40.016  -18.439  23.622 0.0000000000
66210  -41.389  -18.194  23.633 0.0000000000
66211  -42.264  -18.153  23.600 0.0000000000
66212  -43.199  -18.127  23.494 0.0000000000
66213  -44.054  -18.308  23.125 0.0000000000
66214  -44.780  -18.215  23.089 0.0000000000
66215  -45.284  -18.073  23.142 0.0000000000
66226  -37.204  -18.065  22.578 0.0000000000
66227  -38.136  -18.098  22.802 0.0000000000
66228  -38.885  -18.171  23.071 0.0000000000
66229  -39.412  -18.191  23.253 0.0000000000
66230  -41.842  -18.034  23.461 0.0000000000
66231  -42.186  -17.936  23.339 0.0000000000
66232  -43.031  -18.018  22.863 0.0000000000
66233  -43.786  -18.239  22.601 0.0000000000
66234  -44.560  -18.309  22.465 0.0000000000
66235  -45.424  -18.161  22.570 0.0000000000
66247  -43.668  -18.054  22.210 0.0000000000
66248  -44.255  -18.158  21.909 0.0000000000
66249  -45.073  -18.145  21.803 0.0000000000
66250  -45.863  -18.020  21.908 0.0000000000
67400  -47.323  -17.637  30.882 0.0000000000
67401  -47.638  -17.785  30.955 0.0000000000
67413  -45.812  -17.376  30.219 0.0000000000
67414  -46.648  -17.524  30.693 0.0000000000
67415  -47.920  -17.328  30.346 0.0000000000
67416  -48.610  -17.639  30.089 0.0000000000
67417  -52.001  -17.704  30.207 0.0000000000
67432  -42.861  -17.540  28.885 0.0000000000
67433  -43.613  -17.336  29.140 0.0000000000
67434  -44.513  -17.633  29.609 0.0000000000
67435  -45.193  -17.884  30.045 0.0000000000
67436  -48.269  -16.992  29.586 0.0000000000
67437  -48.864  -17.489  29.335 0.0000000000
67438  -49.452  -18.008  29.083 0.0000000000
67439  -51.631  -17.946  29.267 0.0000000000
67452  -41.761  -17.743  27.675 0.0000000000
67453  -42.513  -17.194  28.143 0.0000000000
67454  -43.094  -17.073  28.681 0.0000000000
67455  -49.136  -17.320  28.629 0.0000000000
67456  -49.603  -17.782  28.476 0.0000000000
67457  -51.520  -17.753  28.175 0.0000000000
67461  -41.710  -17.785  26.798 0.0000000000
67462  -42.179  -17.251  27.197 0.0000000000
67463  -50.265  -17.813  27.730 0.0000000000
67464  -50.935  -17.729  27.202 0.0000000000
67465  -51.533  -17.563  27.352 0.0000000000
67466  -52.127  -17.268  26.988 0.0000000000
67468  -41.969  -17.997  25.807 0.0000000000
67469  -42.566  -17.270  26.187 0.0000000000
67470  -43.143  -16.880  26.005 0.0000000000
67471  -51.169  -17.426  26.666 0.0000000000
67472  -51.745  -17.358  26.369 0.0000000000
67473  -52.261  -17.196  26.503 0.0000000000
67480  -42.118  -18.193  25.255 0.0000000000
67481  -42.633  -17.915  25.063 0.0000000000
67482  -43.513  -17.222  25.372 0.0000000000
67483  -44.180  -17.054  25.206 0.0000000000
67484  -52.137  -17.230  25.264 0.0000000000
67485  -52.867  -17.164  25.458 0.0000000000
67486  -53.553  -17.011  25.065 0.0000000000
67497  -42.848  -18.031  24.403 0.0000000000
67498  -43.446  -17.873  24.253 0.0000000000
67499  -44.455  -17.423  24.538 0.0000000000
67500  -45.377  -17.427  24.129 0.0000000000
67501  -46.201  -17.271  23.992 0.0000000000
67502  -46.800  -17.035  24.016 0.0000000000
67503  -52.088  -17.306  24.439 0.0000000000
67504  -52.889  -17.477  24.590 0.0000000000
67505  -53.793  -17.206  24.593 0.0000000000
67506  -54.306  -17.049  24.329 0.0000000000
67519  -39.503  -17.444  23.017 0.0000000000
67520  -39.791  -17.719  23.166 0.0000000000
67521  -40.830  -17.718  23.396 0.0000000000
67522  -43.740  -18.118  23.594 0.0000000000
67523  -44.248  -17.985  23.672 0.0000000000
67524  -45.000  -17.814  23.613 0.0000000000
67525  -45.834  -17.768  23.323 0.0000000000
67526  -47.032  -17.445  23.412 0.0000000000
67527  -48.096  -17.469  23.141 0.0000000000
67528  -49.090  -17.273  23.150 0.0000000000
67529  -50.146  -17.097  23.273 0.0000000000
67530  -51.319  -17.118  23.743 0.0000000000
67531  -52.500  -17.502  23.794 0.0000000000
67532  -53.595  -17.506  23.849 0.0000000000
67533  -54.328  -17.205  24.036 0.0000000000
67541  -36.918  -17.401  21.988 0.0000000000
67542  -37.936  -17.365  22.334 0.0000000000
67543  -39.035  -17.430  22.786 0.0000000000
67544  -39.311  -17.946  23.015 0.0000000000
67545  -41.829  -17.699  23.288 0.0000000000
67546  -42.665  -17.610  22.861 0.0000000000
67547  -43.382  -17.641  22.326 0.0000000000
67548  -46.398  -17.841  22.533 0.0000000000
67549  -47.447  -17.532  22.529 0.0000000000
67550  -48.620  -17.280  22.529 0.0000000000
67551  -49.773  -17.202  22.724 0.0000000000
67552  -50.868  -17.327  22.855 0.0000000000
67553  -51.978  -17.432  23.017 0.0000000000
67554  -53.014  -17.321  23.186 0.0000000000
67555  -53.753  -17.158  23.234 0.0000000000
67565  -36.176  -17.008  21.667 0.0000000000
67566  -36.982  -16.599  21.679 0.0000000000
67567  -43.963  -17.639  21.767 0.0000000000
67568  -44.695  -17.580  21.310 0.0000000000
67569  -45.541  -17.547  21.355 0.0000000000
67570  -46.617  -17.495  21.797 0.0000000000
67571  -47.769  -17.123  22.005 0.0000000000
67572  -48.619  -16.797  22.098 0.0000000000
67581  -45.113  -17.239  20.896 0.0000000000
67582  -45.427  -17.032  20.932 0.0000000000
68626  -50.724  -15.879  30.671 0.0000000000
68627  -51.252  -16.287  31.071 0.0000000000
68636  -45.803  -16.997  30.025 0.0000000000
68637  -46.199  -16.927  30.119 0.0000000000
68638  -47.026  -16.785  30.169 0.0000000000
68639  -50.853  -16.259  30.062 0.0000000000
68640  -51.699  -16.971  30.567 0.0000000000
68648  -43.983  -16.700  28.932 0.0000000000
68649  -44.443  -16.811  29.280 0.0000000000
68650  -45.439  -16.708  29.656 0.0000000000
68651  -46.551  -16.395  29.658 0.0000000000
68652  -47.728  -16.505  29.319 0.0000000000
68653  -48.408  -16.909  29.179 0.0000000000
68654  -51.085  -16.216  28.963 0.0000000000
68655  -51.458  -17.042  29.539 0.0000000000
68661  -42.995  -16.550  27.723 0.0000000000
68662  -43.553  -16.421  28.315 0.0000000000
68663  -44.396  -16.313  28.796 0.0000000000
68664  -44.869  -16.369  29.167 0.0000000000
68665  -48.059  -16.245  28.604 0.0000000000
68666  -48.743  -16.747  28.453 0.0000000000
68667  -49.305  -17.231  28.289 0.0000000000
68668  -51.340  -16.134  28.406 0.0000000000
68669  -51.605  -16.789  28.377 0.0000000000
68674  -42.755  -16.645  27.017 0.0000000000
68675  -43.384  -16.215  27.292 0.0000000000
68676  -49.149  -16.606  27.795 0.0000000000
68677  -49.693  -17.036  27.606 0.0000000000
68678  -50.401  -17.442  27.311 0.0000000000
68679  -52.032  -17.036  27.429 0.0000000000
68680  -52.400  -16.874  26.741 0.0000000000
68684  -42.989  -16.759  26.344 0.0000000000
68685  -43.660  -16.444  26.198 0.0000000000
68686  -44.336  -16.188  25.957 0.0000000000
68687  -49.999  -16.701  26.990 0.0000000000
68688  -50.615  -16.999  26.663 0.0000000000
68689  -51.258  -17.277  26.389 0.0000000000
68690  -52.809  -16.746  26.021 0.0000000000
68697  -43.997  -16.812  25.502 0.0000000000
68698  -44.688  -16.615  25.331 0.0000000000
68699  -45.821  -16.357  25.158 0.0000000000
68700  -46.743  -16.149  24.966 0.0000000000
68701  -47.250  -16.039  24.848 0.0000000000
68702  -50.765  -16.431  25.599 0.0000000000
68703  -51.378  -17.016  25.852 0.0000000000
68704  -53.400  -16.677  25.339 0.0000000000
68705  -53.956  -16.677  24.818 0.0000000000
68714  -45.043  -17.114  24.648 0.0000000000
68715  -45.608  -16.938  24.619 0.0000000000
68716  -46.449  -16.733  24.485 0.0000000000
68717  -47.480  -16.575  24.264 0.0000000000
68718  -48.697  -16.278  24.263 0.0000000000
68719  -49.718  -16.176  24.432 0.0000000000
68720  -50.585  -16.353  24.698 0.0000000000
68721  -51.416  -16.765  24.817 0.0000000000
68722  -54.294  -16.787  24.463 0.0000000000
68723  -54.519  -16.715  24.123 0.0000000000
68734  -39.674  -17.002  23.109 0.0000000000
68735  -40.491  -16.834  23.311 0.0000000000
68736  -41.390  -16.844  23.255 0.0000000000
68737  -47.771  -17.189  23.578 0.0000000000
68738  -48.421  -16.946  23.608 0.0000000000
68739  -49.414  -16.686  23.673 0.0000000000
68740  -50.378  -16.646  23.947 0.0000000000
68741  -50.945  -16.710  24.271 0.0000000000
68742  -54.264  -17.040  23.467 0.0000000000
68743  -54.569  -16.606  23.665 0.0000000000
68751  -37.687  -16.627  21.827 0.0000000000
68752  -38.573  -16.395  22.127 0.0000000000
68753  -39.428  -16.300  22.629 0.0000000000
68754  -40.071  -16.261  22.975 0.0000000000
68755  -42.281  -16.845  22.858 0.0000000000
68756  -43.060  -16.987  22.410 0.0000000000
68757  -43.632  -16.958  21.926 0.0000000000
68758  -49.457  -16.762  22.280 0.0000000000
68759  -50.504  -16.797  22.377 0.0000000000
68760  -51.579  -16.869  22.480 0.0000000000
68761  -52.616  -16.843  22.620 0.0000000000
68762  -53.512  -16.792  22.752 0.0000000000
68763  -54.181  -16.701  22.917 0.0000000000
68764  -54.647  -16.420  23.103 0.0000000000
68772  -36.677  -16.034  21.560 0.0000000000
68773  -37.523  -15.905  21.477 0.0000000000
68774  -38.133  -15.963  21.604 0.0000000000
68775  -44.241  -16.851  21.355 0.0000000000
68776  -44.774  -16.851  20.849 0.0000000000
68777  -46.009  -16.809  21.209 0.0000000000
68778  -47.082  -16.683  21.623 0.0000000000
68779  -48.135  -16.414  21.797 0.0000000000
68780  -49.146  -16.223  21.875 0.0000000000
68781  -50.194  -16.183  21.890 0.0000000000
68782  -51.283  -16.192  21.948 0.0000000000
68783  -52.342  -16.216  22.057 0.0000000000
68784  -53.310  -16.259  22.175 0.0000000000
68785  -54.110  -16.290  22.340 0.0000000000
68786  -54.582  -16.233  22.605 0.0000000000
68794  -45.118  -16.790  20.679 0.0000000000
68795  -45.426  -16.603  20.794 0.0000000000
69916  -50.803  -15.457  31.160 0.0000000000
69917  -51.909  -15.701  31.881 0.0000000000
69926  -50.434  -15.344  30.277 0.0000000000
69933  -45.564  -16.131  29.239 0.0000000000
69934  -46.012  -15.980  29.236 0.0000000000
69935  -46.867  -15.943  29.096 0.0000000000
69936  -50.545  -15.380  29.261 0.0000000000
69941  -43.897  -15.966  28.063 0.0000000000
69942  -44.285  -15.878  28.224 0.0000000000
69943  -45.271  -15.820  28.759 0.0000000000
69944  -46.445  -15.585  28.496 0.0000000000
69945  -47.511  -15.800  28.437 0.0000000000
69946  -48.250  -16.047  28.155 0.0000000000
69947  -51.059  -15.480  28.185 0.0000000000
69948  -51.474  -16.072  28.073 0.0000000000
69951  -43.964  -15.827  27.569 0.0000000000
69952  -44.859  -15.517  27.572 0.0000000000
69953  -45.946  -15.331  27.614 0.0000000000
69954  -47.055  -15.336  27.568 0.0000000000
69955  -48.042  -15.553  27.561 0.0000000000
69956  -48.828  -16.148  27.607 0.0000000000
69957  -49.320  -16.494  27.502 0.0000000000
69958  -51.277  -15.199  27.529 0.0000000000
69959  -51.793  -15.857  27.324 0.0000000000
69960  -52.229  -16.495  26.974 0.0000000000
69964  -43.785  -15.934  26.875 0.0000000000
69965  -44.447  -15.799  26.518 0.0000000000
69966  -45.515  -15.443  26.595 0.0000000000
69967  -46.618  -15.312  26.587 0.0000000000
69968  -47.702  -15.301  26.624 0.0000000000
69969  -48.696  -15.555  26.777 0.0000000000
69970  -49.552  -16.230  26.953 0.0000000000
69971  -50.071  -16.542  26.696 0.0000000000
69972  -52.104  -15.512  26.579 0.0000000000
69973  -52.513  -16.028  26.406 0.0000000000
69981  -44.643  -16.070  25.868 0.0000000000
69982  -45.187  -15.891  25.794 0.0000000000
69983  -46.187  -15.713  25.725 0.0000000000
69984  -47.306  -15.635  25.501 0.0000000000
69985  -48.381  -15.470  25.773 0.0000000000
69986  -49.361  -15.662  26.002 0.0000000000
69987  -50.117  -16.204  26.214 0.0000000000
69988  -53.191  -16.070  25.625 0.0000000000
69989  -53.799  -16.068  24.996 0.0000000000
69998  -47.520  -15.966  24.831 0.0000000000
69999  -48.073  -15.802  24.869 0.0000000000
70000  -49.073  -15.665  25.023 0.0000000000
70001  -50.018  -15.876  25.290 0.0000000000
70002  -54.487  -16.032  24.202 0.0000000000
70003  -54.651  -16.303  23.843 0.0000000000
70014  -40.678  -15.977  23.057 0.0000000000
70015  -41.064  -16.272  23.218 0.0000000000
70016  -54.727  -15.522  23.529 0.0000000000
70017  -54.964  -15.793  23.281 0.0000000000
70018  -55.260  -15.269  22.824 0.0000000000
70027  -36.137  -15.060  21.868 0.0000000000
70028  -38.671  -15.643  21.553 0.0000000000
70029  -39.280  -15.599  21.907 0.0000000000
70030  -40.207  -15.344  22.330 0.0000000000
70031  -41.616  -15.599  22.700 0.0000000000
70032  -42.828  -16.173  22.327 0.0000000000
70033  -43.309  -16.517  22.064 0.0000000000
70034  -45.893  -15.423  21.669 0.0000000000
70035  -46.924  -15.316  21.894 0.0000000000
70036  -47.931  -15.138  22.001 0.0000000000
70037  -48.479  -14.994  21.937 0.0000000000
70038  -54.946  -15.877  22.585 0.0000000000
70039  -55.229  -15.354  22.474 0.0000000000
70043  -35.677  -15.812  21.786 0.0000000000
70044  -36.379  -15.384  21.620 0.0000000000
70045  -37.499  -15.091  21.019 0.0000000000
70046  -38.254  -15.348  21.077 0.0000000000
70047  -39.173  -15.019  21.146 0.0000000000
70048  -39.729  -15.106  21.634 0.0000000000
70049  -42.102  -15.054  22.127 0.0000000000
70050  -42.705  -15.371  22.049 0.0000000000
70051  -43.575  -16.001  21.610 0.0000000000
70052  -44.555  -16.076  20.742 0.0000000000
70053  -45.532  -16.005  20.848 0.0000000000
70054  -46.457  -16.051  21.499 0.0000000000
70055  -47.527  -15.871  21.714 0.0000000000
70056  -48.668  -15.471  21.843 0.0000000000
70057  -49.861  -15.418  21.692 0.0000000000
70058  -51.031  -15.379  21.571 0.0000000000
70059  -52.154  -15.449  21.536 0.0000000000
70060  -53.170  -15.625  21.570 0.0000000000
70061  -54.078  -15.736  21.708 0.0000000000
70062  -54.780  -15.682  22.038 0.0000000000
70063  -55.034  -15.489  21.952 0.0000000000
70069  -37.941  -14.646  20.598 0.0000000000
70070  -38.231  -14.794  20.629 0.0000000000
70071  -38.646  -14.893  20.787 0.0000000000
70072  -44.893  -16.508  20.632 0.0000000000
70073  -45.107  -16.371  20.585 0.0000000000
71167  -51.263  -14.730  31.552 0.0000000000
71177  -50.559  -14.504  30.724 0.0000000000
71186  -50.269  -14.403  29.641 0.0000000000
71193  -50.375  -14.411  28.522 0.0000000000
71196  -50.803  -14.525  27.463 0.0000000000
71197  -51.368  -14.967  27.107 0.0000000000
71200  -51.137  -14.430  26.750 0.0000000000
71201  -51.711  -14.855  26.418 0.0000000000
71202  -52.289  -15.247  26.137 0.0000000000
71207  -52.129  -14.629  25.580 0.0000000000
71208  -52.766  -15.250  25.548 0.0000000000
71209  -53.382  -15.504  25.110 0.0000000000
71220  -35.735  -14.265  23.880 0.0000000000
71221  -52.465  -14.555  25.009 0.0000000000
71222  -53.001  -14.794  24.637 0.0000000000
71223  -53.770  -15.363  24.407 0.0000000000
71233  -35.272  -14.797  23.287 0.0000000000
71234  -36.272  -14.466  23.254 0.0000000000
71235  -37.051  -14.296  22.806 0.0000000000
71236  -53.428  -14.645  23.874 0.0000000000
71237  -54.316  -14.950  23.480 0.0000000000
71238  -54.982  -15.117  23.174 0.0000000000
71239  -55.242  -15.035  22.996 0.0000000000
71246  -35.697  -14.922  22.730 0.0000000000
71247  -36.323  -14.743  22.327 0.0000000000
71248  -37.229  -14.298  22.034 0.0000000000
71249  -40.415  -14.871  21.888 0.0000000000
71250  -40.786  -14.863  22.107 0.0000000000
71251  -42.701  -14.469  22.089 0.0000000000
71252  -43.330  -14.612  21.908 0.0000000000
71253  -44.348  -14.692  21.919 0.0000000000
71254  -45.348  -14.800  22.162 0.0000000000
71255  -46.367  -14.747  22.341 0.0000000000
71256  -47.425  -14.545  22.389 0.0000000000
71257  -48.566  -14.428  22.253 0.0000000000
71258  -49.341  -13.976  22.150 0.0000000000
71259  -54.885  -14.565  22.861 0.0000000000
71260  -55.273  -14.628  22.589 0.0000000000
71261  -55.434  -14.789  22.369 0.0000000000
71265  -36.657  -14.795  21.744 0.0000000000
71266  -37.387  -14.443  21.200 0.0000000000
71267  -39.487  -14.550  20.921 0.0000000000
71268  -40.188  -14.514  21.410 0.0000000000
71269  -41.522  -14.599  22.072 0.0000000000
71270  -42.537  -14.769  21.907 0.0000000000
71271  -43.211  -15.150  21.635 0.0000000000
71272  -43.948  -15.225  21.294 0.0000000000
71273  -44.926  -15.306  21.268 0.0000000000
71274  -48.801  -14.885  21.930 0.0000000000
71275  -49.517  -14.555  21.855 0.0000000000
71276  -50.731  -14.514  21.497 0.0000000000
71277  -52.071  -14.433  21.034 0.0000000000
71278  -53.087  -14.894  21.009 0.0000000000
71279  -54.030  -15.082  21.117 0.0000000000
71280  -54.852  -15.073  21.381 0.0000000000
71281  -55.492  -14.783  21.750 0.0000000000
71282  -55.954  -14.178  21.444 0.0000000000
71288  -37.816  -14.395  20.669 0.0000000000
71289  -38.295  -14.321  20.487 0.0000000000
71290  -38.997  -14.461  20.606 0.0000000000
71291  -39.580  -14.342  20.821 0.0000000000
71292  -52.698  -13.878  20.711 0.0000000000
71293  -53.169  -14.115  20.698 0.0000000000
71294  -54.003  -14.369  20.679 0.0000000000
71295  -54.876  -14.452  20.817 0.0000000000
71296  -55.574  -14.396  21.108 0.0000000000
71297  -55.836  -14.293  21.324 0.0000000000
72519  -51.679  -14.332  31.641 0.0000000000
72520  -52.155  -14.085  31.744 0.0000000000
72532  -51.336  -13.815  31.116 0.0000000000
72533  -52.277  -13.535  31.282 0.0000000000
72545  -50.637  -13.558  30.075 0.0000000000
72554  -50.355  -13.375  28.923 0.0000000000
72560  -50.384  -13.421  27.733 0.0000000000
72562  -50.682  -13.621  26.600 0.0000000000
72563  -51.187  -14.118  26.201 0.0000000000
72565  -50.969  -13.523  25.689 0.0000000000
72566  -51.490  -14.096  25.581 0.0000000000
72576  -36.514  -13.740  24.020 0.0000000000
72577  -37.331  -13.434  23.724 0.0000000000
72578  -51.197  -13.491  25.046 0.0000000000
72579  -51.842  -13.875  24.622 0.0000000000
72580  -52.458  -14.304  24.514 0.0000000000
72590  -37.093  -13.968  23.390 0.0000000000
72591  -37.955  -13.474  22.826 0.0000000000
72592  -38.581  -13.028  22.375 0.0000000000
72593  -42.387  -13.310  23.207 0.0000000000
72594  -43.448  -13.375  23.217 0.0000000000
72595  -44.462  -13.422  23.230 0.0000000000
72596  -45.438  -13.434  23.247 0.0000000000
72597  -46.370  -13.343  23.199 0.0000000000
72598  -47.153  -13.189  23.098 0.0000000000
72599  -47.555  -12.989  23.042 0.0000000000
72600  -52.049  -13.420  24.021 0.0000000000
72601  -52.600  -13.904  23.837 0.0000000000
72602  -53.580  -13.972  23.196 0.0000000000
72609  -37.819  -13.696  21.518 0.0000000000
72610  -38.424  -13.249  21.830 0.0000000000
72611  -40.747  -13.529  22.150 0.0000000000
72612  -41.752  -13.755  22.415 0.0000000000
72613  -42.827  -13.972  22.530 0.0000000000
72614  -43.853  -14.082  22.613 0.0000000000
72615  -44.853  -14.175  22.760 0.0000000000
72616  -45.856  -14.157  22.880 0.0000000000
72617  -46.843  -13.951  22.852 0.0000000000
72618  -47.902  -13.505  22.812 0.0000000000
72619  -49.014  -13.475  22.451 0.0000000000
72620  -49.776  -13.402  22.085 0.0000000000
72621  -50.171  -13.170  21.919 0.0000000000
72622  -54.438  -13.982  22.733 0.0000000000
72623  -55.198  -13.900  22.406 0.0000000000
72624  -55.813  -13.938  22.027 0.0000000000
72625  -56.245  -13.548  21.603 0.0000000000
72630  -37.828  -13.822  20.856 0.0000000000
72631  -38.482  -13.377  21.010 0.0000000000
72632  -39.384  -13.468  20.986 0.0000000000
72633  -40.175  -13.747  21.319 0.0000000000
72634  -41.132  -14.030  21.735 0.0000000000
72635  -42.091  -14.309  22.105 0.0000000000
72636  -49.756  -13.894  21.923 0.0000000000
72637  -50.398  -13.594  21.691 0.0000000000
72638  -51.482  -13.611  21.137 0.0000000000
72639  -55.734  -14.384  21.919 0.0000000000
72640  -56.048  -13.979  21.555 0.0000000000
72647  -37.741  -14.099  20.706 0.0000000000
72648  -38.106  -13.907  20.549 0.0000000000
72649  -38.823  -13.840  20.528 0.0000000000
72650  -39.603  -13.998  20.711 0.0000000000
72651  -52.399  -13.490  20.710 0.0000000000
72652  -53.198  -13.419  20.504 0.0000000000
72653  -54.012  -13.584  20.434 0.0000000000
72654  -54.831  -13.786  20.452 0.0000000000
72655  -55.756  -13.696  20.483 0.0000000000
72656  -56.298  -13.858  21.035 0.0000000000
72662  -56.270  -13.158  20.204 0.0000000000
72663  -56.447  -13.295  20.522 0.0000000000
73903  -51.783  -13.356  30.858 0.0000000000
73904  -52.291  -13.046  30.673 0.0000000000
73905  -53.165  -12.749  30.386 0.0000000000
73916  -51.440  -13.098  30.364 0.0000000000
73917  -52.138  -12.566  29.886 0.0000000000
73918  -53.186  -12.322  29.554 0.0000000000
73919  -54.251  -12.223  29.376 0.0000000000
73930  -51.074  -12.691  29.389 0.0000000000
73931  -52.045  -12.023  28.725 0.0000000000
73932  -53.417  -11.906  28.818 0.0000000000
73933  -54.501  -11.828  28.760 0.0000000000
73934  -55.296  -11.684  28.761 0.0000000000
73935  -55.597  -11.550  28.820 0.0000000000
73941  -50.948  -12.259  28.082 0.0000000000
73942  -51.531  -11.935  28.232 0.0000000000
73945  -50.581  -12.558  26.913 0.0000000000
73948  -50.761  -12.609  25.712 0.0000000000
73949  -51.109  -12.096  25.184 0.0000000000
73957  -37.041  -12.935  24.157 0.0000000000
73958  -37.707  -12.776  23.778 0.0000000000
73959  -50.836  -13.098  25.135 0.0000000000
73960  -51.392  -12.598  24.598 0.0000000000
73961  -51.980  -12.061  24.112 0.0000000000
73972  -38.301  -12.431  23.439 0.0000000000
73973  -38.931  -12.517  22.854 0.0000000000
73974  -39.486  -12.306  22.948 0.0000000000
73975  -41.063  -12.299  23.377 0.0000000000
73976  -42.060  -12.422  23.562 0.0000000000
73977  -43.132  -12.451  23.507 0.0000000000
73978  -44.175  -12.501  23.429 0.0000000000
73979  -45.151  -12.604  23.394 0.0000000000
73980  -46.020  -12.639  23.287 0.0000000000
73981  -46.906  -12.482  23.083 0.0000000000
73982  -47.340  -12.780  23.059 0.0000000000
73983  -51.775  -13.152  24.158 0.0000000000
73984  -52.229  -12.674  23.770 0.0000000000
73985  -53.095  -12.940  23.133 0.0000000000
73990  -38.909  -12.924  22.053 0.0000000000
73991  -39.580  -12.683  22.492 0.0000000000
73992  -40.444  -12.866  22.672 0.0000000000
73993  -41.341  -13.145  23.031 0.0000000000
73994  -47.338  -12.014  22.800 0.0000000000
73995  -47.787  -12.501  22.866 0.0000000000
73996  -48.702  -12.727  22.616 0.0000000000
73997  -49.624  -12.679  22.229 0.0000000000
73998  -50.027  -12.984  22.056 0.0000000000
73999  -53.933  -13.096  22.720 0.0000000000
74000  -54.855  -13.029  22.449 0.0000000000
74001  -55.724  -12.992  22.128 0.0000000000
74002  -56.310  -13.037  21.691 0.0000000000
74007  -38.747  -13.146  21.548 0.0000000000
74008  -39.150  -13.105  21.573 0.0000000000
74009  -39.906  -13.217  21.793 0.0000000000
74010  -50.093  -12.199  21.927 0.0000000000
74011  -50.414  -12.678  21.777 0.0000000000
74012  -51.198  -12.809  21.311 0.0000000000
74013  -56.642  -13.132  21.277 0.0000000000
74014  -56.902  -12.431  21.223 0.0000000000
74020  -52.065  -12.754  20.751 0.0000000000
74021  -52.960  -12.745  20.388 0.0000000000
74022  -53.996  -12.626  20.124 0.0000000000
74023  -54.879  -13.089  20.148 0.0000000000
74024  -55.370  -13.366  20.229 0.0000000000
74025  -56.802  -12.962  20.759 0.0000000000
74026  -57.100  -12.393  20.993 0.0000000000
74032  -54.490  -12.025  19.661 0.0000000000
74033  -55.036  -12.312  19.697 0.0000000000
74034  -55.882  -12.807  19.836 0.0000000000
74035  -56.719  -12.594  20.174 0.0000000000
74036  -57.130  -12.269  20.546 0.0000000000
75268  -52.135  -11.754  28.273 0.0000000000
75269  -52.676  -11.683  28.226 0.0000000000
75270  -53.780  -11.595  28.150 0.0000000000
75271  -54.810  -11.473  28.180 0.0000000000
75272  -55.685  -11.230  28.483 0.0000000000
75273  -56.002  -10.941  28.588 0.0000000000
75279  -51.255  -11.885  27.667 0.0000000000
75280  -51.816  -11.694  27.853 0.0000000000
75281  -52.995  -11.373  27.518 0.0000000000
75282  -54.125  -11.204  27.497 0.0000000000
75283  -55.064  -10.919  27.600 0.0000000000
75284  -55.565  -10.813  27.931 0.0000000000
75286  -51.164  -11.792  27.068 0.0000000000
75287  -52.170  -11.293  26.776 0.0000000000
75288  -53.392  -10.779  26.656 0.0000000000
75289  -54.457  -10.703  27.078 0.0000000000
75290  -54.864  -10.623  27.245 0.0000000000
75292  -50.835  -12.044  26.347 0.0000000000
75293  -51.421  -11.618  25.766 0.0000000000
75294  -52.481  -10.913  25.759 0.0000000000
75302  -51.431  -11.817  24.938 0.0000000000
75303  -52.265  -11.293  24.545 0.0000000000
75304  -53.091  -10.856  24.064 0.0000000000
75319  -38.742  -11.575  23.305 0.0000000000
75320  -39.732  -11.684  23.204 0.0000000000
75321  -40.796  -11.448  23.466 0.0000000000
75322  -41.827  -11.458  23.562 0.0000000000
75323  -42.818  -11.556  23.465 0.0000000000
75324  -43.939  -11.387  23.187 0.0000000000
75325  -44.973  -11.771  23.197 0.0000000000
75326  -45.853  -11.961  23.108 0.0000000000
75327  -46.407  -12.105  23.079 0.0000000000
75328  -52.377  -11.847  23.867 0.0000000000
75329  -53.302  -11.560  23.419 0.0000000000
75330  -54.857  -11.236  22.950 0.0000000000
75331  -55.639  -11.223  22.709 0.0000000000
75335  -39.728  -12.254  23.015 0.0000000000
75336  -40.198  -12.222  23.104 0.0000000000
75337  -44.363  -10.839  22.643 0.0000000000
75338  -44.927  -11.129  22.686 0.0000000000
75339  -45.734  -11.430  22.634 0.0000000000
75340  -46.813  -11.553  22.498 0.0000000000
75341  -47.859  -11.717  22.481 0.0000000000
75342  -48.651  -11.997  22.490 0.0000000000
75343  -49.151  -12.270  22.382 0.0000000000
75344  -53.627  -12.418  22.927 0.0000000000
75345  -54.313  -12.184  22.711 0.0000000000
75346  -55.438  -11.975  22.429 0.0000000000
75347  -56.385  -11.926  21.894 0.0000000000
75348  -56.869  -11.162  21.789 0.0000000000
75353  -47.290  -11.043  21.823 0.0000000000
75354  -47.860  -11.152  21.938 0.0000000000
75355  -48.705  -11.380  21.966 0.0000000000
75356  -49.598  -11.776  22.005 0.0000000000
75357  -50.623  -11.766  21.487 0.0000000000
75358  -50.996  -12.280  21.408 0.0000000000
75359  -56.696  -12.460  21.439 0.0000000000
75360  -57.033  -11.642  21.350 0.0000000000
75366  -51.161  -11.391  20.987 0.0000000000
75367  -51.610  -11.917  20.915 0.0000000000
75368  -52.755  -11.870  20.226 0.0000000000
75369  -53.397  -12.237  20.103 0.0000000000
75370  -57.322  -11.581  20.746 0.0000000000
75376  -53.309  -11.257  19.819 0.0000000000
75377  -53.903  -11.668  19.691 0.0000000000
75378  -55.024  -11.423  19.254 0.0000000000
75379  -55.837  -11.767  19.333 0.0000000000
75380  -56.667  -11.677  19.521 0.0000000000
75381  -57.288  -11.627  20.087 0.0000000000
75385  -55.452  -10.878  18.824 0.0000000000
75386  -55.862  -11.079  18.841 0.0000000000
75387  -56.366  -11.180  19.050 0.0000000000
76665  -55.953  -10.706  28.412 0.0000000000
76679  -55.428  -10.512  27.636 0.0000000000
76680  -55.833  -10.273  27.970 0.0000000000
76681  -56.018  -10.242  28.308 0.0000000000
76683  -53.671  -10.382  26.147 0.0000000000
76684  -54.148  -10.341  26.489 0.0000000000
76685  -54.995  -10.173  26.986 0.0000000000
76686  -55.535  -10.098  27.516 0.0000000000
76688  -53.262  -10.432  25.692 0.0000000000
76689  -53.961  -10.006  25.735 0.0000000000
76690  -54.434  -9.991  26.311 0.0000000000
76692  -52.810  -10.627  25.146 0.0000000000
76693  -53.524  -10.226  24.680 0.0000000000
76694  -54.190  -9.817  24.311 0.0000000000
76710  -39.503  -10.635  23.384 0.0000000000
76711  -40.498  -10.648  23.405 0.0000000000
76712  -41.624  -10.414  23.196 0.0000000000
76713  -42.650  -10.798  23.147 0.0000000000
76714  -43.285  -10.994  23.130 0.0000000000
76715  -53.537  -10.653  23.908 0.0000000000
76716  -54.383  -10.236  23.704 0.0000000000
76717  -55.995  -10.439  23.085 0.0000000000
76718  -57.153  -9.932  22.644 0.0000000000
76719  -57.585  -9.651  22.378 0.0000000000
76729  -42.049  -9.884  22.643 0.0000000000
76730  -42.602  -10.186  22.636 0.0000000000
76731  -43.713  -10.403  22.394 0.0000000000
76732  -44.861  -10.602  22.109 0.0000000000
76733  -45.693  -10.928  22.094 0.0000000000
76734  -46.230  -11.182  22.194 0.0000000000
76735  -56.090  -11.288  22.477 0.0000000000
76736  -56.691  -10.848  22.285 0.0000000000
76737  -57.344  -10.355  21.870 0.0000000000
76743  -44.029  -9.982  21.611 0.0000000000
76744  -44.712  -10.095  21.273 0.0000000000
76745  -45.699  -10.531  21.283 0.0000000000
76746  -46.724  -10.827  21.534 0.0000000000
76747  -47.807  -10.739  21.302 0.0000000000
76748  -48.704  -10.824  21.339 0.0000000000
76749  -49.576  -11.052  21.432 0.0000000000
76750  -50.128  -11.318  21.489 0.0000000000
76751  -57.393  -10.733  21.112 0.0000000000
76759  -45.001  -9.895  20.590 0.0000000000
76760  -45.639  -10.115  20.269 0.0000000000
76761  -46.639  -10.450  20.436 0.0000000000
76762  -47.639  -10.483  20.502 0.0000000000
76763  -48.638  -10.472  20.534 0.0000000000
76764  -49.610  -10.574  20.664 0.0000000000
76765  -50.639  -10.901  20.880 0.0000000000
76766  -51.670  -11.111  20.562 0.0000000000
76767  -52.181  -11.432  20.403 0.0000000000
76768  -57.421  -10.601  20.407 0.0000000000
76775  -46.004  -10.033  19.185 0.0000000000
76776  -46.658  -10.202  19.508 0.0000000000
76777  -47.508  -10.246  19.651 0.0000000000
76778  -48.526  -10.138  19.625 0.0000000000
76779  -49.538  -10.141  19.825 0.0000000000
76780  -50.548  -10.238  19.975 0.0000000000
76781  -51.593  -10.440  20.017 0.0000000000
76782  -52.660  -10.842  19.933 0.0000000000
76783  -53.829  -10.692  19.293 0.0000000000
76784  -54.464  -11.062  19.292 0.0000000000
76785  -56.820  -10.854  19.069 0.0000000000
76786  -57.267  -10.616  19.498 0.0000000000
76791  -46.233  -9.866  18.645 0.0000000000
76792  -46.727  -9.957  18.769 0.0000000000
76793  -47.463  -9.979  18.931 0.0000000000
76794  -48.118  -9.958  19.094 0.0000000000
76795  -54.322  -10.214  18.700 0.0000000000
76796  -54.946  -10.556  18.746 0.0000000000
76797  -55.813  -10.473  18.492 0.0000000000
76798  -56.479  -10.474  18.646 0.0000000000
76799  -57.038  -10.231  18.863 0.0000000000
77994  -56.010  -9.680  27.794 0.0000000000
77995  -56.307  -9.354  28.042 0.0000000000
78002  -55.265  -9.482  26.630 0.0000000000
78003  -55.887  -9.333  27.253 0.0000000000
78004  -56.284  -9.003  27.522 0.0000000000
78006  -54.242  -9.647  25.425 0.0000000000
78007  -54.691  -9.489  25.963 0.0000000000
78008  -55.474  -8.928  26.254 0.0000000000
78010  -53.981  -9.765  25.165 0.0000000000
78011  -54.439  -9.486  24.855 0.0000000000
78012  -55.211  -8.806  25.237 0.0000000000
78023  -40.348  -9.820  23.206 0.0000000000
78024  -41.000  -9.993  23.201 0.0000000000
78027  -54.610  -9.643  24.211 0.0000000000
78028  -55.488  -9.205  24.085 0.0000000000
78029  -56.870  -9.161  23.310 0.0000000000
78030  -57.846  -9.060  22.808 0.0000000000
78031  -58.085  -8.651  22.752 0.0000000000
78041  -40.283  -9.091  22.817 0.0000000000
78042  -41.424  -9.341  22.470 0.0000000000
78043  -42.527  -9.656  22.144 0.0000000000
78044  -43.088  -9.964  22.189 0.0000000000
78047  -52.176  -9.050  22.398 0.0000000000
78048  -52.776  -8.931  22.526 0.0000000000
78049  -53.130  -8.911  22.411 0.0000000000
78050  -57.819  -9.367  22.156 0.0000000000
78051  -58.078  -8.809  22.462 0.0000000000
78062  -41.741  -8.840  21.644 0.0000000000
78063  -42.447  -9.024  21.255 0.0000000000
78064  -43.496  -9.678  21.448 0.0000000000
78065  -44.182  -9.840  21.224 0.0000000000
78066  -52.216  -9.169  21.990 0.0000000000
78067  -52.681  -9.145  22.137 0.0000000000
78068  -53.010  -9.073  22.264 0.0000000000
78069  -57.625  -9.432  21.208 0.0000000000
78070  -58.023  -9.015  21.990 0.0000000000
78081  -42.725  -8.792  20.417 0.0000000000
78082  -43.445  -9.079  20.067 0.0000000000
78083  -44.475  -9.686  20.480 0.0000000000
78084  -45.108  -9.835  20.259 0.0000000000
78085  -57.522  -9.594  19.838 0.0000000000
78092  -43.820  -9.113  18.632 0.0000000000
78093  -44.517  -9.538  19.208 0.0000000000
78094  -45.240  -9.799  19.644 0.0000000000
78095  -48.757  -9.804  18.903 0.0000000000
78096  -49.478  -9.814  19.034 0.0000000000
78097  -50.435  -9.794  19.165 0.0000000000
78098  -51.473  -9.824  19.291 0.0000000000
78099  -52.513  -10.032  19.342 0.0000000000
78100  -53.176  -10.318  19.310 0.0000000000
78101  -57.380  -9.603  18.945 0.0000000000
78107  -43.968  -9.161  17.561 0.0000000000
78108  -44.631  -9.472  18.020 0.0000000000
78109  -45.605  -9.722  18.442 0.0000000000
78110  -46.583  -9.690  18.211 0.0000000000
78111  -47.409  -9.665  18.284 0.0000000000
78112  -48.330  -9.634  18.446 0.0000000000
78113  -49.334  -9.505  18.405 0.0000000000
78114  -50.284  -9.446  18.454 0.0000000000
78115  -51.313  -9.418  18.515 0.0000000000
78116  -52.421  -9.484  18.572 0.0000000000
78117  -53.640  -9.806  18.628 0.0000000000
78118  -54.802  -9.763  18.248 0.0000000000
78119  -55.638  -9.819  18.163 0.0000000000
78120  -56.286  -9.803  18.227 0.0000000000
78121  -56.856  -9.572  18.405 0.0000000000
78126  -44.138  -9.051  16.802 0.0000000000
78127  -44.645  -9.238  17.167 0.0000000000
78128  -45.423  -9.210  17.290 0.0000000000
78129  -46.289  -9.307  17.624 0.0000000000
78130  -47.191  -9.271  17.726 0.0000000000
78131  -48.116  -9.261  17.792 0.0000000000
78132  -49.078  -9.189  17.854 0.0000000000
78133  -50.066  -9.083  17.892 0.0000000000
78134  -51.094  -8.995  17.917 0.0000000000
78135  -52.197  -9.005  17.872 0.0000000000
78136  -53.387  -9.000  17.879 0.0000000000
78137  -54.538  -9.071  17.762 0.0000000000
78138  -55.496  -9.113  17.671 0.0000000000
78139  -56.190  -9.202  17.800 0.0000000000
78140  -56.533  -9.317  18.065 0.0000000000
78143  -44.321  -8.844  16.465 0.0000000000
78144  -44.704  -8.956  16.635 0.0000000000
78145  -45.067  -9.078  16.844 0.0000000000
79226  -56.182  -8.721  27.026 0.0000000000
79227  -56.421  -8.289  27.201 0.0000000000
79232  -56.064  -8.503  26.612 0.0000000000
79233  -56.369  -7.667  26.088 0.0000000000
79238  -55.902  -8.259  25.651 0.0000000000
79239  -56.366  -7.564  24.987 0.0000000000
79257  -55.893  -8.313  24.737 0.0000000000
79258  -56.653  -8.097  23.984 0.0000000000
79259  -57.551  -8.305  23.336 0.0000000000
79260  -58.007  -8.331  22.954 0.0000000000
79269  -40.738  -8.696  22.310 0.0000000000
79276  -52.364  -8.645  22.919 0.0000000000
79277  -53.240  -8.416  22.781 0.0000000000
79278  -54.376  -8.246  22.444 0.0000000000
79279  -55.406  -8.076  22.202 0.0000000000
79280  -58.082  -8.393  22.694 0.0000000000
79288  -40.574  -8.261  21.975 0.0000000000
79289  -41.214  -8.423  21.623 0.0000000000
79290  -41.859  -8.560  21.168 0.0000000000
79295  -51.623  -8.984  21.826 0.0000000000
79296  -52.448  -9.007  21.634 0.0000000000
79297  -53.461  -9.050  21.959 0.0000000000
79298  -54.809  -8.710  21.673 0.0000000000
79299  -56.036  -8.321  21.516 0.0000000000
79300  -56.876  -8.195  21.214 0.0000000000
79301  -57.464  -8.317  21.292 0.0000000000
79302  -58.054  -8.399  22.073 0.0000000000
79312  -41.565  -8.156  20.778 0.0000000000
79313  -42.213  -8.484  20.406 0.0000000000
79314  -42.752  -8.655  19.871 0.0000000000
79317  -51.866  -8.551  21.027 0.0000000000
79318  -52.891  -8.710  20.964 0.0000000000
79319  -54.017  -8.703  20.828 0.0000000000
79320  -55.160  -8.661  20.733 0.0000000000
79321  -56.173  -8.487  20.488 0.0000000000
79322  -56.986  -8.396  20.276 0.0000000000
79323  -57.472  -8.734  20.114 0.0000000000
79334  -41.689  -8.040  19.858 0.0000000000
79335  -42.294  -8.405  19.376 0.0000000000
79336  -43.038  -8.652  19.039 0.0000000000
79337  -54.506  -8.403  20.270 0.0000000000
79338  -55.260  -8.309  19.918 0.0000000000
79339  -56.218  -8.195  19.502 0.0000000000
79340  -56.994  -8.284  19.264 0.0000000000
79341  -57.444  -8.768  19.019 0.0000000000
79347  -41.730  -8.077  18.782 0.0000000000
79348  -42.441  -8.428  18.308 0.0000000000
79349  -43.246  -8.738  17.929 0.0000000000
79350  -57.198  -8.902  18.417 0.0000000000
79356  -41.822  -8.125  17.603 0.0000000000
79357  -42.616  -8.519  17.152 0.0000000000
79358  -43.452  -8.841  16.930 0.0000000000
79359  -45.627  -8.838  16.971 0.0000000000
79360  -46.011  -8.765  17.113 0.0000000000
79361  -46.872  -8.706  17.277 0.0000000000
79362  -47.817  -8.702  17.344 0.0000000000
79363  -48.780  -8.671  17.416 0.0000000000
79364  -49.771  -8.595  17.482 0.0000000000
79365  -50.806  -8.508  17.493 0.0000000000
79366  -51.900  -8.463  17.415 0.0000000000
79367  -53.076  -8.353  17.394 0.0000000000
79368  -54.363  -8.238  17.283 0.0000000000
79369  -55.316  -8.369  17.317 0.0000000000
79370  -56.072  -8.232  17.389 0.0000000000
79371  -56.659  -8.769  17.941 0.0000000000
79375  -41.840  -8.319  16.191 0.0000000000
79376  -42.891  -8.761  16.097 0.0000000000
79377  -43.883  -8.731  16.165 0.0000000000
79378  -44.628  -8.587  16.223 0.0000000000
79379  -45.457  -8.487  16.509 0.0000000000
79380  -46.478  -8.194  16.759 0.0000000000
79381  -47.463  -8.131  16.856 0.0000000000
79382  -48.432  -8.118  16.936 0.0000000000
79383  -49.409  -8.026  17.073 0.0000000000
79384  -50.442  -7.952  17.127 0.0000000000
79385  -51.529  -7.925  17.034 0.0000000000
79386  -52.665  -7.850  16.948 0.0000000000
79387  -53.808  -7.761  16.864 0.0000000000
79388  -54.699  -7.668  16.757 0.0000000000
79389  -55.277  -7.773  16.934 0.0000000000
79390  -55.693  -7.872  17.118 0.0000000000
79394  -41.898  -8.186  15.094 0.0000000000
79395  -42.490  -8.492  15.315 0.0000000000
79396  -43.368  -8.285  15.268 0.0000000000
79397  -44.432  -8.179  15.685 0.0000000000
79398  -44.992  -8.228  15.962 0.0000000000
79403  -42.073  -7.910  14.743 0.0000000000
79404  -42.403  -8.157  14.822 0.0000000000
79405  -42.777  -8.310  14.964 0.0000000000
80462  -56.655  -7.010  26.425 0.0000000000
80472  -56.742  -6.867  25.414 0.0000000000
80479  -57.012  -7.025  24.260 0.0000000000
80480  -57.166  -6.739  23.844 0.0000000000
80493  -57.284  -7.682  23.658 0.0000000000
80494  -57.641  -7.421  23.288 0.0000000000
80495  -58.029  -8.032  22.934 0.0000000000
80506  -55.065  -7.297  22.539 0.0000000000
80507  -56.294  -7.284  22.135 0.0000000000
80508  -56.910  -6.832  22.098 0.0000000000
80509  -57.789  -7.348  22.584 0.0000000000
80510  -58.024  -7.899  22.664 0.0000000000
80517  -39.350  -7.088  21.197 0.0000000000
80518  -40.466  -7.783  21.322 0.0000000000
80519  -41.134  -7.946  21.074 0.0000000000
80525  -56.714  -7.767  21.638 0.0000000000
80526  -57.195  -7.394  21.807 0.0000000000
80527  -57.788  -7.658  22.029 0.0000000000
80528  -57.990  -7.803  22.331 0.0000000000
80535  -39.597  -6.761  20.431 0.0000000000
80536  -40.261  -7.116  20.107 0.0000000000
80537  -41.074  -7.723  20.431 0.0000000000
80542  -52.311  -8.051  20.374 0.0000000000
80543  -53.346  -8.211  20.301 0.0000000000
80544  -53.980  -8.317  20.250 0.0000000000
80557  -40.614  -7.058  18.819 0.0000000000
80558  -41.116  -7.581  19.370 0.0000000000
80561  -51.803  -7.252  19.915 0.0000000000
80562  -52.885  -7.452  19.868 0.0000000000
80563  -54.125  -7.806  19.737 0.0000000000
80564  -55.289  -7.615  19.214 0.0000000000
80565  -56.172  -7.554  18.508 0.0000000000
80566  -56.887  -8.197  18.491 0.0000000000
80567  -57.123  -8.552  18.479 0.0000000000
80571  -40.778  -7.091  17.754 0.0000000000
80572  -41.233  -7.573  18.222 0.0000000000
80573  -56.066  -7.028  17.817 0.0000000000
80574  -56.299  -7.481  17.732 0.0000000000
80575  -56.846  -8.307  18.108 0.0000000000
80580  -40.832  -7.158  17.108 0.0000000000
80581  -41.242  -7.579  17.056 0.0000000000
80582  -56.166  -7.264  17.252 0.0000000000
80583  -56.483  -7.993  17.655 0.0000000000
80587  -40.816  -7.242  16.519 0.0000000000
80588  -41.185  -7.715  16.139 0.0000000000
80589  -45.636  -7.945  16.104 0.0000000000
80590  -46.065  -7.765  16.220 0.0000000000
80591  -47.057  -7.454  16.386 0.0000000000
80592  -48.050  -7.523  16.501 0.0000000000
80593  -48.993  -7.426  16.624 0.0000000000
80594  -50.010  -7.335  16.727 0.0000000000
80595  -51.090  -7.295  16.738 0.0000000000
80596  -52.218  -7.249  16.605 0.0000000000
80597  -53.368  -7.234  16.463 0.0000000000
80598  -54.417  -7.229  16.444 0.0000000000
80599  -55.215  -7.224  16.582 0.0000000000
80600  -55.799  -7.325  16.888 0.0000000000
80604  -40.867  -7.327  15.643 0.0000000000
80605  -41.390  -7.793  15.419 0.0000000000
80606  -42.816  -7.239  14.868 0.0000000000
80607  -43.197  -7.438  14.951 0.0000000000
80608  -44.269  -7.395  15.165 0.0000000000
80609  -45.418  -7.581  15.591 0.0000000000
80610  -46.457  -7.060  15.825 0.0000000000
80611  -47.223  -6.787  15.951 0.0000000000
80615  -41.066  -7.328  14.947 0.0000000000
80616  -41.669  -7.519  14.775 0.0000000000
80617  -42.433  -7.465  14.755 0.0000000000
80618  -42.860  -8.033  14.796 0.0000000000
80619  -45.048  -6.916  14.942 0.0000000000
80620  -45.565  -6.673  15.049 0.0000000000
81648  -56.711  -6.229  25.542 0.0000000000
81649  -56.909  -5.986  24.877 0.0000000000
81663  -56.883  -6.364  24.911 0.0000000000
81664  -56.999  -6.260  24.331 0.0000000000
81676  -57.134  -6.442  23.700 0.0000000000
81684  -55.587  -6.270  22.469 0.0000000000
81685  -56.598  -6.319  22.465 0.0000000000
81686  -57.267  -6.446  22.921 0.0000000000
81692  -38.476  -6.651  20.972 0.0000000000
81697  -57.145  -6.754  22.302 0.0000000000
81698  -57.491  -7.070  22.330 0.0000000000
81708  -38.028  -6.277  20.426 0.0000000000
81709  -39.017  -6.401  20.357 0.0000000000
81710  -39.677  -6.530  19.957 0.0000000000
81728  -37.416  -6.003  19.715 0.0000000000
81729  -38.455  -5.834  19.741 0.0000000000
81730  -39.385  -5.958  19.496 0.0000000000
81731  -40.036  -6.488  19.255 0.0000000000
81737  -51.369  -6.489  19.493 0.0000000000
81738  -52.401  -6.597  19.457 0.0000000000
81739  -53.421  -6.839  19.395 0.0000000000
81740  -54.452  -6.911  19.076 0.0000000000
81741  -55.305  -6.949  18.593 0.0000000000
81746  -35.542  -6.066  18.669 0.0000000000
81747  -36.198  -5.958  18.515 0.0000000000
81748  -39.815  -5.906  18.808 0.0000000000
81749  -40.338  -6.320  18.220 0.0000000000
81753  -50.297  -5.701  18.857 0.0000000000
81754  -52.963  -6.236  19.145 0.0000000000
81755  -53.737  -6.190  18.878 0.0000000000
81756  -54.766  -6.196  18.489 0.0000000000
81757  -55.723  -6.402  17.889 0.0000000000
81758  -56.069  -6.661  17.468 0.0000000000
81763  -40.508  -6.702  17.153 0.0000000000
81764  -55.993  -6.036  17.332 0.0000000000
81765  -56.118  -6.371  17.188 0.0000000000
81770  -40.482  -6.745  16.131 0.0000000000
81771  -47.758  -6.970  16.185 0.0000000000
81772  -48.520  -6.807  16.240 0.0000000000
81773  -49.511  -6.570  16.333 0.0000000000
81774  -50.601  -6.591  16.448 0.0000000000
81775  -51.705  -6.560  16.400 0.0000000000
81776  -52.895  -6.385  16.147 0.0000000000
81777  -54.063  -6.609  16.100 0.0000000000
81778  -54.960  -6.618  16.230 0.0000000000
81779  -55.545  -6.550  16.552 0.0000000000
81780  -55.918  -6.300  16.818 0.0000000000
81786  -40.592  -6.694  15.014 0.0000000000
81787  -42.204  -6.394  14.942 0.0000000000
81788  -42.809  -6.713  15.095 0.0000000000
81789  -43.746  -6.556  15.180 0.0000000000
81790  -44.626  -6.381  14.983 0.0000000000
81791  -46.136  -6.613  15.254 0.0000000000
81792  -46.976  -6.272  15.429 0.0000000000
81793  -47.936  -6.291  15.760 0.0000000000
81794  -48.897  -6.041  15.908 0.0000000000
81795  -49.488  -5.897  16.028 0.0000000000
81796  -53.808  -5.955  15.843 0.0000000000
81797  -54.673  -5.951  15.873 0.0000000000
81798  -55.237  -6.105  15.862 0.0000000000
81799  -55.656  -5.924  16.494 0.0000000000
81800  -55.757  -5.823  16.672 0.0000000000
81805  -41.133  -6.760  14.479 0.0000000000
81806  -41.773  -6.744  14.660 0.0000000000
81807  -42.314  -6.888  14.755 0.0000000000
81808  -45.339  -6.160  14.793 0.0000000000
81809  -45.972  -6.046  14.785 0.0000000000
81810  -46.510  -5.973  14.991 0.0000000000
82762  -56.681  -5.713  24.941 0.0000000000
82763  -56.870  -5.858  24.498 0.0000000000
82775  -56.271  -5.331  24.387 0.0000000000
82776  -56.712  -5.596  24.088 0.0000000000
82777  -56.934  -5.964  24.083 0.0000000000
82788  -56.687  -5.674  23.497 0.0000000000
82789  -56.914  -5.972  23.596 0.0000000000
82798  -55.940  -5.525  22.583 0.0000000000
82799  -56.614  -5.703  22.960 0.0000000000
82800  -56.916  -6.057  23.153 0.0000000000
82824  -36.920  -5.747  18.848 0.0000000000
82825  -37.885  -5.352  19.089 0.0000000000
82826  -38.927  -5.321  19.059 0.0000000000
82827  -39.454  -5.601  18.878 0.0000000000
82830  -51.046  -5.821  19.048 0.0000000000
82831  -51.953  -5.952  19.131 0.0000000000
82832  -52.514  -6.081  19.125 0.0000000000
82837  -35.734  -5.401  17.855 0.0000000000
82838  -36.556  -5.463  18.065 0.0000000000
82839  -37.339  -5.066  18.172 0.0000000000
82840  -38.375  -4.883  18.427 0.0000000000
82841  -39.551  -5.382  17.965 0.0000000000
82842  -40.235  -6.070  17.557 0.0000000000
82846  -49.832  -5.193  18.321 0.0000000000
82847  -50.712  -5.219  18.581 0.0000000000
82848  -51.652  -5.296  18.705 0.0000000000
82849  -52.807  -5.551  18.759 0.0000000000
82850  -54.075  -5.415  18.430 0.0000000000
82851  -55.106  -5.404  18.020 0.0000000000
82852  -55.722  -5.379  17.451 0.0000000000
82855  -35.900  -4.954  17.373 0.0000000000
82856  -36.361  -5.103  17.520 0.0000000000
82857  -36.827  -5.105  17.764 0.0000000000
82858  -39.748  -5.283  16.546 0.0000000000
82859  -40.129  -6.066  16.857 0.0000000000
82862  -49.276  -5.057  18.036 0.0000000000
82863  -55.971  -5.459  17.066 0.0000000000
82864  -55.984  -5.646  16.905 0.0000000000
82867  -39.841  -5.290  15.440 0.0000000000
82868  -40.220  -6.019  15.795 0.0000000000
82869  -50.133  -5.829  16.162 0.0000000000
82870  -51.185  -5.835  16.207 0.0000000000
82871  -52.222  -5.879  16.112 0.0000000000
82872  -52.704  -5.916  16.007 0.0000000000
82873  -56.063  -5.456  16.739 0.0000000000
82878  -39.892  -5.351  14.443 0.0000000000
82879  -40.229  -5.920  14.876 0.0000000000
82880  -41.728  -5.635  14.859 0.0000000000
82881  -42.490  -5.686  15.348 0.0000000000
82882  -43.346  -5.685  15.490 0.0000000000
82883  -44.244  -5.577  15.205 0.0000000000
82884  -47.016  -5.639  14.959 0.0000000000
82885  -47.673  -5.597  15.210 0.0000000000
82886  -48.518  -5.516  15.411 0.0000000000
82887  -49.490  -5.174  15.561 0.0000000000
82888  -50.668  -5.058  15.872 0.0000000000
82889  -51.824  -5.122  15.912 0.0000000000
82890  -52.997  -5.403  15.844 0.0000000000
82891  -54.235  -5.201  15.657 0.0000000000
82892  -55.151  -5.197  15.751 0.0000000000
82893  -55.504  -5.350  16.209 0.0000000000
82894  -55.636  -5.579  16.478 0.0000000000
82899  -39.946  -5.215  13.580 0.0000000000
82900  -40.558  -5.777  14.064 0.0000000000
82901  -41.095  -5.748  14.132 0.0000000000
82902  -45.056  -5.445  14.736 0.0000000000
82903  -45.805  -5.367  14.481 0.0000000000
82904  -46.582  -5.334  14.534 0.0000000000
82905  -47.447  -5.082  14.605 0.0000000000
82906  -48.301  -4.994  14.863 0.0000000000
82907  -48.877  -5.015  15.139 0.0000000000
82912  -39.978  -4.950  12.889 0.0000000000
82913  -40.384  -5.164  13.142 0.0000000000
82914  -40.771  -5.243  13.179 0.0000000000
82918  -40.053  -4.806  12.507 0.0000000000
82919  -40.341  -4.887  12.607 0.0000000000
82920  -40.595  -4.988  12.783 0.0000000000
83916  -55.879  -5.087  23.816 0.0000000000
83917  -56.247  -5.260  23.877 0.0000000000
83918  -56.569  -5.496  23.709 0.0000000000
83927  -55.941  -5.089  23.318 0.0000000000
83928  -56.404  -5.395  23.370 0.0000000000
83935  -55.483  -5.056  22.809 0.0000000000
83936  -56.105  -5.292  22.962 0.0000000000
83968  -35.089  -4.849  17.890 0.0000000000
83969  -37.419  -4.798  17.799 0.0000000000
83970  -37.816  -4.660  17.840 0.0000000000
83971  -38.601  -4.693  17.746 0.0000000000
83974  -49.913  -4.807  18.065 0.0000000000
83975  -50.316  -4.725  18.149 0.0000000000
83976  -51.209  -4.621  18.288 0.0000000000
83977  -52.257  -4.656  18.288 0.0000000000
83978  -53.405  -4.657  18.194 0.0000000000
83979  -54.525  -4.614  17.986 0.0000000000
83980  -55.307  -4.703  17.630 0.0000000000
83983  -34.789  -4.268  17.686 0.0000000000
83984  -35.460  -4.450  17.291 0.0000000000
83985  -36.160  -4.594  17.072 0.0000000000
83986  -37.110  -4.653  17.365 0.0000000000
83987  -38.104  -4.302  17.212 0.0000000000
83988  -39.047  -4.586  17.034 0.0000000000
83991  -48.511  -4.266  17.523 0.0000000000
83992  -49.606  -4.450  17.776 0.0000000000
83993  -50.694  -4.035  17.840 0.0000000000
83994  -51.734  -3.927  17.844 0.0000000000
83995  -52.822  -3.885  17.814 0.0000000000
83996  -53.943  -3.826  17.769 0.0000000000
83997  -54.963  -3.903  17.470 0.0000000000
83998  -55.696  -4.406  17.021 0.0000000000
83999  -55.815  -4.978  16.771 0.0000000000
84002  -35.836  -4.065  16.648 0.0000000000
84003  -36.505  -4.091  16.494 0.0000000000
84004  -37.481  -3.981  16.513 0.0000000000
84005  -38.487  -4.048  16.311 0.0000000000
84006  -39.316  -4.559  16.033 0.0000000000
84007  -55.608  -4.288  16.472 0.0000000000
84008  -55.724  -4.982  16.576 0.0000000000
84013  -38.888  -4.101  15.631 0.0000000000
84014  -39.388  -4.535  15.036 0.0000000000
84015  -41.703  -4.777  14.898 0.0000000000
84016  -42.102  -4.739  15.329 0.0000000000
84017  -42.909  -4.723  15.739 0.0000000000
84018  -43.864  -4.655  15.569 0.0000000000
84019  -49.597  -4.590  15.257 0.0000000000
84020  -50.171  -4.325  15.327 0.0000000000
84021  -51.360  -4.293  15.530 0.0000000000
84022  -52.511  -4.362  15.544 0.0000000000
84023  -53.656  -4.329  15.458 0.0000000000
84024  -54.712  -4.244  15.542 0.0000000000
84025  -55.437  -4.318  16.036 0.0000000000
84026  -55.646  -5.166  16.450 0.0000000000
84030  -39.557  -4.658  14.156 0.0000000000
84031  -41.429  -4.859  14.302 0.0000000000
84032  -44.741  -4.557  15.010 0.0000000000
84033  -45.595  -4.424  14.396 0.0000000000
84034  -46.335  -4.606  14.146 0.0000000000
84035  -47.097  -4.546  14.061 0.0000000000
84036  -48.073  -4.296  14.209 0.0000000000
84037  -49.233  -4.338  14.800 0.0000000000
84038  -50.145  -3.680  14.721 0.0000000000
84043  -39.574  -4.539  13.382 0.0000000000
84044  -41.175  -4.836  13.261 0.0000000000
84045  -46.192  -3.928  13.982 0.0000000000
84046  -46.740  -3.932  13.704 0.0000000000
84047  -47.466  -3.817  13.650 0.0000000000
84048  -48.156  -3.590  13.724 0.0000000000
84052  -39.713  -4.386  12.575 0.0000000000
84053  -40.215  -4.580  12.195 0.0000000000
84054  -40.806  -4.596  12.284 0.0000000000
84057  -39.892  -4.095  11.898 0.0000000000
84058  -40.450  -4.104  11.634 0.0000000000
84059  -40.887  -4.016  11.400 0.0000000000
85177  -34.890  -3.615  17.359 0.0000000000
85178  -35.401  -3.546  16.731 0.0000000000
85180  -48.028  -3.375  17.267 0.0000000000
85181  -49.051  -3.359  17.361 0.0000000000
85182  -50.140  -3.259  17.518 0.0000000000
85183  -51.219  -3.103  17.573 0.0000000000
85184  -52.287  -3.054  17.498 0.0000000000
85185  -53.364  -3.052  17.390 0.0000000000
85186  -54.378  -3.091  17.191 0.0000000000
85187  -55.170  -3.204  16.623 0.0000000000
85188  -55.472  -3.782  16.496 0.0000000000
85192  -35.928  -3.463  15.882 0.0000000000
85193  -36.892  -3.646  15.720 0.0000000000
85194  -37.909  -3.630  15.743 0.0000000000
85195  -38.469  -3.858  15.684 0.0000000000
85196  -55.213  -2.740  16.127 0.0000000000
85197  -55.404  -3.250  16.078 0.0000000000
85203  -35.963  -3.068  15.365 0.0000000000
85204  -36.463  -3.172  14.997 0.0000000000
85205  -37.471  -3.376  14.969 0.0000000000
85206  -38.622  -3.772  14.989 0.0000000000
85207  -39.219  -4.200  14.568 0.0000000000
85208  -41.655  -3.796  14.965 0.0000000000
85209  -42.412  -3.715  15.645 0.0000000000
85210  -43.406  -3.657  15.745 0.0000000000
85211  -44.355  -3.596  15.315 0.0000000000
85212  -51.008  -3.546  15.005 0.0000000000
85213  -52.084  -3.533  15.210 0.0000000000
85214  -53.117  -3.530  15.235 0.0000000000
85215  -54.110  -3.194  15.227 0.0000000000
85216  -54.979  -3.270  15.551 0.0000000000
85217  -55.275  -3.258  15.842 0.0000000000
85221  -36.676  -2.881  14.554 0.0000000000
85222  -37.110  -3.036  14.444 0.0000000000
85223  -38.186  -3.185  14.117 0.0000000000
85224  -39.108  -3.964  14.082 0.0000000000
85225  -41.455  -3.935  13.779 0.0000000000
85226  -45.121  -3.537  14.619 0.0000000000
85227  -45.778  -3.395  14.042 0.0000000000
85228  -48.882  -3.620  13.976 0.0000000000
85229  -49.730  -3.385  14.207 0.0000000000
85230  -50.657  -2.846  14.335 0.0000000000
85231  -51.772  -2.819  14.744 0.0000000000
85232  -52.795  -2.857  14.981 0.0000000000
85233  -53.458  -2.956  15.094 0.0000000000
85237  -38.556  -2.973  13.174 0.0000000000
85238  -39.101  -3.724  13.265 0.0000000000
85239  -41.249  -3.944  12.626 0.0000000000
85240  -46.374  -3.261  13.644 0.0000000000
85241  -47.025  -3.225  13.366 0.0000000000
85242  -47.789  -3.127  13.435 0.0000000000
85243  -48.616  -3.038  13.543 0.0000000000
85244  -49.454  -2.936  13.727 0.0000000000
85245  -50.018  -2.856  13.944 0.0000000000
85249  -38.749  -2.763  12.707 0.0000000000
85250  -39.300  -3.333  12.323 0.0000000000
85251  -41.123  -3.763  11.602 0.0000000000
85255  -39.932  -3.526  11.145 0.0000000000
85256  -40.664  -3.721  10.963 0.0000000000
85257  -41.047  -3.527  10.892 0.0000000000
85262  -40.079  -3.144  10.577 0.0000000000
85263  -40.485  -3.256  10.593 0.0000000000
85264  -40.847  -3.375  10.646 0.0000000000
86401  -47.586  -2.318  17.232 0.0000000000
86402  -48.518  -2.378  17.283 0.0000000000
86403  -49.604  -2.305  17.335 0.0000000000
86404  -50.726  -2.190  17.331 0.0000000000
86405  -51.802  -2.119  17.251 0.0000000000
86406  -52.858  -2.176  17.080 0.0000000000
86407  -53.877  -2.274  16.882 0.0000000000
86408  -54.585  -2.522  16.682 0.0000000000
86412  -35.549  -2.776  16.282 0.0000000000
86414  -48.136  -1.957  17.267 0.0000000000
86415  -48.426  -1.842  17.333 0.0000000000
86416  -54.320  -1.995  16.492 0.0000000000
86417  -54.825  -2.263  16.193 0.0000000000
86418  -55.052  -2.459  15.810 0.0000000000
86423  -35.764  -2.896  15.648 0.0000000000
86424  -36.171  -2.592  15.336 0.0000000000
86425  -41.578  -2.740  15.078 0.0000000000
86426  -41.954  -2.695  15.480 0.0000000000
86427  -42.884  -2.636  15.772 0.0000000000
86428  -43.907  -2.590  15.514 0.0000000000
86429  -54.146  -2.649  15.082 0.0000000000
86430  -54.511  -2.461  15.215 0.0000000000
86431  -54.997  -2.527  15.630 0.0000000000
86435  -36.507  -2.601  14.728 0.0000000000
86436  -36.911  -2.555  14.343 0.0000000000
86437  -37.429  -2.716  14.131 0.0000000000
86438  -41.442  -2.824  14.418 0.0000000000
86439  -44.695  -2.588  14.764 0.0000000000
86440  -45.338  -2.640  14.055 0.0000000000
86441  -50.865  -2.166  14.184 0.0000000000
86442  -51.552  -2.136  14.382 0.0000000000
86443  -52.582  -2.160  14.659 0.0000000000
86444  -53.739  -2.333  14.949 0.0000000000
86445  -54.331  -1.929  15.027 0.0000000000
86449  -37.276  -2.349  14.037 0.0000000000
86450  -37.839  -2.474  13.703 0.0000000000
86451  -41.324  -2.934  13.244 0.0000000000
86452  -45.877  -2.591  13.565 0.0000000000
86453  -46.531  -2.477  13.397 0.0000000000
86454  -47.313  -2.499  13.419 0.0000000000
86455  -48.191  -2.453  13.532 0.0000000000
86456  -49.140  -2.349  13.580 0.0000000000
86457  -50.168  -2.240  13.869 0.0000000000
86461  -38.366  -2.331  13.039 0.0000000000
86462  -38.849  -2.432  12.344 0.0000000000
86463  -41.222  -2.982  12.038 0.0000000000
86468  -39.388  -2.679  11.554 0.0000000000
86469  -41.394  -2.988  10.952 0.0000000000
86472  -39.787  -2.778  10.721 0.0000000000
86473  -40.288  -2.708  10.279 0.0000000000
86474  -40.959  -2.739  10.289 0.0000000000
87613  -46.148  -1.257  17.689 0.0000000000
87614  -47.062  -1.315  17.316 0.0000000000
87615  -48.101  -1.366  17.309 0.0000000000
87616  -48.993  -1.393  17.371 0.0000000000
87617  -50.292  -1.187  17.300 0.0000000000
87618  -51.347  -1.166  17.088 0.0000000000
87619  -52.371  -1.090  16.735 0.0000000000
87620  -53.419  -1.551  16.603 0.0000000000
87621  -53.974  -1.762  16.542 0.0000000000
87628  -48.208  -1.724  17.328 0.0000000000
87629  -48.407  -1.596  17.353 0.0000000000
87630  -52.538  -0.545  16.300 0.0000000000
87631  -53.130  -0.868  16.232 0.0000000000
87632  -54.090  -1.414  16.167 0.0000000000
87633  -54.623  -1.903  15.627 0.0000000000
87634  -54.931  -2.245  15.621 0.0000000000
87643  -41.570  -1.685  15.082 0.0000000000
87644  -42.369  -1.632  15.688 0.0000000000
87645  -43.371  -1.589  15.647 0.0000000000
87646  -44.304  -1.562  15.064 0.0000000000
87647  -54.094  -1.491  15.183 0.0000000000
87648  -54.562  -1.883  15.297 0.0000000000
87649  -54.811  -2.111  15.505 0.0000000000
87654  -36.728  -2.288  14.560 0.0000000000
87655  -37.114  -1.942  14.327 0.0000000000
87657  -41.449  -1.835  13.882 0.0000000000
87658  -45.026  -1.580  13.924 0.0000000000
87659  -45.486  -2.113  13.591 0.0000000000
87660  -48.035  -1.249  14.237 0.0000000000
87661  -49.164  -1.190  14.280 0.0000000000
87662  -50.150  -1.209  14.387 0.0000000000
87663  -51.035  -1.492  14.388 0.0000000000
87664  -52.269  -1.412  14.607 0.0000000000
87665  -53.248  -1.538  14.810 0.0000000000
87666  -53.967  -1.622  15.010 0.0000000000
87667  -54.330  -1.678  15.100 0.0000000000
87671  -37.441  -2.102  13.872 0.0000000000
87672  -37.950  -1.755  13.685 0.0000000000
87673  -41.391  -1.959  12.665 0.0000000000
87674  -45.338  -0.979  13.343 0.0000000000
87675  -45.834  -1.537  13.249 0.0000000000
87676  -46.736  -1.686  13.480 0.0000000000
87677  -47.658  -1.845  13.671 0.0000000000
87678  -48.654  -1.774  13.725 0.0000000000
87679  -49.625  -1.708  13.836 0.0000000000
87680  -50.258  -1.681  14.085 0.0000000000
87683  -38.552  -1.695  12.769 0.0000000000
87684  -39.053  -1.784  11.882 0.0000000000
87685  -41.362  -2.046  11.431 0.0000000000
87690  -39.492  -2.083  11.102 0.0000000000
87691  -41.354  -1.980  10.350 0.0000000000
87696  -39.852  -1.987  10.364 0.0000000000
87697  -40.526  -1.873  9.705 0.0000000000
87698  -41.102  -1.592  9.485 0.0000000000
87702  -40.807  -1.290  9.292 0.0000000000
87703  -40.957  -1.098  9.129 0.0000000000
88691  -45.870  -0.361  17.993 0.0000000000
88692  -46.727  -0.292  17.608 0.0000000000
88693  -47.772  -0.278  17.464 0.0000000000
88694  -48.812  -0.250  17.452 0.0000000000
88695  -49.902  -0.136  17.386 0.0000000000
88696  -51.070  -0.029  16.977 0.0000000000
88697  -51.689  -0.562  16.785 0.0000000000
88704  -51.400  0.360  16.527 0.0000000000
88705  -51.929  -0.140  16.411 0.0000000000
88706  -52.610  -0.301  16.014 0.0000000000
88707  -53.409  -0.811  15.793 0.0000000000
88708  -54.002  -1.305  15.650 0.0000000000
88716  -41.616  -0.488  15.094 0.0000000000
88717  -41.990  -0.639  15.583 0.0000000000
88718  -42.841  -0.627  15.759 0.0000000000
88719  -43.732  -0.591  15.329 0.0000000000
88720  -47.481  0.244  14.972 0.0000000000
88721  -48.100  0.169  15.263 0.0000000000
88722  -49.314  0.270  15.380 0.0000000000
88723  -50.485  0.312  15.373 0.0000000000
88724  -51.532  0.063  15.410 0.0000000000
88725  -52.572  -0.408  15.520 0.0000000000
88726  -53.619  -1.077  15.322 0.0000000000
88727  -54.200  -1.547  15.371 0.0000000000
88733  -41.419  -0.733  14.353 0.0000000000
88734  -44.470  -0.564  14.509 0.0000000000
88735  -46.593  0.226  13.776 0.0000000000
88736  -47.270  -0.257  14.415 0.0000000000
88737  -48.605  -0.576  14.858 0.0000000000
88738  -49.798  -0.522  14.907 0.0000000000
88739  -50.882  -0.521  14.839 0.0000000000
88740  -51.957  -0.655  14.851 0.0000000000
88741  -52.997  -0.885  14.884 0.0000000000
88742  -53.653  -1.250  15.027 0.0000000000
88747  -41.414  -0.917  13.266 0.0000000000
88748  -44.960  -0.448  13.564 0.0000000000
88749  -45.462  -0.344  12.967 0.0000000000
88750  -46.229  -0.270  13.248 0.0000000000
88751  -47.096  -1.156  13.880 0.0000000000
88757  -41.385  -1.024  12.119 0.0000000000
88758  -45.729  0.180  12.720 0.0000000000
88759  -45.920  0.353  12.666 0.0000000000
88763  -39.421  -1.031  11.201 0.0000000000
88764  -41.468  -1.035  10.923 0.0000000000
88769  -39.916  -0.927  9.948 0.0000000000
88770  -40.428  -1.105  9.346 0.0000000000
88771  -41.475  -0.919  9.811 0.0000000000
88775  -40.097  -0.436  9.190 0.0000000000
88776  -40.649  -0.717  9.025 0.0000000000
88777  -41.090  -0.525  9.006 0.0000000000
88786  -40.271  -0.115  8.829 0.0000000000
88787  -40.669  -0.060  8.739 0.0000000000
88788  -40.960  0.111  8.671 0.0000000000
89773  -45.843  0.916  18.502 0.0000000000
89781  -45.694  0.285  18.392 0.0000000000
89782  -46.370  0.653  18.033 0.0000000000
89783  -47.449  0.751  17.732 0.0000000000
89784  -48.525  0.793  17.593 0.0000000000
89785  -49.527  0.853  17.443 0.0000000000
89786  -50.426  0.928  17.186 0.0000000000
89794  -50.988  0.895  16.606 0.0000000000
89795  -51.536  0.420  16.219 0.0000000000
89796  -52.063  0.071  16.048 0.0000000000
89807  -41.851  0.229  15.370 0.0000000000
89808  -42.408  0.213  15.643 0.0000000000
89809  -43.220  0.330  15.567 0.0000000000
89810  -43.958  0.369  14.926 0.0000000000
89811  -46.854  1.211  15.086 0.0000000000
89812  -47.440  0.849  15.382 0.0000000000
89813  -48.732  1.070  15.739 0.0000000000
89814  -49.953  1.191  15.738 0.0000000000
89815  -51.035  0.938  15.981 0.0000000000
89816  -51.860  0.200  15.872 0.0000000000
89817  -52.250  -0.109  15.873 0.0000000000
89828  -41.509  0.269  14.714 0.0000000000
89829  -44.575  0.410  14.077 0.0000000000
89830  -46.737  0.779  14.419 0.0000000000
89831  -47.181  0.361  14.806 0.0000000000
89839  -41.328  0.119  13.711 0.0000000000
89840  -44.942  0.488  13.055 0.0000000000
89841  -45.394  0.377  12.682 0.0000000000
89842  -46.426  0.807  13.297 0.0000000000
89852  -41.368  -0.163  12.746 0.0000000000
89853  -45.244  0.837  12.554 0.0000000000
89854  -45.658  0.756  12.550 0.0000000000
89855  -46.069  0.812  12.674 0.0000000000
89862  -39.641  0.193  10.842 0.0000000000
89863  -41.431  -0.026  11.753 0.0000000000
89870  -39.759  0.258  9.766 0.0000000000
89871  -41.565  0.043  10.540 0.0000000000
89876  -39.871  0.392  8.997 0.0000000000
89877  -41.466  0.226  9.471 0.0000000000
89886  -40.250  0.506  8.621 0.0000000000
89887  -40.732  0.610  8.539 0.0000000000
89888  -41.171  0.649  8.710 0.0000000000
90857  -45.802  1.580  18.888 0.0000000000
90858  -46.405  2.019  18.556 0.0000000000
90865  -46.275  1.400  18.396 0.0000000000
90866  -47.067  1.723  18.078 0.0000000000
90867  -48.169  1.711  17.675 0.0000000000
90868  -49.167  1.727  17.315 0.0000000000
90869  -49.934  1.563  17.198 0.0000000000
90874  -48.460  2.352  16.583 0.0000000000
90875  -48.844  2.219  16.679 0.0000000000
90876  -49.616  2.059  16.894 0.0000000000
90877  -50.418  1.525  16.829 0.0000000000
90884  -42.157  0.698  15.473 0.0000000000
90885  -42.637  1.127  15.487 0.0000000000
90886  -43.526  1.296  15.271 0.0000000000
90887  -44.196  1.281  14.598 0.0000000000
90888  -47.178  1.634  15.440 0.0000000000
90889  -48.119  1.985  16.134 0.0000000000
90890  -49.310  1.731  16.324 0.0000000000
90891  -50.261  1.565  16.396 0.0000000000
90892  -50.724  1.330  16.470 0.0000000000
90899  -41.902  1.118  15.133 0.0000000000
90900  -42.392  1.836  15.229 0.0000000000
90901  -44.631  1.326  13.768 0.0000000000
90902  -46.730  1.726  14.796 0.0000000000
90909  -41.500  1.156  14.170 0.0000000000
90910  -45.071  1.492  12.846 0.0000000000
90911  -45.575  1.830  12.424 0.0000000000
90912  -46.621  1.672  13.735 0.0000000000
90920  -41.286  0.939  12.838 0.0000000000
90921  -45.487  1.262  12.466 0.0000000000
90922  -45.945  1.658  12.383 0.0000000000
90923  -46.466  1.826  12.688 0.0000000000
90930  -41.510  1.070  11.463 0.0000000000
90936  -41.647  1.178  10.260 0.0000000000
92029  -46.043  2.606  18.976 0.0000000000
92030  -46.831  2.664  18.338 0.0000000000
92036  -47.666  2.542  17.636 0.0000000000
92037  -48.663  2.222  17.233 0.0000000000
92038  -49.242  2.185  17.070 0.0000000000
92044  -48.212  2.603  16.869 0.0000000000
92045  -49.036  2.277  16.963 0.0000000000
92046  -49.383  2.208  16.886 0.0000000000
92055  -43.017  2.150  15.370 0.0000000000
92056  -43.923  2.344  14.920 0.0000000000
92057  -44.395  1.861  14.342 0.0000000000
92058  -47.120  2.418  15.558 0.0000000000
92059  -47.582  2.628  16.272 0.0000000000
92068  -41.979  2.162  14.691 0.0000000000
92069  -42.545  2.467  15.152 0.0000000000
92070  -44.224  3.006  14.585 0.0000000000
92071  -44.724  2.452  13.925 0.0000000000
92072  -46.890  2.661  14.382 0.0000000000
92073  -47.051  3.241  14.062 0.0000000000
92082  -41.572  2.067  13.609 0.0000000000
92083  -45.395  2.486  12.808 0.0000000000
92084  -45.969  2.497  12.118 0.0000000000
92085  -47.068  2.386  13.124 0.0000000000
92086  -47.327  3.066  13.481 0.0000000000
92094  -41.639  2.064  12.397 0.0000000000
92095  -46.685  2.629  11.936 0.0000000000
92096  -47.155  2.587  12.238 0.0000000000
92097  -47.573  2.986  12.624 0.0000000000
92107  -41.807  2.142  11.182 0.0000000000
92108  -47.106  2.914  11.591 0.0000000000
92109  -47.310  2.955  11.717 0.0000000000
92110  -47.644  3.048  12.027 0.0000000000
93095  -46.528  3.597  18.653 0.0000000000
93096  -47.116  3.237  17.988 0.0000000000
93103  -46.812  3.853  17.761 0.0000000000
93104  -47.344  3.221  17.305 0.0000000000
93111  -46.867  3.788  16.858 0.0000000000
93112  -47.315  3.122  16.548 0.0000000000
93120  -42.848  2.730  15.240 0.0000000000
93121  -43.210  2.860  15.189 0.0000000000
93122  -46.815  3.425  15.703 0.0000000000
93123  -47.198  2.914  16.024 0.0000000000
93129  -41.881  2.873  14.136 0.0000000000
93130  -42.608  3.244  14.791 0.0000000000
93131  -43.611  3.462  14.769 0.0000000000
93132  -44.434  3.619  14.286 0.0000000000
93133  -46.830  3.639  14.595 0.0000000000
93134  -47.241  3.744  13.818 0.0000000000
93139  -41.764  2.935  13.222 0.0000000000
93140  -42.110  3.571  13.893 0.0000000000
93141  -45.148  3.482  13.471 0.0000000000
93142  -45.753  3.383  12.498 0.0000000000
93143  -47.896  3.742  13.016 0.0000000000
93144  -48.304  4.162  12.817 0.0000000000
93151  -41.862  3.126  12.105 0.0000000000
93152  -41.954  3.667  13.056 0.0000000000
93153  -46.559  3.335  11.777 0.0000000000
93154  -47.013  3.748  11.628 0.0000000000
93155  -48.032  3.494  12.256 0.0000000000
93156  -48.398  4.046  12.451 0.0000000000
93166  -46.893  3.002  11.558 0.0000000000
93167  -47.264  3.424  11.641 0.0000000000
93168  -47.920  3.604  11.787 0.0000000000
93169  -48.475  3.952  12.019 0.0000000000
94152  -46.422  4.510  19.405 0.0000000000
94165  -46.561  4.619  18.356 0.0000000000
94172  -46.629  4.570  17.374 0.0000000000
94178  -46.551  4.467  16.363 0.0000000000
94185  -46.539  4.457  15.260 0.0000000000
94190  -42.560  4.066  14.203 0.0000000000
94191  -43.095  4.245  14.505 0.0000000000
94192  -43.822  4.504  14.343 0.0000000000
94193  -46.988  4.462  14.323 0.0000000000
94194  -47.583  4.473  13.644 0.0000000000
94198  -42.309  4.256  13.493 0.0000000000
94199  -44.642  4.517  13.872 0.0000000000
94200  -45.411  4.405  13.114 0.0000000000
94201  -48.199  4.498  13.164 0.0000000000
94202  -48.627  4.535  12.716 0.0000000000
94207  -41.955  3.684  11.541 0.0000000000
94208  -42.074  4.226  12.415 0.0000000000
94209  -46.197  4.263  12.407 0.0000000000
94210  -46.831  4.242  11.828 0.0000000000
94211  -49.030  4.547  12.183 0.0000000000
94212  -49.590  4.767  12.082 0.0000000000
94221  -47.396  4.220  11.577 0.0000000000
94222  -48.024  4.217  11.483 0.0000000000
94223  -48.758  4.470  11.744 0.0000000000
94224  -49.476  4.739  11.883 0.0000000000
95320  -46.744  5.279  20.029 0.0000000000
95321  -47.686  5.829  20.266 0.0000000000
95335  -46.614  5.629  19.003 0.0000000000
95336  -46.970  5.863  19.714 0.0000000000
95352  -46.580  5.395  17.904 0.0000000000
95361  -46.592  5.303  16.964 0.0000000000
95367  -46.525  5.344  15.963 0.0000000000
95373  -46.973  5.497  14.793 0.0000000000
95374  -47.543  6.018  14.531 0.0000000000
95378  -42.793  4.744  13.942 0.0000000000
95379  -43.401  4.930  14.137 0.0000000000
95380  -43.711  4.955  14.175 0.0000000000
95381  -47.335  4.985  14.083 0.0000000000
95382  -48.027  5.466  13.726 0.0000000000
95383  -48.817  5.831  13.456 0.0000000000
95386  -42.500  5.005  13.169 0.0000000000
95387  -43.106  5.523  13.553 0.0000000000
95388  -43.921  5.331  13.953 0.0000000000
95389  -44.796  5.377  13.410 0.0000000000
95390  -48.548  4.892  13.097 0.0000000000
95391  -49.232  5.251  12.822 0.0000000000
95392  -49.991  5.531  12.565 0.0000000000
95396  -42.506  5.273  12.227 0.0000000000
95397  -42.733  5.536  12.974 0.0000000000
95398  -45.695  5.329  12.842 0.0000000000
95399  -46.534  5.141  12.260 0.0000000000
95400  -49.522  4.857  12.246 0.0000000000
95401  -50.069  5.154  12.120 0.0000000000
95402  -50.543  5.542  11.928 0.0000000000
95411  -47.155  5.048  11.697 0.0000000000
95412  -47.902  5.021  11.374 0.0000000000
95413  -48.781  5.050  11.382 0.0000000000
95414  -49.734  5.156  11.606 0.0000000000
95415  -50.304  5.421  11.825 0.0000000000
96537  -47.935  6.401  19.814 0.0000000000
96538  -48.657  6.310  20.070 0.0000000000
96546  -46.886  6.286  18.793 0.0000000000
96547  -47.323  6.384  19.354 0.0000000000
96548  -48.261  6.798  19.371 0.0000000000
96549  -49.369  6.688  19.666 0.0000000000
96562  -46.719  6.155  18.208 0.0000000000
96563  -47.346  6.717  18.495 0.0000000000
96564  -47.700  6.837  18.998 0.0000000000
96579  -46.618  5.940  17.459 0.0000000000
96580  -47.013  6.616  17.500 0.0000000000
96589  -46.665  6.054  16.689 0.0000000000
96590  -47.142  6.702  16.455 0.0000000000
96600  -46.795  6.120  15.810 0.0000000000
96601  -47.510  6.628  15.313 0.0000000000
96602  -48.273  6.940  14.813 0.0000000000
96609  -47.949  6.379  14.424 0.0000000000
96610  -48.769  6.559  14.003 0.0000000000
96611  -49.612  6.616  13.670 0.0000000000
96616  -43.248  5.866  13.258 0.0000000000
96617  -43.573  5.945  13.402 0.0000000000
96618  -44.229  5.977  13.433 0.0000000000
96619  -49.295  6.079  13.370 0.0000000000
96620  -50.101  6.164  13.064 0.0000000000
96621  -51.008  6.346  12.833 0.0000000000
96622  -51.687  6.661  12.623 0.0000000000
96623  -52.222  6.917  12.439 0.0000000000
96628  -42.722  5.769  12.305 0.0000000000
96629  -43.046  6.045  12.734 0.0000000000
96630  -43.923  6.489  13.008 0.0000000000
96631  -44.927  6.362  12.956 0.0000000000
96632  -46.148  6.293  12.557 0.0000000000
96633  -46.860  6.458  12.199 0.0000000000
96634  -50.432  5.779  12.482 0.0000000000
96635  -50.859  5.970  12.202 0.0000000000
96636  -51.616  6.545  12.080 0.0000000000
96637  -52.258  6.921  12.064 0.0000000000
96645  -42.708  5.842  11.857 0.0000000000
96646  -43.087  6.432  11.709 0.0000000000
96647  -46.844  5.789  12.066 0.0000000000
96648  -47.471  6.028  11.711 0.0000000000
96649  -48.475  5.971  11.385 0.0000000000
96650  -49.552  5.956  11.322 0.0000000000
96651  -50.693  6.108  11.695 0.0000000000
96652  -51.827  6.879  11.717 0.0000000000
96653  -52.487  7.290  11.861 0.0000000000
97691  -48.384  7.067  19.063 0.0000000000
97692  -48.849  7.126  19.116 0.0000000000
97693  -49.889  7.199  19.223 0.0000000000
97702  -47.673  7.015  18.398 0.0000000000
97703  -48.104  7.171  18.676 0.0000000000
97704  -49.157  7.487  18.522 0.0000000000
97705  -50.286  7.628  18.546 0.0000000000
97720  -47.638  7.101  18.013 0.0000000000
97721  -48.383  7.497  17.817 0.0000000000
97722  -49.501  7.887  17.625 0.0000000000
97723  -50.742  8.025  17.855 0.0000000000
97724  -51.801  8.029  17.856 0.0000000000
97740  -47.647  7.236  17.155 0.0000000000
97741  -48.488  7.645  16.845 0.0000000000
97742  -49.421  8.006  16.503 0.0000000000
97743  -53.169  8.084  17.191 0.0000000000
97756  -47.782  7.222  16.282 0.0000000000
97757  -48.522  7.474  15.697 0.0000000000
97758  -49.709  7.829  15.458 0.0000000000
97759  -50.480  7.889  14.953 0.0000000000
97768  -48.952  7.293  14.829 0.0000000000
97769  -49.772  7.273  14.386 0.0000000000
97770  -50.844  7.611  14.247 0.0000000000
97771  -51.582  7.664  13.900 0.0000000000
97772  -52.323  7.841  13.824 0.0000000000
97773  -52.917  7.995  13.901 0.0000000000
97780  -50.238  6.937  13.723 0.0000000000
97781  -50.935  6.940  13.479 0.0000000000
97782  -51.717  7.090  13.275 0.0000000000
97783  -52.477  7.365  13.114 0.0000000000
97784  -53.160  7.981  13.357 0.0000000000
97793  -43.580  6.696  12.329 0.0000000000
97794  -44.305  7.084  12.389 0.0000000000
97795  -45.403  7.422  12.389 0.0000000000
97796  -46.531  7.268  12.321 0.0000000000
97797  -47.221  6.892  12.139 0.0000000000
97798  -52.787  7.443  12.441 0.0000000000
97799  -53.351  8.139  12.625 0.0000000000
97806  -43.671  7.053  11.542 0.0000000000
97807  -44.501  7.763  11.443 0.0000000000
97808  -45.382  8.175  11.675 0.0000000000
97809  -47.105  7.548  12.052 0.0000000000
97810  -47.904  7.154  11.847 0.0000000000
97811  -49.070  7.042  11.437 0.0000000000
97812  -50.213  7.042  11.409 0.0000000000
97813  -51.295  7.286  11.499 0.0000000000
97814  -52.223  7.629  11.535 0.0000000000
97815  -53.031  7.915  11.828 0.0000000000
97816  -53.320  8.485  12.174 0.0000000000
98954  -50.220  8.185  17.100 0.0000000000
98955  -51.129  8.257  17.091 0.0000000000
98956  -52.102  8.280  17.031 0.0000000000
98957  -52.799  8.178  16.921 0.0000000000
98968  -50.403  8.242  16.335 0.0000000000
98969  -51.391  8.336  16.250 0.0000000000
98970  -52.354  8.321  16.220 0.0000000000
98971  -53.153  8.222  16.472 0.0000000000
98982  -50.678  8.207  15.619 0.0000000000
98983  -51.515  8.271  15.176 0.0000000000
98984  -52.656  8.298  15.455 0.0000000000
98985  -53.359  8.386  15.676 0.0000000000
98997  -51.519  7.985  14.431 0.0000000000
98998  -52.120  8.174  14.521 0.0000000000
98999  -52.878  8.207  14.660 0.0000000000
99000  -53.413  8.561  14.620 0.0000000000
99008  -53.453  8.662  13.458 0.0000000000
99016  -46.163  8.063  12.018 0.0000000000
99017  -46.710  7.851  12.031 0.0000000000
99018  -53.417  8.850  12.657 0.0000000000
99024  -45.127  8.435  10.760 0.0000000000
99025  -45.954  8.669  11.272 0.0000000000
99026  -47.078  8.475  11.693 0.0000000000
99027  -48.436  8.306  11.605 0.0000000000
99028  -49.628  8.202  11.505 0.0000000000
99029  -50.760  8.161  11.434 0.0000000000
99030  -51.756  8.294  11.341 0.0000000000
99031  -52.561  8.508  11.451 0.0000000000
99032  -53.067  8.746  11.785 0.0000000000
99033  -53.299  8.997  12.143 0.0000000000
99039  -45.851  9.020  10.138 0.0000000000
99040  -46.458  9.197  10.906 0.0000000000
100183  -53.495  9.400  14.264 0.0000000000
100191  -53.133  10.053  12.835 0.0000000000
100192  -53.361  9.404  13.198 0.0000000000
100200  -53.281  10.138  12.425 0.0000000000
100201  -53.315  9.644  12.338 0.0000000000
100208  -47.122  9.468  10.998 0.0000000000
100209  -47.907  9.366  11.297 0.0000000000
100210  -48.999  9.569  11.321 0.0000000000
100211  -50.222  9.243  11.449 0.0000000000
100212  -51.241  9.186  11.323 0.0000000000
100213  -52.125  9.329  11.175 0.0000000000
100214  -52.782  9.434  11.451 0.0000000000
100215  -53.191  9.377  11.817 0.0000000000
100223  -46.769  9.592  10.031 0.0000000000
100224  -47.758  9.969  10.427 0.0000000000
100225  -48.286  9.852  10.936 0.0000000000
100233  -47.499  10.025  9.367 0.0000000000
101420  -52.941  10.775  13.052 0.0000000000
101421  -53.080  10.041  13.595 0.0000000000
101434  -53.225  10.609  12.453 0.0000000000
101435  -53.373  10.351  12.080 0.0000000000
101444  -49.264  10.262  10.753 0.0000000000
101445  -49.912  10.209  11.017 0.0000000000
101446  -50.750  9.948  11.131 0.0000000000
101447  -51.561  10.140  10.871 0.0000000000
101448  -52.513  10.566  10.761 0.0000000000
101449  -53.187  10.184  11.583 0.0000000000
101458  -48.131  10.237  10.223 0.0000000000
101459  -48.597  10.283  10.403 0.0000000000
101460  -49.670  10.766  10.016 0.0000000000
101461  -50.705  10.710  10.461 0.0000000000
101462  -51.658  11.031  10.303 0.0000000000
101463  -52.172  11.369  10.229 0.0000000000
101473  -48.124  10.352  9.774 0.0000000000
101474  -48.845  10.670  9.347 0.0000000000
101475  -49.474  11.204  9.019 0.0000000000
102716  -52.765  11.771  13.279 0.0000000000
102731  -53.107  11.530  12.379 0.0000000000
102732  -53.346  10.918  11.985 0.0000000000
102745  -53.140  11.376  11.348 0.0000000000
102746  -53.315  10.703  11.731 0.0000000000
102759  -50.389  11.164  9.882 0.0000000000
102760  -50.981  11.483  9.810 0.0000000000
102774  -50.262  11.552  9.163 0.0000000000
