#!ascii label  , from subject ab_data vox2ras=TkReg
824
68805  -27.217  -16.565  18.385 0.0000000000
68806  -28.109  -16.174  18.504 0.0000000000
68809  -27.235  -16.493  17.483 0.0000000000
68810  -28.290  -16.089  17.361 0.0000000000
68815  -27.475  -16.310  16.442 0.0000000000
68816  -28.374  -15.837  16.405 0.0000000000
68820  -27.618  -15.901  15.461 0.0000000000
68821  -28.484  -15.538  15.724 0.0000000000
70078  -28.908  -15.423  19.139 0.0000000000
70079  -29.393  -15.084  18.779 0.0000000000
70081  -29.124  -15.727  18.080 0.0000000000
70082  -29.728  -15.141  18.351 0.0000000000
70083  -30.159  -14.917  18.145 0.0000000000
70086  -29.175  -15.641  17.126 0.0000000000
70087  -29.918  -15.385  17.640 0.0000000000
70088  -30.394  -15.030  17.884 0.0000000000
70091  -29.197  -15.413  16.259 0.0000000000
70092  -29.994  -15.368  16.803 0.0000000000
70093  -30.604  -15.136  17.226 0.0000000000
70095  -28.224  -15.388  15.004 0.0000000000
70096  -29.118  -15.228  15.444 0.0000000000
70097  -30.109  -15.159  15.910 0.0000000000
70098  -30.673  -15.118  16.513 0.0000000000
70102  -28.954  -14.922  14.584 0.0000000000
70103  -29.778  -14.938  15.186 0.0000000000
71302  -29.175  -14.753  19.026 0.0000000000
71303  -29.563  -14.928  18.627 0.0000000000
71306  -29.505  -14.450  18.594 0.0000000000
71307  -29.853  -14.717  18.338 0.0000000000
71308  -30.402  -14.675  17.925 0.0000000000
71311  -30.963  -14.653  17.469 0.0000000000
71312  -31.188  -14.297  17.376 0.0000000000
71314  -31.224  -14.823  16.708 0.0000000000
71315  -31.585  -14.271  16.861 0.0000000000
71316  -31.972  -13.938  16.560 0.0000000000
71318  -30.564  -14.821  15.316 0.0000000000
71319  -31.237  -14.866  15.850 0.0000000000
71320  -31.964  -14.513  16.176 0.0000000000
71321  -32.323  -14.025  16.271 0.0000000000
71326  -30.144  -14.538  14.623 0.0000000000
71327  -31.455  -14.557  14.929 0.0000000000
71328  -32.300  -14.487  15.446 0.0000000000
71329  -32.635  -14.107  15.806 0.0000000000
71342  -30.943  -14.047  14.372 0.0000000000
72668  -29.885  -14.265  18.246 0.0000000000
72669  -30.246  -14.462  18.039 0.0000000000
72674  -29.683  -13.779  17.851 0.0000000000
72675  -30.754  -14.143  17.702 0.0000000000
72676  -31.336  -14.113  17.286 0.0000000000
72680  -30.484  -13.531  17.125 0.0000000000
72681  -31.560  -13.758  16.853 0.0000000000
72682  -32.350  -13.620  16.264 0.0000000000
72684  -33.050  -13.482  15.885 0.0000000000
72685  -33.616  -13.127  15.949 0.0000000000
72690  -31.846  -14.024  14.356 0.0000000000
72691  -32.627  -14.169  14.727 0.0000000000
72692  -33.189  -13.762  15.319 0.0000000000
72693  -33.705  -13.176  15.696 0.0000000000
72702  -31.220  -13.519  13.691 0.0000000000
72703  -32.624  -13.605  13.945 0.0000000000
72704  -33.471  -13.485  14.626 0.0000000000
72705  -33.826  -13.176  15.201 0.0000000000
72721  -32.029  -13.108  13.257 0.0000000000
74048  -31.273  -13.202  16.393 0.0000000000
74049  -32.291  -13.243  16.271 0.0000000000
74050  -32.792  -13.283  16.090 0.0000000000
74054  -30.867  -12.695  15.775 0.0000000000
74055  -32.163  -12.758  15.924 0.0000000000
74056  -33.235  -12.930  16.011 0.0000000000
74057  -33.817  -12.959  15.908 0.0000000000
74064  -30.300  -12.173  15.029 0.0000000000
74065  -31.742  -12.343  15.196 0.0000000000
74066  -33.045  -12.290  15.529 0.0000000000
74067  -33.909  -12.606  15.481 0.0000000000
74073  -32.818  -12.952  13.352 0.0000000000
74074  -33.477  -12.880  13.903 0.0000000000
74075  -33.960  -12.537  14.622 0.0000000000
74081  -32.363  -12.700  12.497 0.0000000000
74082  -33.498  -12.516  13.011 0.0000000000
74083  -34.140  -12.140  13.576 0.0000000000
74098  -33.485  -12.256  11.966 0.0000000000
74099  -34.261  -12.026  12.740 0.0000000000
75403  -29.501  -11.383  14.291 0.0000000000
75404  -31.104  -11.825  14.396 0.0000000000
75405  -32.579  -11.834  14.762 0.0000000000
75406  -33.751  -11.821  14.996 0.0000000000
75407  -34.201  -12.076  14.894 0.0000000000
75411  -29.612  -10.949  13.743 0.0000000000
75412  -30.419  -11.198  13.619 0.0000000000
75413  -31.952  -11.435  13.860 0.0000000000
75414  -33.257  -11.453  14.248 0.0000000000
75415  -34.229  -11.547  13.917 0.0000000000
75416  -34.709  -10.958  13.470 0.0000000000
75420  -30.579  -10.992  13.209 0.0000000000
75421  -31.142  -11.133  13.283 0.0000000000
75422  -34.768  -11.531  13.045 0.0000000000
75423  -35.009  -10.955  13.277 0.0000000000
75433  -33.889  -11.765  11.244 0.0000000000
75434  -34.727  -11.626  11.995 0.0000000000
75435  -35.152  -10.911  12.470 0.0000000000
75446  -33.455  -11.587  10.407 0.0000000000
75447  -34.608  -11.179  10.846 0.0000000000
75448  -35.087  -10.794  11.590 0.0000000000
75466  -33.993  -11.062  9.938 0.0000000000
76813  -29.201  -10.622  13.932 0.0000000000
76818  -28.932  -10.053  13.911 0.0000000000
76819  -29.531  -10.371  13.484 0.0000000000
76820  -30.179  -10.753  13.202 0.0000000000
76821  -32.766  -11.252  13.725 0.0000000000
76822  -33.453  -11.075  13.625 0.0000000000
76823  -34.291  -10.795  13.434 0.0000000000
76824  -34.783  -10.667  13.219 0.0000000000
76829  -29.896  -10.255  13.006 0.0000000000
76830  -30.668  -10.725  12.811 0.0000000000
76831  -32.144  -10.946  13.105 0.0000000000
76832  -33.410  -10.645  12.916 0.0000000000
76833  -34.369  -10.360  12.842 0.0000000000
76834  -34.963  -10.453  12.699 0.0000000000
76840  -31.281  -10.633  12.297 0.0000000000
76841  -32.354  -10.537  12.228 0.0000000000
76842  -33.529  -10.194  12.045 0.0000000000
76843  -34.603  -9.891  12.159 0.0000000000
76844  -35.313  -10.027  11.821 0.0000000000
76853  -31.485  -10.389  11.674 0.0000000000
76854  -32.332  -10.170  11.396 0.0000000000
76855  -33.270  -9.806  11.258 0.0000000000
76856  -34.660  -10.715  10.237 0.0000000000
76857  -35.229  -10.140  10.612 0.0000000000
76869  -34.486  -10.376  9.543 0.0000000000
76870  -35.150  -9.474  9.621 0.0000000000
76884  -34.522  -9.596  8.874 0.0000000000
76885  -35.120  -9.157  8.829 0.0000000000
78157  -28.938  -9.491  13.662 0.0000000000
78158  -29.461  -9.468  13.233 0.0000000000
78162  -29.954  -9.753  12.498 0.0000000000
78163  -30.580  -10.436  12.333 0.0000000000
78166  -30.084  -9.384  11.594 0.0000000000
78167  -30.645  -10.231  11.813 0.0000000000
78168  -34.062  -9.596  11.601 0.0000000000
78169  -34.794  -9.374  11.395 0.0000000000
78170  -35.368  -9.337  11.017 0.0000000000
78179  -30.039  -9.183  10.824 0.0000000000
78180  -31.004  -9.962  10.824 0.0000000000
78181  -32.465  -9.662  10.583 0.0000000000
78182  -33.883  -9.233  10.746 0.0000000000
78183  -34.983  -8.694  10.587 0.0000000000
78184  -35.406  -9.010  10.184 0.0000000000
78192  -30.348  -9.223  10.096 0.0000000000
78193  -31.449  -9.338  9.767 0.0000000000
78194  -32.961  -8.996  9.829 0.0000000000
78195  -34.245  -8.414  10.047 0.0000000000
78196  -34.990  -8.097  10.016 0.0000000000
78197  -35.430  -8.758  9.513 0.0000000000
78208  -34.684  -8.677  8.557 0.0000000000
78209  -35.385  -8.362  9.074 0.0000000000
78219  -33.840  -8.694  7.789 0.0000000000
78220  -34.585  -8.052  8.172 0.0000000000
79409  -29.537  -8.515  13.035 0.0000000000
79411  -29.678  -8.506  12.241 0.0000000000
79414  -29.559  -8.461  11.307 0.0000000000
79421  -29.167  -7.906  9.810 0.0000000000
79422  -29.511  -8.595  10.290 0.0000000000
79423  -35.381  -8.182  10.222 0.0000000000
79424  -35.434  -8.566  9.774 0.0000000000
79432  -29.318  -7.891  9.287 0.0000000000
79433  -30.174  -8.408  9.147 0.0000000000
79434  -32.056  -8.458  9.169 0.0000000000
79435  -33.557  -8.087  9.385 0.0000000000
79436  -34.685  -7.807  9.529 0.0000000000
79437  -35.255  -8.000  9.521 0.0000000000
79438  -35.461  -8.301  9.508 0.0000000000
79448  -30.503  -7.895  8.447 0.0000000000
79449  -31.412  -7.914  8.564 0.0000000000
79450  -32.868  -7.620  8.807 0.0000000000
79451  -34.235  -7.370  8.988 0.0000000000
79452  -35.025  -7.714  8.770 0.0000000000
79453  -35.389  -8.054  9.230 0.0000000000
79463  -34.087  -7.810  7.588 0.0000000000
79464  -34.798  -7.592  8.116 0.0000000000
79474  -33.293  -7.894  7.092 0.0000000000
80626  -29.659  -7.480  12.812 0.0000000000
80629  -29.679  -7.412  11.934 0.0000000000
80637  -29.037  -7.228  10.041 0.0000000000
80638  -29.233  -7.361  10.793 0.0000000000
80647  -28.989  -7.260  9.403 0.0000000000
80648  -29.351  -7.727  8.887 0.0000000000
80659  -29.067  -7.141  8.649 0.0000000000
80660  -29.785  -7.531  8.197 0.0000000000
80661  -30.844  -7.542  7.999 0.0000000000
80662  -32.148  -7.103  8.219 0.0000000000
80663  -33.649  -6.886  8.516 0.0000000000
80664  -34.664  -6.902  8.398 0.0000000000
80672  -30.273  -7.150  7.650 0.0000000000
80673  -31.161  -6.980  7.547 0.0000000000
80674  -32.087  -6.604  7.751 0.0000000000
80675  -34.287  -7.404  7.459 0.0000000000
80676  -34.830  -7.019  7.818 0.0000000000
80686  -32.937  -7.580  6.525 0.0000000000
80687  -33.716  -7.387  6.868 0.0000000000
80688  -34.604  -6.462  6.846 0.0000000000
80696  -32.726  -7.413  6.118 0.0000000000
80697  -33.461  -6.713  5.858 0.0000000000
80698  -34.424  -6.176  6.026 0.0000000000
80704  -32.426  -7.312  5.122 0.0000000000
80705  -33.019  -6.796  4.552 0.0000000000
80711  -29.753  -7.419  2.761 0.0000000000
80712  -29.973  -7.673  2.843 0.0000000000
80714  -33.054  -7.330  3.336 0.0000000000
80715  -33.721  -7.161  2.843 0.0000000000
80721  -29.656  -7.503  2.177 0.0000000000
80722  -30.348  -8.105  2.305 0.0000000000
80723  -30.700  -7.856  1.476 0.0000000000
80724  -33.362  -7.653  2.489 0.0000000000
80725  -33.876  -7.181  2.251 0.0000000000
80738  -31.326  -7.566  1.135 0.0000000000
80739  -33.153  -7.612  1.713 0.0000000000
80740  -33.711  -7.073  1.679 0.0000000000
81816  -29.804  -6.434  12.586 0.0000000000
81819  -29.538  -6.265  11.631 0.0000000000
81826  -28.815  -6.376  10.151 0.0000000000
81827  -29.144  -6.417  10.923 0.0000000000
81835  -28.673  -6.411  9.012 0.0000000000
81846  -29.139  -6.496  7.969 0.0000000000
81847  -29.738  -6.965  7.664 0.0000000000
81848  -33.118  -6.438  8.038 0.0000000000
81849  -34.382  -6.304  8.181 0.0000000000
81850  -34.999  -6.439  8.119 0.0000000000
81860  -29.367  -6.033  7.506 0.0000000000
81861  -30.121  -6.381  7.225 0.0000000000
81862  -31.516  -6.425  7.255 0.0000000000
81863  -32.575  -6.176  7.531 0.0000000000
81864  -33.721  -5.817  7.638 0.0000000000
81865  -35.124  -5.816  7.554 0.0000000000
81866  -35.235  -5.379  7.060 0.0000000000
81874  -30.318  -5.918  6.769 0.0000000000
81875  -31.010  -6.089  6.784 0.0000000000
81876  -32.104  -5.962  7.040 0.0000000000
81877  -32.872  -5.820  7.338 0.0000000000
81878  -35.051  -5.792  6.519 0.0000000000
81879  -35.182  -5.339  6.685 0.0000000000
81886  -33.971  -6.257  5.093 0.0000000000
81887  -34.702  -5.703  5.613 0.0000000000
81888  -35.136  -5.305  5.881 0.0000000000
81893  -33.663  -6.504  3.957 0.0000000000
81894  -34.538  -5.648  4.547 0.0000000000
81895  -34.955  -5.348  5.277 0.0000000000
81899  -29.820  -6.952  3.083 0.0000000000
81900  -30.787  -7.148  2.562 0.0000000000
81901  -31.571  -6.648  2.348 0.0000000000
81902  -33.649  -6.870  3.272 0.0000000000
81903  -33.993  -6.341  3.126 0.0000000000
81909  -29.695  -6.487  2.266 0.0000000000
81910  -30.996  -7.677  2.044 0.0000000000
81911  -31.872  -6.959  1.661 0.0000000000
81912  -32.812  -6.387  1.332 0.0000000000
81913  -33.983  -6.599  2.056 0.0000000000
81924  -29.678  -6.604  1.447 0.0000000000
81925  -30.705  -7.665  0.708 0.0000000000
81926  -31.695  -7.376  0.858 0.0000000000
81927  -32.906  -6.992  1.334 0.0000000000
81928  -33.695  -6.777  1.612 0.0000000000
81941  -29.776  -6.483  0.635 0.0000000000
82917  -29.820  -5.386  12.297 0.0000000000
82923  -29.528  -5.210  11.587 0.0000000000
82928  -28.759  -5.140  10.315 0.0000000000
82929  -29.081  -5.637  10.993 0.0000000000
82936  -28.507  -5.427  9.469 0.0000000000
82947  -28.582  -5.526  8.508 0.0000000000
82960  -28.953  -5.503  7.666 0.0000000000
82961  -29.445  -5.737  7.236 0.0000000000
82962  -33.735  -5.562  7.355 0.0000000000
82963  -34.246  -5.465  7.302 0.0000000000
82964  -34.950  -5.314  7.130 0.0000000000
82974  -29.191  -5.260  7.115 0.0000000000
82975  -29.752  -5.524  6.634 0.0000000000
82976  -30.540  -5.674  6.421 0.0000000000
82977  -31.570  -5.615  6.484 0.0000000000
82978  -33.109  -5.482  6.879 0.0000000000
82979  -34.293  -5.065  6.594 0.0000000000
82980  -35.124  -5.071  6.542 0.0000000000
82988  -30.109  -5.392  6.106 0.0000000000
82989  -30.782  -5.272  5.901 0.0000000000
82990  -32.029  -5.123  5.868 0.0000000000
82991  -33.306  -4.850  5.924 0.0000000000
82992  -34.202  -4.659  5.812 0.0000000000
82993  -35.265  -4.998  5.877 0.0000000000
83000  -34.916  -5.238  4.458 0.0000000000
83001  -35.293  -4.948  4.864 0.0000000000
83007  -29.971  -6.141  3.378 0.0000000000
83008  -30.564  -6.179  3.129 0.0000000000
83009  -31.269  -6.365  2.658 0.0000000000
83010  -34.739  -5.162  3.908 0.0000000000
83011  -35.359  -4.416  4.135 0.0000000000
83018  -29.833  -5.900  2.815 0.0000000000
83019  -31.275  -5.799  2.805 0.0000000000
83020  -31.887  -5.912  2.224 0.0000000000
83021  -32.842  -5.644  1.574 0.0000000000
83022  -33.913  -5.491  2.526 0.0000000000
83029  -29.633  -5.545  1.807 0.0000000000
83030  -29.795  -4.834  0.941 0.0000000000
83032  -33.333  -6.150  1.518 0.0000000000
83033  -33.701  -6.402  1.690 0.0000000000
83047  -29.693  -5.756  0.903 0.0000000000
84051  -29.747  -4.536  12.720 0.0000000000
84056  -29.817  -4.409  11.854 0.0000000000
84062  -28.866  -4.495  10.304 0.0000000000
84063  -29.325  -4.443  10.884 0.0000000000
84068  -28.606  -4.514  9.779 0.0000000000
84078  -28.358  -4.577  8.952 0.0000000000
84088  -28.548  -4.688  8.067 0.0000000000
84099  -28.831  -4.754  7.347 0.0000000000
84100  -29.142  -4.760  6.727 0.0000000000
84101  -34.769  -4.824  6.008 0.0000000000
84102  -35.143  -4.802  5.750 0.0000000000
84113  -29.754  -4.723  5.851 0.0000000000
84114  -31.024  -4.577  5.151 0.0000000000
84115  -32.488  -4.421  5.151 0.0000000000
84116  -33.730  -4.130  5.219 0.0000000000
84117  -34.807  -4.248  5.281 0.0000000000
84118  -35.420  -4.384  5.154 0.0000000000
84125  -31.821  -4.048  4.474 0.0000000000
84126  -33.119  -3.561  4.375 0.0000000000
84127  -34.413  -3.336  4.446 0.0000000000
84128  -35.305  -3.625  4.538 0.0000000000
84129  -35.597  -3.971  4.349 0.0000000000
84135  -30.060  -5.283  3.509 0.0000000000
84136  -30.756  -5.296  3.082 0.0000000000
84137  -33.580  -3.007  4.046 0.0000000000
84138  -33.859  -3.051  4.194 0.0000000000
84139  -34.899  -4.217  3.575 0.0000000000
84140  -35.537  -4.002  3.960 0.0000000000
84146  -29.633  -5.001  2.693 0.0000000000
84147  -31.406  -5.113  2.509 0.0000000000
84148  -32.055  -4.836  1.570 0.0000000000
84149  -33.387  -4.271  2.346 0.0000000000
84150  -34.175  -4.431  2.939 0.0000000000
84156  -29.602  -4.548  1.938 0.0000000000
84157  -30.363  -4.229  1.313 0.0000000000
84159  -32.484  -3.938  1.394 0.0000000000
85248  -29.574  -3.500  12.371 0.0000000000
85254  -29.667  -3.440  11.305 0.0000000000
85260  -28.914  -3.936  10.147 0.0000000000
85261  -29.347  -3.379  10.421 0.0000000000
85268  -28.717  -3.612  9.377 0.0000000000
85269  -29.073  -3.384  9.882 0.0000000000
85279  -28.477  -3.827  8.463 0.0000000000
85288  -28.631  -3.986  7.540 0.0000000000
85289  -28.837  -3.420  7.393 0.0000000000
85297  -28.840  -4.321  7.050 0.0000000000
85298  -29.015  -3.780  6.694 0.0000000000
85309  -29.553  -3.564  5.761 0.0000000000
85310  -30.145  -3.994  5.232 0.0000000000
85320  -29.990  -3.320  5.125 0.0000000000
85321  -30.795  -3.586  4.513 0.0000000000
85322  -31.968  -3.436  3.857 0.0000000000
85323  -34.650  -2.949  4.075 0.0000000000
85324  -35.028  -3.045  4.104 0.0000000000
85325  -35.543  -3.359  4.086 0.0000000000
85335  -30.084  -4.795  3.456 0.0000000000
85336  -30.276  -4.835  3.300 0.0000000000
85337  -32.995  -3.071  3.686 0.0000000000
85338  -34.106  -2.848  3.744 0.0000000000
85339  -34.974  -3.319  3.688 0.0000000000
85340  -35.522  -3.667  3.915 0.0000000000
85349  -29.926  -4.394  3.339 0.0000000000
85350  -30.559  -4.515  2.857 0.0000000000
85351  -31.151  -4.618  2.261 0.0000000000
85352  -33.985  -3.049  2.932 0.0000000000
85353  -34.402  -3.774  3.098 0.0000000000
85361  -29.566  -4.182  2.682 0.0000000000
85362  -30.079  -4.957  2.685 0.0000000000
85363  -31.121  -4.279  1.715 0.0000000000
85364  -33.125  -3.121  2.061 0.0000000000
86460  -29.188  -2.741  12.357 0.0000000000
86466  -28.859  -2.188  12.180 0.0000000000
86467  -29.335  -2.480  11.656 0.0000000000
86471  -29.465  -2.481  10.681 0.0000000000
86476  -28.962  -3.150  9.256 0.0000000000
86477  -29.343  -2.674  9.554 0.0000000000
86486  -28.841  -3.144  8.858 0.0000000000
86487  -29.245  -2.571  8.455 0.0000000000
86497  -28.772  -3.241  8.012 0.0000000000
86498  -29.147  -2.745  7.424 0.0000000000
86507  -29.397  -2.748  6.437 0.0000000000
86514  -29.656  -2.675  5.564 0.0000000000
86520  -30.127  -2.619  4.716 0.0000000000
86521  -31.173  -2.552  3.741 0.0000000000
86522  -32.202  -2.881  3.518 0.0000000000
86530  -31.495  -2.028  3.232 0.0000000000
86531  -32.604  -2.315  3.124 0.0000000000
86532  -33.548  -2.629  3.088 0.0000000000
86541  -29.980  -4.123  2.780 0.0000000000
86542  -30.281  -4.283  2.798 0.0000000000
86543  -32.720  -1.903  2.627 0.0000000000
86544  -33.069  -2.291  2.491 0.0000000000
86552  -29.797  -4.046  2.668 0.0000000000
86553  -30.038  -4.417  2.915 0.0000000000
86554  -33.005  -2.231  1.670 0.0000000000
87688  -28.923  -1.487  11.797 0.0000000000
87689  -29.262  -1.438  10.995 0.0000000000
87694  -29.824  -1.455  10.178 0.0000000000
87700  -30.037  -1.677  9.499 0.0000000000
87710  -29.927  -1.910  8.858 0.0000000000
87711  -30.367  -1.203  8.455 0.0000000000
87720  -29.662  -1.858  7.996 0.0000000000
87721  -30.132  -1.123  7.654 0.0000000000
87732  -29.612  -1.874  7.071 0.0000000000
87733  -30.043  -1.053  6.774 0.0000000000
87742  -29.681  -1.871  6.154 0.0000000000
87743  -30.045  -1.058  5.776 0.0000000000
87752  -29.790  -1.917  5.323 0.0000000000
87753  -30.163  -1.459  4.534 0.0000000000
87761  -30.778  -1.532  3.502 0.0000000000
87762  -31.571  -1.556  2.930 0.0000000000
87768  -32.286  -1.603  2.666 0.0000000000
87769  -32.708  -1.458  2.362 0.0000000000
87775  -33.301  -1.285  1.988 0.0000000000
87776  -33.995  -0.737  1.782 0.0000000000
87782  -33.407  -1.304  1.296 0.0000000000
87783  -34.180  -0.568  1.413 0.0000000000
88762  -29.233  -0.424  11.579 0.0000000000
88796  -30.725  -0.456  8.181 0.0000000000
88806  -30.434  -0.256  7.435 0.0000000000
88813  -30.241  -0.087  6.498 0.0000000000
88820  -30.256  0.280  4.958 0.0000000000
88821  -30.201  0.033  5.245 0.0000000000
88829  -30.183  0.218  4.685 0.0000000000
88830  -30.197  -0.409  3.982 0.0000000000
88831  -30.898  -0.905  3.193 0.0000000000
88840  -30.656  -0.279  3.226 0.0000000000
88841  -31.644  -0.731  2.534 0.0000000000
88842  -32.759  -0.819  2.152 0.0000000000
88851  -32.355  -0.246  2.126 0.0000000000
88852  -33.468  -0.312  1.992 0.0000000000
88853  -34.447  -0.127  1.740 0.0000000000
88864  -34.600  -0.070  1.087 0.0000000000
89907  -30.791  0.634  7.231 0.0000000000
89915  -30.584  0.939  6.282 0.0000000000
89921  -30.300  0.564  4.877 0.0000000000
89922  -30.516  1.123  5.338 0.0000000000
89927  -30.109  0.572  4.224 0.0000000000
89928  -30.239  0.218  3.576 0.0000000000
89933  -30.148  0.759  3.597 0.0000000000
89934  -30.634  0.452  2.905 0.0000000000
89935  -31.559  0.164  2.286 0.0000000000
89939  -31.171  0.863  2.287 0.0000000000
89940  -32.311  0.536  1.796 0.0000000000
89941  -33.771  0.599  1.618 0.0000000000
89942  -34.591  0.617  1.318 0.0000000000
89947  -33.921  0.172  0.450 0.0000000000
89948  -34.608  0.689  0.829 0.0000000000
89954  -34.186  0.849  0.340 0.0000000000
90990  -30.383  1.128  4.664 0.0000000000
90991  -30.754  1.948  4.801 0.0000000000
90997  -30.246  1.382  3.965 0.0000000000
90998  -30.504  2.179  3.914 0.0000000000
91004  -30.266  1.089  3.344 0.0000000000
91005  -30.549  1.644  2.949 0.0000000000
91010  -31.433  1.583  1.877 0.0000000000
91011  -32.720  1.491  1.149 0.0000000000
91012  -34.121  1.247  1.143 0.0000000000
91013  -34.647  1.042  1.052 0.0000000000
91017  -32.771  1.968  0.712 0.0000000000
91018  -33.470  1.777  0.396 0.0000000000
91019  -34.320  1.171  0.684 0.0000000000
91024  -33.392  1.837  -0.718 0.0000000000
91025  -33.926  1.294  0.057 0.0000000000
91031  -32.911  1.763  -2.014 0.0000000000
92179  -30.931  2.912  4.305 0.0000000000
92186  -30.762  2.767  3.349 0.0000000000
92192  -30.960  2.590  2.319 0.0000000000
92198  -31.679  2.501  1.213 0.0000000000
92199  -32.386  2.104  0.880 0.0000000000
92204  -31.868  3.005  0.634 0.0000000000
92205  -32.513  2.531  0.406 0.0000000000
92206  -33.257  2.583  -0.287 0.0000000000
92211  -34.024  3.047  -0.786 0.0000000000
92212  -34.425  3.523  -0.980 0.0000000000
92217  -33.657  2.666  -1.500 0.0000000000
92218  -34.117  3.322  -1.362 0.0000000000
92224  -33.298  2.846  -2.542 0.0000000000
92225  -33.769  3.096  -1.861 0.0000000000
92232  -32.783  2.696  -3.730 0.0000000000
93241  -31.073  3.620  3.679 0.0000000000
93249  -30.978  3.552  2.756 0.0000000000
93256  -31.077  3.447  1.796 0.0000000000
93262  -31.445  3.520  0.980 0.0000000000
93263  -32.154  3.572  0.080 0.0000000000
93264  -32.776  3.017  -0.172 0.0000000000
93270  -32.694  3.991  -0.433 0.0000000000
93271  -33.365  3.559  -0.500 0.0000000000
93272  -34.217  3.818  -0.761 0.0000000000
93278  -34.212  3.866  -1.349 0.0000000000
93285  -33.452  3.526  -2.654 0.0000000000
93286  -33.708  3.627  -2.112 0.0000000000
93296  -33.256  3.832  -3.266 0.0000000000
93297  -33.506  3.809  -2.674 0.0000000000
93308  -32.630  3.773  -4.433 0.0000000000
93316  -32.512  3.653  -5.627 0.0000000000
94295  -31.386  4.246  3.852 0.0000000000
94305  -31.275  4.372  3.149 0.0000000000
94306  -31.485  4.569  3.549 0.0000000000
94314  -31.116  4.453  2.124 0.0000000000
94315  -31.281  5.105  1.702 0.0000000000
94323  -31.191  4.023  1.455 0.0000000000
94324  -31.380  4.628  0.905 0.0000000000
94332  -32.056  4.687  -0.486 0.0000000000
94333  -33.155  4.235  -0.739 0.0000000000
94334  -33.801  4.094  -0.661 0.0000000000
94341  -32.267  5.134  -1.100 0.0000000000
94342  -32.819  4.763  -1.187 0.0000000000
94343  -33.694  4.388  -1.260 0.0000000000
94351  -33.672  4.308  -2.001 0.0000000000
94363  -33.671  4.862  -3.290 0.0000000000
94364  -33.599  4.229  -2.670 0.0000000000
94374  -33.139  4.891  -4.141 0.0000000000
94381  -32.200  5.640  -5.747 0.0000000000
94382  -32.377  5.007  -5.284 0.0000000000
94388  -32.138  5.427  -6.092 0.0000000000
94389  -32.367  4.773  -6.512 0.0000000000
94402  -32.677  4.541  -7.511 0.0000000000
95496  -31.442  4.711  3.074 0.0000000000
95497  -31.628  4.992  3.274 0.0000000000
95502  -31.401  4.789  2.802 0.0000000000
95503  -31.580  5.416  2.391 0.0000000000
95509  -31.469  5.806  1.384 0.0000000000
95517  -31.525  5.818  0.222 0.0000000000
95526  -31.830  5.802  -1.021 0.0000000000
95527  -32.534  5.371  -1.598 0.0000000000
95528  -33.206  5.057  -1.700 0.0000000000
95537  -32.190  5.999  -1.972 0.0000000000
95538  -33.087  5.726  -2.277 0.0000000000
95539  -33.551  4.987  -2.148 0.0000000000
95552  -33.637  5.567  -2.935 0.0000000000
95553  -33.676  4.815  -2.636 0.0000000000
95564  -33.549  5.736  -3.850 0.0000000000
95573  -32.346  5.998  -5.433 0.0000000000
95574  -32.979  6.028  -4.746 0.0000000000
95580  -32.052  6.186  -6.175 0.0000000000
95581  -32.081  5.668  -6.705 0.0000000000
95597  -31.940  6.321  -7.076 0.0000000000
95598  -32.231  5.713  -7.512 0.0000000000
95613  -32.702  5.506  -8.320 0.0000000000
96760  -31.610  6.989  -0.288 0.0000000000
96767  -31.742  6.885  -1.554 0.0000000000
96773  -32.528  6.709  -2.750 0.0000000000
96774  -33.281  6.132  -2.852 0.0000000000
96782  -32.955  7.604  -4.492 0.0000000000
96783  -33.040  7.236  -3.864 0.0000000000
96784  -33.346  6.351  -3.443 0.0000000000
96790  -32.916  7.690  -4.952 0.0000000000
96791  -33.132  7.183  -4.675 0.0000000000
96792  -33.369  6.572  -4.277 0.0000000000
96801  -32.719  7.855  -5.271 0.0000000000
96802  -32.475  7.129  -5.421 0.0000000000
96803  -33.141  6.745  -4.831 0.0000000000
96816  -31.997  7.125  -6.785 0.0000000000
96832  -31.753  6.949  -7.995 0.0000000000
96833  -32.236  6.200  -8.221 0.0000000000
96851  -31.910  7.199  -8.715 0.0000000000
96852  -32.404  6.644  -8.871 0.0000000000
96978  -30.062  6.389  -15.404 0.0000000000
97928  -31.732  7.907  -2.117 0.0000000000
97935  -32.265  7.893  -3.232 0.0000000000
97944  -32.766  7.937  -4.678 0.0000000000
97945  -32.590  8.021  -4.172 0.0000000000
97952  -32.667  8.328  -5.037 0.0000000000
97953  -32.599  8.214  -4.620 0.0000000000
97962  -32.472  8.216  -5.672 0.0000000000
97963  -32.108  8.066  -6.442 0.0000000000
97979  -31.898  8.006  -7.422 0.0000000000
97991  -31.785  8.025  -8.135 0.0000000000
98005  -31.813  7.744  -8.629 0.0000000000
98006  -32.044  7.558  -9.154 0.0000000000
98019  -32.657  7.485  -9.775 0.0000000000
98031  -32.858  7.936  -10.311 0.0000000000
98062  -24.130  7.348  -12.860 0.0000000000
98063  -25.375  7.463  -13.534 0.0000000000
98080  -25.356  7.344  -13.868 0.0000000000
98095  -25.705  7.411  -14.317 0.0000000000
98096  -26.264  7.800  -14.520 0.0000000000
98097  -30.660  6.915  -13.796 0.0000000000
98098  -30.315  6.583  -14.718 0.0000000000
98113  -26.648  7.858  -15.006 0.0000000000
98115  -29.121  7.693  -14.610 0.0000000000
98116  -30.008  6.512  -15.615 0.0000000000
99164  -32.032  8.755  -3.652 0.0000000000
99173  -32.439  9.053  -4.977 0.0000000000
99174  -32.381  8.756  -4.455 0.0000000000
99185  -32.363  8.949  -5.518 0.0000000000
99186  -32.169  8.910  -6.234 0.0000000000
99201  -32.007  8.909  -7.075 0.0000000000
99214  -31.864  8.822  -7.918 0.0000000000
99226  -31.795  8.546  -8.592 0.0000000000
99227  -31.835  8.178  -9.051 0.0000000000
99238  -31.787  8.856  -9.208 0.0000000000
99239  -32.067  8.235  -9.575 0.0000000000
99248  -31.801  8.908  -9.868 0.0000000000
99249  -32.296  8.477  -10.405 0.0000000000
99250  -32.874  8.155  -10.739 0.0000000000
99259  -23.196  8.545  -12.342 0.0000000000
99260  -24.611  8.112  -12.528 0.0000000000
99261  -32.586  8.644  -11.231 0.0000000000
99262  -33.145  8.136  -11.353 0.0000000000
99281  -24.540  8.838  -12.674 0.0000000000
99282  -25.654  8.250  -13.110 0.0000000000
99283  -25.665  7.878  -13.403 0.0000000000
99284  -32.880  8.716  -11.873 0.0000000000
99305  -25.790  8.443  -13.106 0.0000000000
99306  -25.899  8.113  -13.519 0.0000000000
99307  -26.532  8.467  -13.521 0.0000000000
99308  -27.314  8.719  -13.596 0.0000000000
99309  -28.190  8.894  -13.825 0.0000000000
99310  -29.318  8.146  -13.849 0.0000000000
99311  -30.388  7.811  -13.727 0.0000000000
99323  -26.208  8.022  -14.063 0.0000000000
99324  -26.792  8.242  -14.318 0.0000000000
99325  -27.584  8.467  -14.438 0.0000000000
99326  -28.381  8.433  -14.445 0.0000000000
99327  -29.017  8.017  -14.200 0.0000000000
99328  -30.772  7.529  -14.324 0.0000000000
99329  -29.764  7.000  -14.919 0.0000000000
99344  -27.170  8.155  -14.975 0.0000000000
99345  -27.753  8.268  -15.497 0.0000000000
99346  -28.513  8.246  -15.097 0.0000000000
99347  -28.847  8.024  -14.975 0.0000000000
99348  -30.597  7.920  -15.322 0.0000000000
99349  -29.724  7.129  -15.484 0.0000000000
99365  -27.972  8.305  -16.749 0.0000000000
99366  -28.476  8.317  -15.965 0.0000000000
99367  -28.700  8.185  -15.428 0.0000000000
99368  -29.887  7.071  -15.987 0.0000000000
99390  -28.133  8.349  -17.871 0.0000000000
99391  -29.096  8.407  -17.173 0.0000000000
99392  -29.729  8.166  -17.183 0.0000000000
99414  -29.055  8.746  -18.557 0.0000000000
100360  -32.310  9.546  -4.573 0.0000000000
100370  -32.210  9.767  -5.216 0.0000000000
100371  -32.076  9.497  -5.905 0.0000000000
100381  -31.947  10.105  -5.873 0.0000000000
100382  -31.889  9.802  -6.589 0.0000000000
100397  -31.783  9.752  -7.567 0.0000000000
100414  -31.773  9.606  -8.585 0.0000000000
100428  -31.744  9.713  -9.595 0.0000000000
100438  -31.782  9.503  -10.483 0.0000000000
100439  -32.011  9.234  -11.220 0.0000000000
100452  -22.839  8.935  -12.260 0.0000000000
100453  -23.317  9.056  -12.302 0.0000000000
100454  -32.429  9.252  -11.816 0.0000000000
100478  -24.288  9.782  -12.399 0.0000000000
100479  -25.637  9.288  -12.545 0.0000000000
100480  -26.291  9.660  -12.254 0.0000000000
100481  -27.085  10.016  -12.497 0.0000000000
100482  -27.562  10.175  -12.711 0.0000000000
100483  -32.900  9.302  -12.715 0.0000000000
100484  -33.311  8.621  -12.986 0.0000000000
100509  -25.853  8.610  -12.957 0.0000000000
100510  -26.179  8.790  -12.876 0.0000000000
100511  -26.917  9.060  -12.816 0.0000000000
100512  -27.733  9.619  -13.088 0.0000000000
100513  -28.732  9.570  -13.578 0.0000000000
100514  -29.749  9.191  -14.060 0.0000000000
100515  -30.523  8.277  -14.036 0.0000000000
100516  -33.087  9.931  -13.865 0.0000000000
100517  -33.358  8.900  -13.659 0.0000000000
100530  -29.898  9.886  -14.958 0.0000000000
100531  -30.424  8.688  -14.611 0.0000000000
100532  -32.459  10.791  -15.515 0.0000000000
100533  -32.913  10.233  -14.984 0.0000000000
100534  -33.364  9.222  -14.739 0.0000000000
100542  -29.974  10.227  -15.506 0.0000000000
100543  -30.325  9.489  -15.592 0.0000000000
100544  -32.551  10.784  -15.981 0.0000000000
100545  -32.991  10.504  -15.815 0.0000000000
100565  -30.545  8.692  -16.367 0.0000000000
100588  -30.191  8.111  -17.137 0.0000000000
100589  -29.768  7.229  -16.351 0.0000000000
100607  -29.093  9.218  -19.331 0.0000000000
100608  -29.735  9.227  -19.031 0.0000000000
100627  -28.724  9.529  -19.914 0.0000000000
100628  -29.747  9.455  -19.745 0.0000000000
100629  -30.399  9.432  -20.009 0.0000000000
100650  -29.221  9.904  -20.628 0.0000000000
100651  -30.095  9.625  -20.518 0.0000000000
100662  -29.609  9.935  -21.129 0.0000000000
100663  -29.825  9.767  -20.952 0.0000000000
101635  -31.740  10.682  -7.093 0.0000000000
101649  -31.532  10.663  -8.042 0.0000000000
101661  -31.496  10.785  -9.187 0.0000000000
101671  -31.559  10.543  -10.308 0.0000000000
101678  -31.767  10.319  -11.442 0.0000000000
101679  -32.084  9.689  -11.672 0.0000000000
101689  -24.685  11.298  -11.227 0.0000000000
101690  -25.532  11.282  -11.192 0.0000000000
101691  -26.055  11.431  -11.314 0.0000000000
101692  -31.872  10.831  -12.480 0.0000000000
101693  -32.229  9.996  -12.210 0.0000000000
101715  -23.817  11.693  -11.847 0.0000000000
101716  -24.563  10.781  -11.647 0.0000000000
101717  -25.477  10.407  -11.590 0.0000000000
101718  -26.490  10.828  -11.665 0.0000000000
101719  -27.632  10.866  -12.448 0.0000000000
101720  -28.614  11.217  -12.629 0.0000000000
101721  -29.151  11.350  -12.725 0.0000000000
101722  -31.969  11.101  -12.989 0.0000000000
101723  -32.378  10.583  -13.195 0.0000000000
101743  -27.802  10.254  -12.818 0.0000000000
101744  -28.280  10.389  -13.001 0.0000000000
101745  -29.196  10.742  -13.357 0.0000000000
101746  -32.614  10.737  -14.208 0.0000000000
101756  -29.678  10.788  -14.409 0.0000000000
101757  -31.888  11.255  -15.289 0.0000000000
101758  -32.388  10.807  -14.891 0.0000000000
101763  -29.841  11.076  -15.593 0.0000000000
101764  -30.053  10.398  -15.816 0.0000000000
101765  -31.962  11.156  -16.259 0.0000000000
101766  -32.765  10.741  -16.381 0.0000000000
101767  -33.241  10.416  -16.234 0.0000000000
101777  -29.681  11.681  -16.405 0.0000000000
101778  -30.285  10.690  -16.433 0.0000000000
101779  -31.742  11.224  -16.928 0.0000000000
101780  -32.334  10.999  -17.192 0.0000000000
101796  -30.563  10.077  -17.576 0.0000000000
101797  -31.114  10.683  -17.991 0.0000000000
101798  -32.209  10.976  -17.981 0.0000000000
101799  -32.904  10.304  -17.922 0.0000000000
101813  -30.121  9.205  -18.919 0.0000000000
101814  -30.344  8.977  -18.548 0.0000000000
101815  -31.196  10.185  -18.527 0.0000000000
101816  -32.037  10.640  -18.651 0.0000000000
101832  -30.094  9.389  -19.113 0.0000000000
101833  -30.690  9.459  -19.424 0.0000000000
101834  -31.497  10.009  -19.519 0.0000000000
101835  -32.218  10.311  -19.650 0.0000000000
101857  -28.633  10.001  -20.988 0.0000000000
101858  -30.857  9.628  -20.270 0.0000000000
101860  -32.365  10.571  -20.481 0.0000000000
101880  -28.369  9.808  -21.390 0.0000000000
101881  -29.150  10.216  -21.432 0.0000000000
101882  -30.355  10.056  -21.286 0.0000000000
101884  -32.511  10.918  -21.231 0.0000000000
101896  -28.757  10.174  -22.417 0.0000000000
101898  -30.639  10.937  -22.227 0.0000000000
102934  -31.364  11.619  -8.431 0.0000000000
102941  -31.223  11.753  -9.291 0.0000000000
102947  -31.280  11.507  -10.092 0.0000000000
102954  -31.391  11.370  -11.076 0.0000000000
102963  -24.297  11.955  -11.080 0.0000000000
102964  -24.899  11.991  -10.911 0.0000000000
102966  -26.500  12.305  -11.500 0.0000000000
102968  -28.954  12.000  -11.570 0.0000000000
102969  -31.493  11.419  -12.070 0.0000000000
102993  -24.032  11.776  -11.549 0.0000000000
102994  -26.405  11.690  -11.483 0.0000000000
102995  -27.174  11.891  -11.772 0.0000000000
102996  -28.307  11.882  -11.887 0.0000000000
102997  -29.166  11.778  -12.120 0.0000000000
102998  -31.574  11.583  -13.013 0.0000000000
102999  -31.908  11.267  -13.390 0.0000000000
103017  -29.583  11.613  -12.863 0.0000000000
103018  -31.549  11.803  -13.875 0.0000000000
103019  -32.040  11.230  -13.975 0.0000000000
103029  -29.712  11.673  -13.850 0.0000000000
103030  -31.565  11.795  -14.746 0.0000000000
103031  -32.097  11.141  -14.590 0.0000000000
103034  -29.552  12.006  -14.991 0.0000000000
103035  -30.459  12.789  -16.221 0.0000000000
103036  -31.025  12.036  -15.861 0.0000000000
103044  -29.393  12.299  -16.071 0.0000000000
103045  -30.126  12.238  -16.587 0.0000000000
103046  -31.131  11.502  -16.870 0.0000000000
103047  -31.616  11.187  -17.302 0.0000000000
103054  -30.656  11.238  -17.110 0.0000000000
103055  -31.173  11.103  -17.606 0.0000000000
103056  -31.805  11.126  -17.767 0.0000000000
103066  -31.538  10.924  -18.139 0.0000000000
103067  -31.904  11.034  -18.153 0.0000000000
104118  -30.900  12.282  -9.874 0.0000000000
104128  -30.890  12.081  -10.814 0.0000000000
104135  -24.258  12.689  -10.798 0.0000000000
104141  -30.349  12.316  -11.522 0.0000000000
104142  -31.004  11.984  -11.772 0.0000000000
104160  -24.030  12.099  -11.098 0.0000000000
104163  -29.872  12.123  -12.235 0.0000000000
104164  -30.513  12.240  -12.485 0.0000000000
104165  -31.085  12.085  -12.729 0.0000000000
104184  -30.086  12.106  -13.225 0.0000000000
104185  -30.537  12.466  -13.493 0.0000000000
104186  -31.114  12.362  -13.667 0.0000000000
104202  -29.853  12.688  -14.410 0.0000000000
104203  -30.491  12.944  -14.516 0.0000000000
104204  -31.173  12.556  -14.552 0.0000000000
104214  -29.405  12.898  -15.422 0.0000000000
104215  -30.613  12.942  -15.507 0.0000000000
104216  -31.157  12.441  -15.174 0.0000000000
104222  -29.529  13.123  -16.198 0.0000000000
104223  -30.120  13.212  -16.272 0.0000000000
105281  -29.649  13.140  -15.045 0.0000000000
105282  -29.935  13.232  -14.907 0.0000000000
105294  -29.707  13.273  -15.467 0.0000000000
105295  -30.146  13.261  -15.321 0.0000000000
105303  -29.909  13.339  -15.851 0.0000000000
105304  -30.195  13.248  -15.764 0.0000000000
148454  -29.921  -8.172  1.669 0.0000000000
148455  -29.666  -7.161  1.547 0.0000000000
148456  -29.882  -7.438  1.122 0.0000000000
148553  -30.136  6.368  -13.801 0.0000000000
148554  -30.075  7.144  -13.522 0.0000000000
148555  -29.396  7.195  -13.897 0.0000000000
148556  -29.270  7.679  -13.941 0.0000000000
148557  -29.306  7.234  -14.530 0.0000000000
148558  -29.971  6.521  -15.674 0.0000000000
148559  -29.181  7.571  -14.908 0.0000000000
148560  -30.025  6.884  -16.163 0.0000000000
148561  -29.318  7.333  -14.863 0.0000000000
148562  -29.589  6.889  -14.984 0.0000000000
148563  -29.973  7.539  -16.341 0.0000000000
148564  -28.990  7.988  -15.513 0.0000000000
148565  -29.291  8.041  -16.520 0.0000000000
148566  -29.454  8.549  -17.952 0.0000000000
148567  -29.746  8.382  -17.801 0.0000000000
148568  -29.891  8.173  -17.480 0.0000000000
148569  -29.827  8.591  -18.184 0.0000000000
148570  -30.085  8.384  -17.908 0.0000000000
