#!ascii label  , from subject ab_data vox2ras=TkReg
1058
87695  -30.399  -1.032  9.733 0.0000000000
87701  -30.527  -1.163  9.182 0.0000000000
88767  -29.755  -0.368  10.729 0.0000000000
88768  -30.440  -0.368  10.193 0.0000000000
88773  -30.905  -0.235  9.610 0.0000000000
88774  -31.414  0.144  9.259 0.0000000000
88784  -30.986  -0.448  8.881 0.0000000000
88785  -31.421  0.080  8.923 0.0000000000
89804  -31.597  0.804  15.063 0.0000000000
89825  -31.638  0.830  14.829 0.0000000000
89837  -30.640  0.825  13.730 0.0000000000
89848  -30.619  0.723  12.808 0.0000000000
89849  -31.579  0.842  12.599 0.0000000000
89850  -32.300  1.007  12.369 0.0000000000
89858  -29.734  0.450  12.124 0.0000000000
89859  -30.723  0.613  11.923 0.0000000000
89860  -31.712  0.692  11.788 0.0000000000
89861  -32.529  1.008  11.738 0.0000000000
89866  -29.919  0.315  11.363 0.0000000000
89867  -30.741  0.427  10.963 0.0000000000
89868  -31.790  0.724  10.968 0.0000000000
89869  -32.508  1.236  10.954 0.0000000000
89873  -31.103  0.320  10.298 0.0000000000
89874  -31.766  0.635  10.007 0.0000000000
89875  -32.505  1.391  10.053 0.0000000000
89883  -31.292  0.004  8.596 0.0000000000
89884  -32.036  0.598  8.994 0.0000000000
89885  -32.809  1.480  9.314 0.0000000000
89896  -31.320  0.283  8.016 0.0000000000
89897  -32.034  0.931  8.233 0.0000000000
90882  -31.808  0.999  15.420 0.0000000000
90896  -31.580  0.907  14.608 0.0000000000
90897  -31.916  1.029  14.774 0.0000000000
90905  -31.422  1.052  14.230 0.0000000000
90906  -31.800  1.436  14.071 0.0000000000
90915  -31.420  1.059  13.429 0.0000000000
90916  -32.117  1.470  13.078 0.0000000000
90917  -32.703  1.501  12.333 0.0000000000
90927  -32.961  1.579  11.725 0.0000000000
90933  -33.012  1.765  10.977 0.0000000000
90939  -32.955  1.886  10.028 0.0000000000
90946  -32.640  1.284  8.638 0.0000000000
90947  -33.338  1.968  8.832 0.0000000000
90948  -33.419  2.573  8.233 0.0000000000
90959  -31.594  0.967  7.675 0.0000000000
90960  -32.513  1.513  7.808 0.0000000000
90961  -33.250  2.280  7.611 0.0000000000
90962  -33.405  2.760  7.737 0.0000000000
90971  -31.414  1.442  7.028 0.0000000000
90972  -32.327  2.151  6.800 0.0000000000
90973  -33.031  2.600  6.840 0.0000000000
90982  -31.237  1.915  5.975 0.0000000000
90983  -31.905  2.622  6.080 0.0000000000
92052  -31.681  1.575  15.491 0.0000000000
92053  -32.026  1.276  15.145 0.0000000000
92065  -31.706  2.072  14.814 0.0000000000
92066  -32.037  1.565  14.753 0.0000000000
92078  -31.584  2.156  13.833 0.0000000000
92079  -32.005  1.810  13.932 0.0000000000
92088  -30.452  2.535  12.518 0.0000000000
92089  -31.571  2.311  12.770 0.0000000000
92090  -32.493  1.945  12.762 0.0000000000
92091  -32.976  1.795  12.190 0.0000000000
92101  -30.234  2.652  11.545 0.0000000000
92102  -31.407  2.415  11.727 0.0000000000
92103  -32.524  2.261  11.879 0.0000000000
92104  -33.081  1.973  11.823 0.0000000000
92112  -29.971  2.898  10.604 0.0000000000
92113  -31.068  2.546  10.689 0.0000000000
92114  -32.262  2.389  10.863 0.0000000000
92115  -32.957  2.104  10.969 0.0000000000
92123  -30.540  2.904  9.618 0.0000000000
92124  -31.917  2.585  9.805 0.0000000000
92125  -32.808  2.177  9.902 0.0000000000
92133  -30.683  3.099  8.926 0.0000000000
92134  -31.434  2.939  8.884 0.0000000000
92135  -32.769  2.719  8.705 0.0000000000
92136  -33.320  3.027  8.034 0.0000000000
92145  -33.323  2.851  7.193 0.0000000000
92146  -33.352  3.141  7.506 0.0000000000
92157  -32.578  2.863  6.303 0.0000000000
92158  -33.112  3.191  6.513 0.0000000000
92159  -33.286  3.350  6.950 0.0000000000
92167  -31.460  2.994  5.314 0.0000000000
92168  -32.105  3.116  5.857 0.0000000000
92169  -33.198  3.570  6.283 0.0000000000
92170  -33.232  3.567  6.525 0.0000000000
93189  -31.966  3.415  8.166 0.0000000000
93190  -32.905  3.368  7.940 0.0000000000
93191  -33.230  3.295  7.716 0.0000000000
93200  -30.822  4.097  7.828 0.0000000000
93201  -31.411  4.000  7.657 0.0000000000
93202  -32.373  3.866  7.459 0.0000000000
93203  -33.103  3.662  7.272 0.0000000000
93214  -32.578  3.293  5.927 0.0000000000
93215  -32.848  3.239  6.160 0.0000000000
93216  -33.223  3.845  6.681 0.0000000000
93222  -31.705  3.658  5.099 0.0000000000
93223  -32.231  3.679  5.463 0.0000000000
93224  -33.057  3.650  5.891 0.0000000000
93225  -33.318  3.932  6.220 0.0000000000
93232  -31.453  3.831  4.522 0.0000000000
93233  -31.890  4.066  4.984 0.0000000000
94246  -30.867  4.641  7.522 0.0000000000
94247  -31.959  4.738  7.046 0.0000000000
94248  -32.805  4.311  6.911 0.0000000000
94249  -33.145  4.094  6.815 0.0000000000
94259  -32.267  5.288  6.654 0.0000000000
94260  -32.735  5.031  6.584 0.0000000000
94261  -33.276  4.585  6.346 0.0000000000
94273  -32.350  4.293  5.068 0.0000000000
94274  -32.865  4.247  5.362 0.0000000000
94275  -33.334  4.499  5.635 0.0000000000
94284  -31.598  4.370  4.219 0.0000000000
94285  -32.038  4.673  4.522 0.0000000000
94286  -32.749  4.735  4.935 0.0000000000
94287  -33.112  4.676  5.237 0.0000000000
94296  -31.672  4.709  3.915 0.0000000000
95444  -30.726  5.281  7.036 0.0000000000
95445  -31.326  5.077  7.027 0.0000000000
95453  -30.573  5.888  6.445 0.0000000000
95454  -31.682  5.673  6.522 0.0000000000
95455  -32.553  5.651  6.396 0.0000000000
95456  -33.161  5.539  6.156 0.0000000000
95467  -31.018  6.149  6.013 0.0000000000
95468  -31.262  6.022  6.209 0.0000000000
95469  -33.314  5.378  5.574 0.0000000000
95480  -32.246  5.128  4.329 0.0000000000
95481  -32.591  5.354  4.459 0.0000000000
95482  -33.222  5.205  4.993 0.0000000000
95489  -32.140  5.310  3.977 0.0000000000
95490  -32.493  5.662  4.075 0.0000000000
96691  -29.952  6.276  6.269 0.0000000000
96692  -31.912  6.136  6.244 0.0000000000
96693  -32.268  6.137  6.188 0.0000000000
96694  -32.839  6.055  6.036 0.0000000000
96701  -29.670  6.679  5.964 0.0000000000
96702  -30.479  6.512  5.721 0.0000000000
96703  -31.668  6.470  5.859 0.0000000000
96704  -32.652  6.554  5.701 0.0000000000
96705  -33.151  6.229  5.490 0.0000000000
96715  -30.997  6.811  5.148 0.0000000000
96716  -31.611  7.141  5.064 0.0000000000
96717  -33.001  5.755  4.588 0.0000000000
96718  -33.237  6.247  4.759 0.0000000000
96727  -32.469  5.744  3.814 0.0000000000
96728  -32.819  6.125  4.002 0.0000000000
96729  -33.520  6.908  3.806 0.0000000000
96736  -32.359  5.855  3.222 0.0000000000
96737  -33.349  6.717  2.979 0.0000000000
96738  -33.757  7.386  3.184 0.0000000000
96744  -32.449  6.555  2.082 0.0000000000
96745  -33.374  7.284  2.197 0.0000000000
96753  -31.790  6.941  0.924 0.0000000000
97859  -29.594  7.420  5.322 0.0000000000
97860  -30.451  7.053  5.148 0.0000000000
97861  -32.435  7.196  5.245 0.0000000000
97862  -33.142  7.048  5.149 0.0000000000
97863  -33.311  6.745  4.966 0.0000000000
97874  -29.903  7.873  4.604 0.0000000000
97875  -30.726  7.499  4.372 0.0000000000
97876  -32.048  7.637  4.534 0.0000000000
97877  -33.015  7.825  4.585 0.0000000000
97878  -33.451  7.312  4.356 0.0000000000
97888  -30.953  7.940  3.608 0.0000000000
97889  -31.601  7.968  3.735 0.0000000000
97890  -32.476  8.199  4.080 0.0000000000
97891  -33.767  7.637  3.619 0.0000000000
97901  -33.724  7.586  2.634 0.0000000000
97902  -33.924  8.060  2.918 0.0000000000
97907  -32.945  7.862  1.405 0.0000000000
97908  -33.617  7.981  2.056 0.0000000000
97909  -33.771  8.074  2.457 0.0000000000
97915  -32.046  8.152  0.418 0.0000000000
97921  -31.725  8.120  -0.821 0.0000000000
99079  -29.095  8.592  5.117 0.0000000000
99080  -29.573  8.098  4.757 0.0000000000
99089  -29.262  9.100  4.598 0.0000000000
99090  -29.873  8.587  4.092 0.0000000000
99091  -30.631  8.121  3.738 0.0000000000
99092  -33.542  7.999  4.093 0.0000000000
99093  -33.732  7.820  3.929 0.0000000000
99103  -30.235  9.112  3.429 0.0000000000
99104  -31.004  8.645  3.093 0.0000000000
99105  -32.245  8.521  3.351 0.0000000000
99106  -33.160  8.451  3.711 0.0000000000
99107  -33.732  8.169  3.544 0.0000000000
99117  -31.510  9.186  2.612 0.0000000000
99118  -32.035  8.996  2.734 0.0000000000
99119  -32.857  8.940  2.905 0.0000000000
99120  -33.487  8.680  2.790 0.0000000000
99125  -33.361  8.581  1.170 0.0000000000
99126  -33.522  8.533  1.570 0.0000000000
99127  -33.644  8.584  2.118 0.0000000000
99133  -33.158  8.675  0.650 0.0000000000
99134  -33.606  9.078  0.936 0.0000000000
99135  -33.637  8.852  1.550 0.0000000000
99140  -32.790  9.129  -0.321 0.0000000000
99141  -33.461  9.197  0.274 0.0000000000
99148  -31.864  9.099  -1.473 0.0000000000
99155  -31.589  8.886  -2.662 0.0000000000
99280  -22.325  9.061  -12.320 0.0000000000
100265  -29.037  9.619  5.030 0.0000000000
100266  -29.379  9.683  4.357 0.0000000000
100276  -29.796  9.663  3.654 0.0000000000
100277  -30.409  9.667  3.070 0.0000000000
100289  -31.160  9.695  2.338 0.0000000000
100290  -31.857  9.394  2.341 0.0000000000
100291  -32.544  9.387  2.328 0.0000000000
100292  -33.172  9.266  2.365 0.0000000000
100302  -31.435  10.089  1.789 0.0000000000
100303  -32.002  9.737  1.796 0.0000000000
100304  -32.952  9.693  1.654 0.0000000000
100305  -33.511  9.226  1.925 0.0000000000
100313  -33.505  9.720  0.948 0.0000000000
100314  -33.626  9.096  1.502 0.0000000000
100321  -33.333  9.625  -0.572 0.0000000000
100322  -33.581  9.869  -0.227 0.0000000000
100330  -33.108  9.946  -1.174 0.0000000000
100331  -33.539  10.387  -0.953 0.0000000000
100340  -32.190  9.829  -2.319 0.0000000000
100351  -31.828  9.530  -3.180 0.0000000000
100361  -32.212  9.651  -3.888 0.0000000000
100476  -22.378  10.463  -12.054 0.0000000000
100477  -23.412  10.678  -12.226 0.0000000000
101524  -28.842  10.360  5.524 0.0000000000
101525  -29.107  10.471  4.879 0.0000000000
101532  -29.450  10.695  4.016 0.0000000000
101533  -29.925  10.351  3.289 0.0000000000
101541  -29.732  11.207  3.097 0.0000000000
101542  -30.370  10.515  2.616 0.0000000000
101550  -30.179  11.735  2.009 0.0000000000
101551  -30.175  11.553  2.172 0.0000000000
101552  -30.918  10.664  1.727 0.0000000000
101553  -31.727  10.372  1.335 0.0000000000
101554  -32.415  10.131  1.258 0.0000000000
101561  -30.300  11.810  1.776 0.0000000000
101562  -30.605  11.629  1.306 0.0000000000
101563  -31.399  11.186  0.825 0.0000000000
101564  -32.259  10.687  0.680 0.0000000000
101565  -32.950  10.265  0.789 0.0000000000
101572  -30.834  11.870  0.375 0.0000000000
101573  -31.407  11.737  -0.062 0.0000000000
101574  -32.781  10.813  0.221 0.0000000000
101575  -33.352  10.708  -0.090 0.0000000000
101583  -31.043  12.183  -0.350 0.0000000000
101584  -31.507  12.234  -0.702 0.0000000000
101585  -33.386  10.644  -1.348 0.0000000000
101586  -33.511  11.047  -1.124 0.0000000000
101594  -33.210  11.834  -2.601 0.0000000000
101595  -32.935  11.265  -2.073 0.0000000000
101596  -33.358  11.861  -1.781 0.0000000000
101607  -32.873  11.537  -3.097 0.0000000000
101608  -32.354  10.353  -3.239 0.0000000000
101616  -32.460  10.621  -4.243 0.0000000000
101617  -32.296  10.181  -3.802 0.0000000000
101624  -32.257  10.744  -5.442 0.0000000000
101634  -31.910  10.754  -6.251 0.0000000000
101713  -22.447  11.620  -12.368 0.0000000000
101714  -23.449  12.042  -12.009 0.0000000000
102795  -28.687  11.460  7.733 0.0000000000
102807  -28.977  11.476  6.792 0.0000000000
102808  -29.197  11.969  6.645 0.0000000000
102819  -28.857  11.132  5.850 0.0000000000
102820  -29.192  11.862  6.152 0.0000000000
102829  -28.916  10.896  5.314 0.0000000000
102830  -29.160  11.561  5.069 0.0000000000
102837  -29.498  11.924  3.906 0.0000000000
102843  -30.218  12.426  2.106 0.0000000000
102844  -30.230  12.729  2.212 0.0000000000
102845  -29.799  12.254  2.864 0.0000000000
102853  -30.194  12.251  1.937 0.0000000000
102854  -30.124  11.974  2.053 0.0000000000
102855  -30.022  12.128  2.300 0.0000000000
102860  -30.386  11.988  1.874 0.0000000000
102861  -30.377  11.958  1.522 0.0000000000
102862  -30.485  12.325  0.763 0.0000000000
102863  -32.033  11.339  0.118 0.0000000000
102864  -32.465  11.081  0.178 0.0000000000
102869  -30.639  12.560  -0.079 0.0000000000
102870  -32.021  11.971  -0.579 0.0000000000
102871  -32.697  11.520  -0.503 0.0000000000
102872  -33.249  11.523  -0.918 0.0000000000
102878  -31.251  12.764  -1.253 0.0000000000
102879  -32.119  12.423  -1.348 0.0000000000
102880  -32.525  12.214  -1.203 0.0000000000
102881  -33.271  11.872  -1.488 0.0000000000
102890  -31.865  12.946  -2.626 0.0000000000
102891  -32.745  12.410  -2.385 0.0000000000
102892  -32.936  12.307  -1.841 0.0000000000
102893  -33.193  12.146  -1.785 0.0000000000
102904  -32.060  13.040  -3.253 0.0000000000
102905  -32.648  12.459  -3.823 0.0000000000
102906  -32.471  12.725  -4.508 0.0000000000
102912  -32.633  11.630  -5.003 0.0000000000
102913  -32.557  12.402  -4.939 0.0000000000
102918  -32.374  11.649  -5.962 0.0000000000
102919  -32.612  12.069  -5.461 0.0000000000
102925  -31.922  11.493  -6.651 0.0000000000
102926  -31.612  11.550  -7.453 0.0000000000
102965  -25.789  12.063  -11.248 0.0000000000
102967  -28.609  12.200  -11.549 0.0000000000
102990  -22.171  12.484  -12.423 0.0000000000
102991  -23.180  12.422  -11.789 0.0000000000
102992  -23.525  12.168  -11.773 0.0000000000
103946  -28.151  12.412  9.246 0.0000000000
103947  -28.361  11.955  8.813 0.0000000000
103959  -28.337  12.938  8.859 0.0000000000
103960  -28.524  12.346  8.342 0.0000000000
103971  -29.008  12.354  7.343 0.0000000000
103972  -29.190  12.807  7.058 0.0000000000
103982  -29.192  12.061  6.886 0.0000000000
103983  -29.292  12.472  6.675 0.0000000000
103991  -29.436  12.564  5.803 0.0000000000
103996  -29.672  12.715  4.798 0.0000000000
104002  -29.953  12.955  3.770 0.0000000000
104007  -30.316  12.824  1.677 0.0000000000
104008  -30.177  13.101  2.975 0.0000000000
104015  -30.133  12.863  1.417 0.0000000000
104020  -30.096  12.807  1.150 0.0000000000
104021  -30.332  12.733  0.991 0.0000000000
104022  -30.333  13.078  0.304 0.0000000000
104027  -30.490  13.428  -0.377 0.0000000000
104028  -32.951  11.835  -1.028 0.0000000000
104029  -33.137  11.837  -1.249 0.0000000000
104035  -30.642  13.535  -1.263 0.0000000000
104036  -32.798  12.093  -1.248 0.0000000000
104037  -33.042  12.031  -1.376 0.0000000000
104049  -30.911  13.392  -2.120 0.0000000000
104050  -32.758  12.278  -1.564 0.0000000000
104051  -32.987  12.183  -1.651 0.0000000000
104064  -31.461  13.417  -3.020 0.0000000000
104065  -31.974  13.224  -3.694 0.0000000000
104066  -32.206  13.076  -4.283 0.0000000000
104075  -32.279  12.983  -4.961 0.0000000000
104083  -32.348  12.124  -6.287 0.0000000000
104084  -32.443  12.587  -5.828 0.0000000000
104093  -32.186  11.896  -6.444 0.0000000000
104094  -32.087  12.351  -6.829 0.0000000000
104103  -31.481  12.408  -7.843 0.0000000000
104110  -30.721  13.113  -8.858 0.0000000000
104111  -31.060  12.475  -8.862 0.0000000000
104117  -30.568  12.904  -9.564 0.0000000000
104126  -29.562  12.735  -10.707 0.0000000000
104127  -30.188  12.702  -10.521 0.0000000000
104133  -23.242  13.035  -10.633 0.0000000000
104134  -23.594  12.957  -10.618 0.0000000000
104136  -25.178  12.868  -11.215 0.0000000000
104137  -26.092  12.936  -11.417 0.0000000000
104138  -26.978  12.883  -11.535 0.0000000000
104139  -28.739  12.443  -11.337 0.0000000000
104140  -29.436  12.429  -11.289 0.0000000000
104157  -23.005  12.783  -11.284 0.0000000000
104158  -23.199  12.707  -11.117 0.0000000000
104159  -23.686  12.339  -11.191 0.0000000000
104161  -27.781  12.687  -11.630 0.0000000000
104162  -28.329  12.521  -11.523 0.0000000000
105047  -27.397  13.442  10.185 0.0000000000
105048  -27.814  12.962  9.714 0.0000000000
105056  -27.444  13.954  9.777 0.0000000000
105057  -27.850  13.463  9.304 0.0000000000
105067  -28.291  13.354  8.254 0.0000000000
105068  -28.645  12.847  7.771 0.0000000000
105076  -28.341  13.750  7.682 0.0000000000
105077  -28.893  13.353  7.194 0.0000000000
105078  -29.269  12.969  6.883 0.0000000000
105084  -29.231  13.771  6.336 0.0000000000
105085  -29.380  13.150  6.453 0.0000000000
105090  -29.369  14.060  5.894 0.0000000000
105091  -29.631  13.587  5.575 0.0000000000
105097  -29.981  13.656  4.542 0.0000000000
105103  -30.358  13.989  3.437 0.0000000000
105104  -30.222  14.426  3.270 0.0000000000
105109  -29.968  13.056  1.373 0.0000000000
105110  -30.298  14.377  2.996 0.0000000000
105116  -29.931  13.138  1.153 0.0000000000
105117  -30.399  13.415  1.621 0.0000000000
105118  -30.451  14.239  2.424 0.0000000000
105128  -30.060  13.033  0.944 0.0000000000
105129  -30.586  14.002  0.631 0.0000000000
105130  -30.589  14.384  1.536 0.0000000000
105138  -30.304  13.215  0.790 0.0000000000
105139  -30.573  14.198  -0.159 0.0000000000
105148  -30.555  14.150  -0.871 0.0000000000
105158  -30.349  14.050  -1.743 0.0000000000
105170  -30.555  14.025  -2.763 0.0000000000
105171  -31.325  13.858  -3.815 0.0000000000
105172  -31.831  13.426  -4.100 0.0000000000
105179  -31.392  14.008  -4.426 0.0000000000
105180  -31.743  13.603  -4.633 0.0000000000
105186  -32.011  13.477  -5.516 0.0000000000
105191  -32.149  13.399  -6.464 0.0000000000
105198  -30.416  14.305  -8.039 0.0000000000
105199  -31.199  13.931  -7.778 0.0000000000
105200  -31.778  13.278  -7.410 0.0000000000
105207  -29.936  13.951  -8.749 0.0000000000
105208  -30.595  13.620  -8.455 0.0000000000
105209  -31.123  13.132  -8.186 0.0000000000
105214  -28.147  14.133  -9.780 0.0000000000
105215  -28.879  13.878  -9.750 0.0000000000
105216  -29.657  13.665  -9.545 0.0000000000
105217  -30.280  13.434  -9.211 0.0000000000
105225  -27.788  13.938  -10.215 0.0000000000
105226  -28.363  13.524  -10.283 0.0000000000
105227  -29.304  13.083  -10.252 0.0000000000
105228  -30.051  13.211  -9.876 0.0000000000
105234  -23.108  14.024  -10.420 0.0000000000
105235  -23.381  13.692  -10.551 0.0000000000
105236  -24.020  13.778  -10.879 0.0000000000
105237  -24.712  13.748  -11.332 0.0000000000
105238  -25.607  13.738  -11.413 0.0000000000
105239  -26.543  13.704  -11.294 0.0000000000
105240  -27.663  13.565  -11.083 0.0000000000
105241  -28.647  12.907  -10.942 0.0000000000
105242  -29.239  12.718  -10.756 0.0000000000
105252  -22.945  13.355  -10.636 0.0000000000
105253  -23.014  13.116  -10.658 0.0000000000
105254  -28.120  13.048  -11.398 0.0000000000
105255  -28.445  12.741  -11.307 0.0000000000
106097  -27.080  14.283  10.079 0.0000000000
106105  -26.705  14.657  9.867 0.0000000000
106106  -27.145  14.410  9.348 0.0000000000
106107  -27.733  13.991  8.701 0.0000000000
106115  -27.178  14.396  8.405 0.0000000000
106116  -27.882  14.057  8.000 0.0000000000
106124  -27.287  14.436  7.566 0.0000000000
106125  -28.167  14.162  7.173 0.0000000000
106126  -28.759  14.046  6.618 0.0000000000
106134  -27.466  14.594  6.792 0.0000000000
106135  -28.182  14.513  6.068 0.0000000000
106136  -29.016  14.203  6.093 0.0000000000
106142  -28.270  14.877  5.066 0.0000000000
106143  -29.202  14.392  5.343 0.0000000000
106144  -29.786  14.074  5.019 0.0000000000
106151  -28.149  15.145  4.533 0.0000000000
106152  -28.781  14.856  4.219 0.0000000000
106153  -29.762  14.348  4.364 0.0000000000
106159  -28.953  15.069  3.561 0.0000000000
106160  -29.734  14.769  3.294 0.0000000000
106161  -30.138  14.545  3.075 0.0000000000
106165  -30.053  13.035  0.959 0.0000000000
106166  -30.244  13.009  1.363 0.0000000000
106167  -30.007  15.007  2.416 0.0000000000
106168  -30.198  14.644  2.680 0.0000000000
106174  -30.273  13.163  1.084 0.0000000000
106175  -30.332  13.235  1.312 0.0000000000
106176  -30.137  15.206  1.960 0.0000000000
106177  -30.562  15.073  1.905 0.0000000000
106184  -30.710  14.680  0.180 0.0000000000
106185  -30.818  15.093  0.871 0.0000000000
106192  -30.584  14.796  -0.498 0.0000000000
106193  -30.753  15.380  -0.082 0.0000000000
106203  -30.390  14.795  -1.281 0.0000000000
106204  -30.630  15.424  -0.919 0.0000000000
106213  -30.329  14.823  -2.192 0.0000000000
106214  -30.484  15.360  -1.667 0.0000000000
106225  -30.291  14.730  -2.824 0.0000000000
106226  -30.520  14.581  -3.476 0.0000000000
106236  -31.011  14.483  -4.491 0.0000000000
106237  -31.416  14.045  -4.703 0.0000000000
106245  -31.134  14.691  -5.434 0.0000000000
106246  -31.502  14.073  -5.153 0.0000000000
106252  -31.127  14.774  -6.324 0.0000000000
106253  -31.631  14.107  -5.996 0.0000000000
106258  -30.302  15.027  -7.783 0.0000000000
106259  -30.902  14.767  -7.282 0.0000000000
106260  -31.720  14.187  -6.956 0.0000000000
106267  -28.944  14.861  -8.752 0.0000000000
106268  -29.673  14.763  -8.348 0.0000000000
106273  -28.215  14.632  -9.853 0.0000000000
106274  -28.527  14.716  -9.460 0.0000000000
106275  -29.275  14.301  -9.131 0.0000000000
106282  -23.932  14.904  -12.370 0.0000000000
106283  -23.945  14.892  -12.586 0.0000000000
106284  -27.331  14.889  -10.409 0.0000000000
106285  -27.854  14.710  -10.122 0.0000000000
106286  -28.220  15.003  -9.914 0.0000000000
106293  -23.012  15.256  -10.783 0.0000000000
106294  -23.342  14.755  -10.812 0.0000000000
106295  -23.864  14.669  -11.427 0.0000000000
106296  -24.290  14.744  -11.794 0.0000000000
106297  -25.180  14.573  -11.749 0.0000000000
106298  -26.012  14.533  -11.364 0.0000000000
106299  -26.856  14.511  -10.824 0.0000000000
106300  -27.480  14.293  -10.486 0.0000000000
106311  -23.036  14.335  -10.548 0.0000000000
107116  -26.581  14.845  8.774 0.0000000000
107125  -26.521  14.799  7.955 0.0000000000
107134  -26.744  14.951  7.083 0.0000000000
107143  -27.138  15.173  6.123 0.0000000000
107144  -27.652  15.132  5.433 0.0000000000
107154  -27.714  15.384  4.784 0.0000000000
107163  -27.865  15.514  4.029 0.0000000000
107164  -28.492  15.294  3.663 0.0000000000
107172  -28.771  15.440  3.064 0.0000000000
107173  -29.470  15.251  2.632 0.0000000000
107181  -29.694  15.401  2.080 0.0000000000
107189  -30.096  15.652  1.573 0.0000000000
107190  -30.774  15.911  1.181 0.0000000000
107194  -30.822  16.022  0.300 0.0000000000
107201  -30.847  16.084  -0.608 0.0000000000
107210  -30.750  15.990  -1.532 0.0000000000
107218  -30.301  15.090  -2.655 0.0000000000
107219  -30.397  15.657  -2.554 0.0000000000
107228  -30.240  15.106  -3.067 0.0000000000
107229  -30.345  15.416  -3.829 0.0000000000
107239  -30.779  15.282  -4.851 0.0000000000
107247  -30.746  15.429  -5.653 0.0000000000
107253  -30.131  15.781  -6.928 0.0000000000
107254  -30.578  15.467  -6.564 0.0000000000
107259  -28.940  15.943  -8.079 0.0000000000
107260  -29.793  15.736  -7.708 0.0000000000
107261  -30.368  15.367  -7.264 0.0000000000
107266  -28.479  15.533  -8.756 0.0000000000
107267  -29.143  15.342  -8.323 0.0000000000
107272  -27.784  15.777  -9.927 0.0000000000
107273  -28.104  15.494  -9.603 0.0000000000
107280  -23.878  14.907  -12.587 0.0000000000
107281  -23.826  14.946  -12.849 0.0000000000
107282  -26.873  15.422  -10.525 0.0000000000
107283  -27.511  15.531  -10.212 0.0000000000
107284  -27.964  15.330  -10.034 0.0000000000
107290  -22.627  16.120  -11.153 0.0000000000
107291  -23.129  15.768  -11.258 0.0000000000
107292  -23.719  15.378  -11.831 0.0000000000
107293  -24.033  15.269  -12.533 0.0000000000
107294  -24.794  15.441  -12.069 0.0000000000
107295  -25.613  15.341  -11.643 0.0000000000
107296  -26.252  15.330  -11.049 0.0000000000
107311  -18.519  17.187  -14.201 0.0000000000
107312  -18.925  17.210  -13.763 0.0000000000
107313  -19.680  17.104  -13.291 0.0000000000
107314  -20.319  17.073  -12.817 0.0000000000
108149  -30.192  16.264  1.118 0.0000000000
108156  -30.420  16.643  0.460 0.0000000000
108160  -30.744  16.737  -0.335 0.0000000000
108169  -30.696  16.712  -1.220 0.0000000000
108176  -30.477  16.615  -2.192 0.0000000000
108183  -30.064  17.088  -3.679 0.0000000000
108184  -30.212  16.679  -3.383 0.0000000000
108194  -29.932  16.999  -4.192 0.0000000000
108195  -30.390  16.179  -4.751 0.0000000000
108203  -29.789  16.914  -5.380 0.0000000000
108204  -30.364  16.134  -5.932 0.0000000000
108212  -29.798  16.480  -6.654 0.0000000000
108213  -30.234  15.972  -6.521 0.0000000000
108220  -27.640  17.113  -8.232 0.0000000000
108221  -28.153  16.563  -8.103 0.0000000000
108222  -29.185  16.608  -7.547 0.0000000000
108228  -27.558  16.814  -8.810 0.0000000000
108229  -27.903  16.132  -9.158 0.0000000000
108234  -26.730  16.912  -10.132 0.0000000000
108235  -27.330  16.462  -9.837 0.0000000000
108236  -27.803  15.972  -9.683 0.0000000000
108243  -25.725  16.880  -11.169 0.0000000000
108244  -26.339  16.388  -10.701 0.0000000000
108245  -27.064  15.972  -10.357 0.0000000000
108252  -22.008  16.711  -11.494 0.0000000000
108253  -22.411  16.806  -11.634 0.0000000000
108254  -23.335  16.315  -11.807 0.0000000000
108255  -23.855  16.166  -12.323 0.0000000000
108256  -24.406  16.410  -12.393 0.0000000000
108257  -25.393  16.376  -11.707 0.0000000000
108258  -25.896  15.847  -11.297 0.0000000000
108265  -21.134  17.215  -12.221 0.0000000000
108266  -21.731  17.366  -12.102 0.0000000000
108267  -24.117  16.601  -12.654 0.0000000000
108268  -24.273  16.828  -12.853 0.0000000000
108277  -18.515  17.256  -14.482 0.0000000000
108278  -19.259  17.316  -13.608 0.0000000000
108279  -20.116  17.235  -13.058 0.0000000000
109039  -29.750  17.314  0.092 0.0000000000
109040  -30.333  17.216  -0.251 0.0000000000
109045  -29.117  17.773  -0.316 0.0000000000
109046  -29.661  17.716  -0.762 0.0000000000
109047  -30.402  17.318  -0.961 0.0000000000
109053  -30.030  17.970  -1.563 0.0000000000
109054  -30.369  17.305  -1.828 0.0000000000
109060  -30.320  17.959  -2.447 0.0000000000
109061  -30.300  17.228  -2.740 0.0000000000
109068  -30.074  17.573  -3.481 0.0000000000
109069  -30.215  17.175  -3.194 0.0000000000
109078  -29.636  17.683  -4.587 0.0000000000
109085  -29.468  17.716  -5.423 0.0000000000
109092  -29.035  17.907  -6.657 0.0000000000
109093  -29.469  17.414  -6.174 0.0000000000
109100  -27.936  17.748  -7.867 0.0000000000
109101  -28.687  17.415  -7.375 0.0000000000
109102  -29.287  17.196  -6.923 0.0000000000
109107  -27.005  18.018  -8.850 0.0000000000
109108  -27.421  17.561  -8.499 0.0000000000
109115  -26.716  17.476  -9.603 0.0000000000
109116  -27.132  17.226  -9.083 0.0000000000
109124  -25.770  17.498  -10.715 0.0000000000
109125  -26.393  17.275  -10.268 0.0000000000
109132  -23.021  17.128  -12.032 0.0000000000
109133  -23.595  16.849  -12.367 0.0000000000
109134  -23.882  16.636  -12.596 0.0000000000
109135  -24.619  17.471  -12.041 0.0000000000
109136  -25.305  17.272  -11.400 0.0000000000
109144  -21.206  17.963  -12.537 0.0000000000
109145  -22.272  17.683  -12.359 0.0000000000
109146  -23.170  17.696  -12.968 0.0000000000
109147  -23.966  17.088  -13.057 0.0000000000
109148  -24.429  17.308  -13.114 0.0000000000
109156  -18.886  17.599  -14.033 0.0000000000
109157  -19.634  17.725  -13.531 0.0000000000
109158  -20.499  17.633  -12.931 0.0000000000
109159  -23.323  18.181  -13.705 0.0000000000
109160  -23.799  17.778  -13.664 0.0000000000
109161  -24.133  17.509  -13.468 0.0000000000
109175  -18.649  17.528  -14.911 0.0000000000
109176  -19.036  17.919  -14.302 0.0000000000
109194  -19.019  17.792  -15.376 0.0000000000
109208  -19.203  17.311  -16.867 0.0000000000
109209  -19.816  17.639  -17.071 0.0000000000
109214  -19.788  17.472  -17.674 0.0000000000
109219  -19.691  17.561  -18.209 0.0000000000
109933  -28.795  21.109  0.820 0.0000000000
109934  -28.885  18.712  -0.141 0.0000000000
109935  -29.145  18.206  -0.680 0.0000000000
109938  -29.037  19.406  -0.631 0.0000000000
109939  -29.366  18.838  -1.177 0.0000000000
109943  -30.151  18.855  -2.076 0.0000000000
109947  -30.116  18.731  -3.062 0.0000000000
109953  -29.637  18.543  -4.061 0.0000000000
109961  -29.196  18.768  -5.608 0.0000000000
109962  -29.433  18.448  -5.083 0.0000000000
109970  -28.883  18.715  -6.268 0.0000000000
109971  -29.255  18.168  -5.880 0.0000000000
109980  -28.063  18.715  -7.787 0.0000000000
109981  -28.508  18.467  -7.204 0.0000000000
109988  -27.173  18.791  -8.765 0.0000000000
109989  -27.586  18.530  -8.338 0.0000000000
109996  -26.212  18.900  -9.920 0.0000000000
109997  -26.678  18.628  -9.334 0.0000000000
110006  -25.685  18.601  -10.474 0.0000000000
110007  -26.214  18.047  -10.022 0.0000000000
110016  -24.555  18.452  -11.880 0.0000000000
110017  -25.081  18.208  -11.261 0.0000000000
110026  -20.978  18.889  -12.731 0.0000000000
110027  -21.814  18.708  -12.933 0.0000000000
110028  -22.507  18.228  -12.911 0.0000000000
110029  -23.952  19.100  -13.327 0.0000000000
110030  -24.433  18.448  -13.027 0.0000000000
110039  -19.415  18.259  -13.807 0.0000000000
110040  -20.177  18.508  -13.144 0.0000000000
110041  -21.988  18.985  -13.486 0.0000000000
110042  -22.634  18.734  -13.674 0.0000000000
110043  -23.613  18.775  -13.951 0.0000000000
110044  -24.248  17.882  -13.722 0.0000000000
110060  -19.225  18.375  -14.622 0.0000000000
110061  -22.924  19.142  -14.500 0.0000000000
110062  -23.176  19.476  -14.501 0.0000000000
110079  -19.476  18.360  -15.716 0.0000000000
110080  -19.948  18.436  -16.353 0.0000000000
110091  -19.815  17.890  -16.609 0.0000000000
110092  -20.220  18.035  -17.084 0.0000000000
110100  -20.346  17.936  -17.981 0.0000000000
110107  -19.774  18.154  -18.715 0.0000000000
110878  -28.566  20.308  0.629 0.0000000000
110879  -28.893  19.970  -0.113 0.0000000000
110882  -29.229  20.175  -0.995 0.0000000000
110883  -29.883  19.884  -1.764 0.0000000000
110887  -30.180  19.738  -2.623 0.0000000000
110890  -29.610  20.246  -4.058 0.0000000000
110891  -29.790  19.700  -3.699 0.0000000000
110894  -29.239  19.918  -4.491 0.0000000000
110895  -29.409  19.181  -4.682 0.0000000000
110898  -28.888  19.440  -5.461 0.0000000000
110899  -29.309  18.987  -5.242 0.0000000000
110905  -28.032  20.060  -7.094 0.0000000000
110906  -28.381  19.518  -6.735 0.0000000000
110915  -27.111  20.110  -8.184 0.0000000000
110916  -27.735  19.629  -7.827 0.0000000000
110917  -28.223  19.102  -7.429 0.0000000000
110927  -26.920  19.573  -8.653 0.0000000000
110928  -27.429  19.152  -8.461 0.0000000000
110938  -25.823  19.588  -10.121 0.0000000000
110939  -26.367  19.580  -9.441 0.0000000000
110949  -24.870  19.960  -11.321 0.0000000000
110950  -25.209  19.446  -11.003 0.0000000000
110960  -24.612  19.416  -11.895 0.0000000000
110961  -24.894  18.866  -11.534 0.0000000000
110971  -20.455  19.592  -12.684 0.0000000000
110972  -21.190  19.717  -12.641 0.0000000000
110973  -23.747  19.751  -13.483 0.0000000000
110974  -24.164  19.566  -12.771 0.0000000000
110988  -19.528  18.737  -13.916 0.0000000000
110989  -19.756  19.523  -13.563 0.0000000000
110990  -21.758  19.752  -13.535 0.0000000000
110991  -22.416  19.453  -14.309 0.0000000000
110992  -23.347  19.809  -14.232 0.0000000000
111011  -19.462  19.012  -14.763 0.0000000000
111012  -19.707  19.777  -14.556 0.0000000000
111013  -22.163  20.104  -14.328 0.0000000000
111014  -22.763  19.876  -14.583 0.0000000000
111026  -19.519  18.884  -15.392 0.0000000000
111027  -19.821  19.209  -15.634 0.0000000000
111037  -20.296  18.802  -16.575 0.0000000000
111868  -28.490  20.817  1.097 0.0000000000
111869  -29.534  20.994  -0.579 0.0000000000
111870  -29.725  21.153  -0.664 0.0000000000
111871  -30.091  21.433  -0.744 0.0000000000
111875  -29.560  20.840  -0.775 0.0000000000
111876  -30.006  21.012  -1.227 0.0000000000
111880  -30.372  20.720  -2.130 0.0000000000
111884  -29.853  20.658  -3.672 0.0000000000
111885  -30.210  20.596  -3.005 0.0000000000
111889  -29.368  20.668  -4.264 0.0000000000
111893  -28.842  20.384  -5.039 0.0000000000
111895  -28.223  20.435  -6.600 0.0000000000
111896  -28.520  20.247  -5.927 0.0000000000
111901  -27.198  20.679  -7.874 0.0000000000
111902  -27.789  20.628  -7.202 0.0000000000
111909  -26.352  20.821  -8.949 0.0000000000
111910  -26.705  20.584  -8.493 0.0000000000
111916  -25.986  20.541  -9.545 0.0000000000
111917  -26.426  20.211  -8.980 0.0000000000
111923  -25.055  20.486  -10.939 0.0000000000
111924  -25.434  20.439  -10.346 0.0000000000
111931  -24.441  20.800  -11.954 0.0000000000
111932  -24.706  20.501  -11.530 0.0000000000
111939  -20.707  20.461  -12.389 0.0000000000
111940  -21.256  20.730  -12.662 0.0000000000
111941  -24.046  20.616  -12.695 0.0000000000
111942  -24.401  20.181  -12.173 0.0000000000
111955  -20.148  20.384  -12.878 0.0000000000
111956  -21.405  20.984  -13.382 0.0000000000
111957  -22.835  21.119  -14.110 0.0000000000
111976  -19.882  20.519  -13.804 0.0000000000
111978  -22.242  20.896  -14.377 0.0000000000
111990  -20.148  20.413  -15.012 0.0000000000
111991  -20.592  20.726  -15.684 0.0000000000
112001  -20.463  19.766  -16.358 0.0000000000
112002  -20.713  20.649  -16.510 0.0000000000
112012  -20.670  19.840  -17.499 0.0000000000
112013  -20.712  20.718  -17.147 0.0000000000
112768  -28.311  22.285  2.239 0.0000000000
112770  -28.210  21.516  1.893 0.0000000000
112771  -28.694  22.165  1.720 0.0000000000
112772  -28.976  22.358  1.259 0.0000000000
112774  -28.576  21.335  1.311 0.0000000000
112775  -28.922  21.745  1.150 0.0000000000
112776  -29.289  21.762  0.513 0.0000000000
112777  -30.066  22.209  -0.218 0.0000000000
112780  -29.834  21.583  -0.326 0.0000000000
112781  -30.692  21.836  -0.743 0.0000000000
112782  -31.249  22.048  -1.326 0.0000000000
112786  -29.389  20.965  -0.290 0.0000000000
112787  -30.764  21.544  -1.619 0.0000000000
112788  -31.104  22.009  -1.904 0.0000000000
112792  -29.890  21.821  -2.900 0.0000000000
112793  -30.392  21.599  -2.531 0.0000000000
112794  -30.920  22.106  -2.152 0.0000000000
112797  -28.918  21.784  -3.801 0.0000000000
112798  -29.431  21.507  -3.500 0.0000000000
112799  -30.088  21.110  -3.225 0.0000000000
112802  -28.734  21.738  -4.314 0.0000000000
112803  -28.948  21.174  -4.705 0.0000000000
112806  -28.543  21.675  -5.385 0.0000000000
112807  -28.622  20.959  -5.641 0.0000000000
112809  -28.242  21.353  -6.485 0.0000000000
112810  -28.417  20.764  -6.173 0.0000000000
112813  -26.177  21.898  -8.548 0.0000000000
112814  -26.578  21.544  -8.252 0.0000000000
112815  -27.434  21.590  -7.425 0.0000000000
112818  -26.063  21.545  -8.989 0.0000000000
112819  -26.432  21.139  -8.672 0.0000000000
112821  -25.048  21.845  -10.331 0.0000000000
112822  -25.385  21.530  -10.009 0.0000000000
112827  -24.398  21.786  -11.177 0.0000000000
112828  -24.745  21.506  -10.843 0.0000000000
112829  -25.166  21.003  -10.530 0.0000000000
112835  -24.268  21.546  -11.780 0.0000000000
112836  -24.581  21.103  -11.536 0.0000000000
112842  -20.439  20.830  -12.594 0.0000000000
112843  -20.734  21.115  -12.510 0.0000000000
112844  -23.716  21.689  -12.888 0.0000000000
112854  -20.350  21.053  -13.058 0.0000000000
112855  -20.910  21.594  -13.041 0.0000000000
112856  -22.358  21.678  -13.989 0.0000000000
112857  -22.935  21.810  -13.507 0.0000000000
112869  -20.415  21.202  -13.954 0.0000000000
112871  -21.836  21.691  -14.118 0.0000000000
112882  -20.651  21.129  -14.847 0.0000000000
112883  -20.843  21.410  -15.511 0.0000000000
113630  -26.270  22.794  4.644 0.0000000000
113631  -26.786  22.893  3.984 0.0000000000
113637  -27.618  23.064  3.348 0.0000000000
113638  -28.256  23.461  2.889 0.0000000000
113639  -28.425  23.440  2.414 0.0000000000
113645  -28.205  22.776  2.711 0.0000000000
113646  -28.636  22.943  2.309 0.0000000000
113647  -28.664  23.251  1.957 0.0000000000
113654  -28.873  22.818  1.719 0.0000000000
113655  -28.970  22.996  1.116 0.0000000000
113661  -29.828  22.954  0.153 0.0000000000
113662  -30.429  22.526  -0.501 0.0000000000
113664  -30.064  22.830  -0.736 0.0000000000
113665  -30.969  22.569  -1.082 0.0000000000
113666  -31.200  22.331  -1.639 0.0000000000
113668  -30.112  22.681  -1.544 0.0000000000
113669  -30.727  22.466  -1.862 0.0000000000
113670  -31.048  22.299  -2.004 0.0000000000
113674  -28.626  22.463  -2.854 0.0000000000
113675  -29.637  22.225  -2.559 0.0000000000
113676  -30.681  22.186  -2.199 0.0000000000
113677  -30.854  22.347  -2.141 0.0000000000
113680  -28.597  22.136  -3.618 0.0000000000
113681  -29.178  21.908  -3.156 0.0000000000
113684  -28.265  22.361  -4.975 0.0000000000
113687  -28.351  22.364  -6.133 0.0000000000
113689  -25.818  22.901  -7.700 0.0000000000
113690  -26.243  22.791  -7.601 0.0000000000
113691  -27.981  22.243  -7.025 0.0000000000
113694  -25.146  22.975  -8.604 0.0000000000
113695  -25.771  22.468  -8.318 0.0000000000
113696  -26.802  22.339  -7.666 0.0000000000
113697  -27.414  22.301  -7.382 0.0000000000
113699  -25.122  22.741  -9.107 0.0000000000
113700  -25.454  22.148  -9.405 0.0000000000
113702  -24.365  22.888  -10.440 0.0000000000
113703  -24.962  22.422  -10.154 0.0000000000
113704  -25.340  22.087  -9.886 0.0000000000
113707  -24.245  22.325  -10.989 0.0000000000
113708  -24.627  22.079  -10.631 0.0000000000
113714  -23.787  22.463  -12.119 0.0000000000
113721  -22.632  23.014  -13.153 0.0000000000
113722  -23.142  22.646  -13.055 0.0000000000
113735  -22.800  22.340  -13.367 0.0000000000
113749  -21.340  22.188  -13.964 0.0000000000
113750  -21.979  22.047  -13.985 0.0000000000
114450  -26.057  23.871  5.850 0.0000000000
114458  -26.463  23.774  5.298 0.0000000000
114459  -26.766  24.175  5.079 0.0000000000
114467  -26.703  23.558  4.652 0.0000000000
114468  -27.082  23.928  4.278 0.0000000000
114477  -25.694  24.475  3.434 0.0000000000
114478  -26.334  24.411  3.500 0.0000000000
114479  -27.417  24.131  3.454 0.0000000000
114480  -28.132  23.779  2.644 0.0000000000
114481  -28.388  23.520  2.206 0.0000000000
114489  -25.639  24.159  2.988 0.0000000000
114490  -26.491  23.990  2.854 0.0000000000
114491  -27.349  23.790  2.496 0.0000000000
114492  -27.989  23.628  2.034 0.0000000000
114493  -28.470  23.429  1.664 0.0000000000
114502  -25.667  23.930  2.393 0.0000000000
114503  -26.196  23.713  1.938 0.0000000000
114504  -27.150  23.603  1.582 0.0000000000
114505  -27.907  23.540  1.282 0.0000000000
114506  -28.468  23.359  1.029 0.0000000000
114514  -26.127  23.698  0.880 0.0000000000
114515  -27.055  23.569  0.698 0.0000000000
114516  -27.928  23.450  0.497 0.0000000000
114517  -28.862  23.353  0.376 0.0000000000
114521  -26.212  23.725  0.131 0.0000000000
114522  -26.898  23.558  -0.239 0.0000000000
114523  -28.064  23.373  -0.375 0.0000000000
114524  -29.177  23.236  -0.476 0.0000000000
114526  -27.064  23.575  -1.276 0.0000000000
114527  -28.262  23.253  -1.321 0.0000000000
114528  -29.305  22.915  -1.307 0.0000000000
114531  -27.276  23.489  -2.505 0.0000000000
114532  -28.603  22.815  -2.187 0.0000000000
114533  -29.433  22.669  -1.868 0.0000000000
114537  -27.210  23.725  -3.853 0.0000000000
114538  -27.882  22.890  -3.244 0.0000000000
114543  -27.327  23.947  -4.565 0.0000000000
114544  -27.826  23.317  -4.618 0.0000000000
114547  -28.218  23.224  -5.845 0.0000000000
114549  -25.160  23.847  -7.473 0.0000000000
114550  -26.003  23.382  -7.258 0.0000000000
114551  -27.113  23.115  -7.267 0.0000000000
114552  -28.074  22.998  -6.843 0.0000000000
114556  -24.976  23.370  -8.185 0.0000000000
114557  -25.509  23.175  -7.780 0.0000000000
114558  -27.231  22.627  -7.423 0.0000000000
114559  -27.608  22.689  -7.269 0.0000000000
114564  -24.729  23.279  -8.819 0.0000000000
114568  -24.221  23.371  -9.923 0.0000000000
114569  -24.710  23.146  -9.445 0.0000000000
115422  -26.415  24.805  6.199 0.0000000000
115423  -26.776  25.105  6.007 0.0000000000
115440  -26.475  24.342  5.753 0.0000000000
115441  -26.797  24.727  5.600 0.0000000000
115457  -26.282  25.240  4.581 0.0000000000
115458  -26.877  25.045  4.666 0.0000000000
115459  -27.002  24.728  4.947 0.0000000000
115475  -25.721  24.833  3.921 0.0000000000
115476  -26.589  24.738  4.004 0.0000000000
115477  -26.895  24.490  4.330 0.0000000000
115491  -24.989  24.423  3.315 0.0000000000
115506  -24.686  24.181  2.189 0.0000000000
115507  -25.401  23.882  1.931 0.0000000000
115518  -23.417  25.314  1.139 0.0000000000
115519  -24.091  24.853  0.803 0.0000000000
115520  -25.228  24.049  1.227 0.0000000000
115527  -24.375  25.147  -0.027 0.0000000000
115528  -25.243  24.464  -0.209 0.0000000000
115529  -26.091  23.933  -0.341 0.0000000000
115534  -25.650  24.951  -1.418 0.0000000000
115535  -26.188  24.182  -0.958 0.0000000000
115537  -25.822  25.293  -2.080 0.0000000000
115538  -26.300  24.592  -2.255 0.0000000000
115540  -26.795  24.550  -3.504 0.0000000000
115545  -27.300  24.773  -4.648 0.0000000000
115546  -27.538  24.282  -5.125 0.0000000000
115552  -26.945  25.036  -5.881 0.0000000000
115553  -27.763  24.056  -5.820 0.0000000000
115559  -25.731  24.296  -6.684 0.0000000000
115560  -26.861  23.862  -6.525 0.0000000000
115561  -27.736  23.590  -6.559 0.0000000000
116392  -26.294  25.362  6.407 0.0000000000
116393  -26.580  25.377  6.116 0.0000000000
116394  -26.838  25.250  5.810 0.0000000000
116402  -26.576  25.498  5.688 0.0000000000
116403  -26.924  25.193  5.392 0.0000000000
116413  -26.703  25.394  5.094 0.0000000000
116414  -27.030  25.173  5.023 0.0000000000
116446  -23.323  25.953  0.629 0.0000000000
116447  -23.961  25.617  0.103 0.0000000000
116453  -23.795  26.435  -0.097 0.0000000000
116454  -24.499  25.870  -0.605 0.0000000000
116455  -25.151  25.449  -1.077 0.0000000000
116462  -24.980  26.121  -1.329 0.0000000000
116463  -25.439  25.840  -1.871 0.0000000000
116468  -25.958  25.802  -2.795 0.0000000000
116469  -26.487  25.347  -3.312 0.0000000000
116471  -26.558  26.132  -3.602 0.0000000000
116472  -27.111  25.783  -4.201 0.0000000000
116476  -27.353  25.928  -5.145 0.0000000000
116482  -26.839  26.125  -5.567 0.0000000000
117314  -22.766  26.888  0.788 0.0000000000
117315  -23.281  26.992  0.233 0.0000000000
117321  -23.692  27.221  -0.210 0.0000000000
117322  -24.156  27.017  -0.641 0.0000000000
117329  -24.700  26.895  -1.346 0.0000000000
117330  -25.173  26.560  -1.796 0.0000000000
117335  -25.189  27.161  -1.953 0.0000000000
117336  -25.623  26.813  -2.523 0.0000000000
117341  -26.308  26.861  -3.417 0.0000000000
117342  -26.847  26.866  -4.139 0.0000000000
117346  -27.215  26.747  -4.750 0.0000000000
117355  -26.205  26.722  -5.383 0.0000000000
117356  -27.019  26.726  -5.218 0.0000000000
118126  -22.920  27.726  0.501 0.0000000000
118132  -23.432  27.814  0.032 0.0000000000
118133  -23.931  27.882  -0.474 0.0000000000
118139  -24.511  27.837  -1.035 0.0000000000
118145  -25.049  27.797  -1.683 0.0000000000
118146  -25.640  27.773  -2.309 0.0000000000
118151  -26.343  27.733  -3.029 0.0000000000
118152  -27.049  27.748  -3.752 0.0000000000
118157  -26.046  28.098  -4.795 0.0000000000
118158  -26.959  27.890  -4.499 0.0000000000
118166  -26.567  27.356  -5.050 0.0000000000
118167  -26.954  27.134  -4.850 0.0000000000
118912  -22.593  28.649  0.730 0.0000000000
118913  -23.145  28.375  0.283 0.0000000000
118925  -23.121  28.993  0.265 0.0000000000
118926  -23.598  28.718  -0.194 0.0000000000
118927  -24.320  28.719  -0.733 0.0000000000
118937  -24.992  28.710  -1.399 0.0000000000
118938  -25.613  29.031  -1.907 0.0000000000
118948  -25.494  28.412  -1.985 0.0000000000
118949  -26.319  28.712  -2.540 0.0000000000
118950  -27.186  29.032  -3.152 0.0000000000
118955  -27.068  28.394  -3.293 0.0000000000
118956  -27.606  28.771  -3.836 0.0000000000
118960  -25.358  28.884  -4.674 0.0000000000
118961  -26.493  28.999  -4.782 0.0000000000
118962  -27.263  29.251  -4.406 0.0000000000
119715  -22.290  29.577  0.909 0.0000000000
119716  -22.832  29.592  0.447 0.0000000000
119722  -23.388  29.652  -0.037 0.0000000000
119723  -24.066  29.635  -0.519 0.0000000000
119724  -24.736  29.567  -1.016 0.0000000000
119730  -25.282  29.624  -1.556 0.0000000000
119731  -25.929  29.704  -2.172 0.0000000000
119741  -26.698  29.693  -2.815 0.0000000000
119742  -27.268  29.629  -3.429 0.0000000000
119747  -27.506  29.711  -3.938 0.0000000000
119751  -25.627  29.773  -4.600 0.0000000000
119752  -26.570  29.932  -4.474 0.0000000000
119753  -27.108  30.098  -4.154 0.0000000000
120488  -22.074  30.435  1.011 0.0000000000
120501  -22.564  30.255  0.607 0.0000000000
120502  -23.078  30.451  0.176 0.0000000000
120515  -23.701  30.543  -0.410 0.0000000000
120516  -24.554  30.606  -1.021 0.0000000000
120517  -24.999  30.108  -1.294 0.0000000000
120529  -24.908  31.139  -1.449 0.0000000000
120530  -25.362  30.612  -1.763 0.0000000000
120531  -26.209  30.516  -2.531 0.0000000000
120540  -26.909  30.480  -3.162 0.0000000000
120541  -27.211  30.029  -3.591 0.0000000000
120543  -26.862  30.887  -3.636 0.0000000000
120544  -27.168  30.315  -3.743 0.0000000000
120548  -24.778  30.530  -4.499 0.0000000000
120549  -25.802  30.621  -4.394 0.0000000000
120550  -26.573  30.726  -4.120 0.0000000000
120551  -27.014  30.555  -3.954 0.0000000000
121352  -21.864  31.393  1.056 0.0000000000
121364  -22.593  31.236  0.459 0.0000000000
121365  -23.326  31.410  -0.191 0.0000000000
121372  -24.002  31.502  -0.739 0.0000000000
121373  -24.587  31.645  -1.290 0.0000000000
121378  -25.135  31.609  -1.792 0.0000000000
121379  -25.757  31.437  -2.496 0.0000000000
121380  -26.466  31.023  -2.764 0.0000000000
121382  -25.789  31.852  -3.170 0.0000000000
121383  -26.478  31.297  -3.114 0.0000000000
121385  -24.622  31.962  -3.879 0.0000000000
121386  -25.500  31.754  -3.763 0.0000000000
121387  -26.257  31.373  -3.676 0.0000000000
121392  -25.149  31.315  -4.257 0.0000000000
121393  -25.908  31.234  -4.112 0.0000000000
122187  -21.611  32.351  1.132 0.0000000000
122192  -22.277  32.330  0.536 0.0000000000
122193  -22.984  32.341  -0.069 0.0000000000
122197  -23.640  32.319  -0.576 0.0000000000
122198  -24.186  32.359  -1.036 0.0000000000
122200  -24.669  32.459  -1.839 0.0000000000
122201  -25.258  32.023  -2.158 0.0000000000
122203  -24.467  32.734  -2.738 0.0000000000
122204  -25.232  32.254  -2.618 0.0000000000
122207  -24.126  32.569  -3.465 0.0000000000
122208  -25.036  32.335  -3.312 0.0000000000
123028  -22.063  33.260  0.711 0.0000000000
123029  -22.674  33.353  0.066 0.0000000000
123031  -23.323  33.254  -0.630 0.0000000000
123032  -23.810  32.783  -0.870 0.0000000000
123035  -23.180  33.466  -1.486 0.0000000000
123036  -23.928  33.000  -1.285 0.0000000000
123040  -23.834  33.102  -2.119 0.0000000000
123044  -23.567  33.083  -3.011 0.0000000000
123823  -22.280  34.827  0.865 0.0000000000
123828  -21.937  33.827  0.921 0.0000000000
123829  -22.478  34.337  0.521 0.0000000000
123833  -22.614  34.986  -0.408 0.0000000000
123834  -22.995  34.272  -0.176 0.0000000000
123839  -22.673  34.039  -0.846 0.0000000000
124667  -22.537  35.253  0.558 0.0000000000
124674  -23.064  35.096  0.143 0.0000000000
148680  -30.342  13.010  1.841 0.0000000000
148681  -30.365  13.517  2.548 0.0000000000
148682  -30.384  13.462  1.095 0.0000000000
148683  -30.458  13.526  0.509 0.0000000000
148684  -30.365  13.399  0.854 0.0000000000
148742  -29.075  21.361  0.703 0.0000000000
148743  -28.553  20.642  0.892 0.0000000000
148744  -28.982  21.470  0.907 0.0000000000
148745  -29.006  20.802  0.331 0.0000000000
148746  -28.814  21.382  1.069 0.0000000000
148747  -28.920  21.359  0.898 0.0000000000
148748  -29.518  21.444  -0.027 0.0000000000
