#!ascii label  , from subject ab_data vox2ras=TkReg
1039
110070  -7.149  18.527  -16.143 0.0000000000
110115  -5.560  18.241  -20.378 0.0000000000
110123  -3.879  18.582  -20.444 0.0000000000
110124  -4.655  18.179  -20.888 0.0000000000
110125  -5.571  18.311  -21.494 0.0000000000
110133  -3.899  18.513  -21.355 0.0000000000
110134  -4.665  18.361  -21.878 0.0000000000
110135  -5.403  18.438  -22.135 0.0000000000
111066  -6.203  18.728  -19.794 0.0000000000
111067  -6.492  19.317  -19.930 0.0000000000
111076  -3.467  19.283  -20.992 0.0000000000
111077  -6.383  18.829  -21.052 0.0000000000
111078  -6.512  19.298  -20.316 0.0000000000
111088  -3.933  19.272  -22.125 0.0000000000
111089  -5.040  18.876  -22.489 0.0000000000
111090  -6.004  18.935  -22.210 0.0000000000
111100  -4.220  19.930  -22.422 0.0000000000
111101  -4.735  19.663  -22.687 0.0000000000
111102  -5.577  19.489  -22.840 0.0000000000
112020  -6.081  19.192  -18.946 0.0000000000
112021  -6.226  20.165  -19.062 0.0000000000
112032  -6.292  19.455  -19.554 0.0000000000
112033  -6.315  20.059  -19.921 0.0000000000
112044  -3.414  20.339  -20.352 0.0000000000
112045  -6.210  19.619  -21.706 0.0000000000
112046  -6.077  20.057  -20.839 0.0000000000
112059  -3.504  20.321  -21.409 0.0000000000
112060  -5.971  20.155  -22.448 0.0000000000
112072  -3.802  20.437  -22.263 0.0000000000
112073  -4.426  20.465  -22.684 0.0000000000
112074  -5.264  20.306  -22.935 0.0000000000
112921  -6.553  21.188  -19.463 0.0000000000
112931  -3.324  21.374  -19.712 0.0000000000
112932  -6.399  21.153  -20.347 0.0000000000
112945  -3.260  21.369  -20.754 0.0000000000
112946  -6.036  20.471  -21.660 0.0000000000
112947  -6.010  21.246  -21.203 0.0000000000
112960  -2.754  21.860  -22.734 0.0000000000
112961  -3.175  21.387  -21.913 0.0000000000
112962  -5.992  21.404  -22.014 0.0000000000
112963  -6.033  21.552  -21.577 0.0000000000
112974  -2.972  21.813  -23.200 0.0000000000
112975  -3.685  21.447  -22.972 0.0000000000
112976  -4.742  21.078  -22.892 0.0000000000
112977  -5.393  21.213  -22.665 0.0000000000
112987  -4.035  21.819  -23.522 0.0000000000
112988  -4.533  21.618  -23.275 0.0000000000
112989  -5.005  21.430  -23.046 0.0000000000
113796  -3.498  22.122  -19.301 0.0000000000
113797  -3.994  22.486  -18.866 0.0000000000
113798  -6.761  22.284  -18.973 0.0000000000
113809  -3.425  22.490  -20.070 0.0000000000
113810  -3.759  22.606  -19.451 0.0000000000
113811  -6.737  22.192  -19.955 0.0000000000
113823  -3.036  22.339  -21.180 0.0000000000
113824  -6.375  22.079  -20.780 0.0000000000
113835  -2.617  22.687  -22.630 0.0000000000
113836  -2.624  22.216  -22.030 0.0000000000
113837  -5.936  22.481  -22.003 0.0000000000
113838  -6.127  21.930  -21.488 0.0000000000
113848  -2.730  22.420  -23.447 0.0000000000
113849  -3.150  21.895  -23.424 0.0000000000
113850  -5.639  22.173  -22.677 0.0000000000
113860  -2.870  22.867  -24.154 0.0000000000
113861  -3.497  22.234  -23.790 0.0000000000
113862  -4.456  22.322  -23.634 0.0000000000
113863  -5.114  21.907  -23.151 0.0000000000
113874  -3.028  23.211  -24.409 0.0000000000
113875  -3.407  23.003  -24.267 0.0000000000
113876  -4.000  22.833  -24.075 0.0000000000
114654  -3.746  23.181  -20.176 0.0000000000
114655  -4.140  23.286  -19.624 0.0000000000
114656  -6.755  23.293  -19.498 0.0000000000
114663  -3.488  23.312  -20.747 0.0000000000
114664  -3.943  23.598  -20.304 0.0000000000
114665  -5.898  23.519  -21.062 0.0000000000
114666  -6.366  23.174  -20.450 0.0000000000
114675  -2.674  23.253  -22.525 0.0000000000
114676  -2.878  23.277  -21.827 0.0000000000
114677  -5.767  23.391  -21.750 0.0000000000
114678  -6.044  22.740  -21.237 0.0000000000
114689  -2.587  23.407  -23.141 0.0000000000
114690  -2.695  23.702  -22.498 0.0000000000
114691  -5.002  23.592  -23.188 0.0000000000
114692  -5.544  23.268  -22.609 0.0000000000
114705  -2.528  23.434  -23.951 0.0000000000
114706  -4.527  23.377  -23.749 0.0000000000
114707  -5.180  22.761  -23.272 0.0000000000
114717  -2.755  23.595  -24.408 0.0000000000
114718  -3.268  23.653  -24.469 0.0000000000
114719  -3.902  23.555  -24.274 0.0000000000
115653  -6.516  24.280  -19.994 0.0000000000
115661  -3.843  23.899  -20.620 0.0000000000
115662  -4.326  24.333  -20.313 0.0000000000
115663  -5.698  24.240  -21.370 0.0000000000
115664  -6.062  24.210  -20.722 0.0000000000
115676  -3.630  24.303  -21.161 0.0000000000
115677  -4.085  24.764  -20.798 0.0000000000
115678  -5.383  24.228  -22.094 0.0000000000
115690  -2.567  24.271  -22.926 0.0000000000
115691  -2.986  24.332  -22.140 0.0000000000
115692  -4.723  24.353  -23.565 0.0000000000
115693  -5.026  24.284  -22.838 0.0000000000
115706  -1.802  24.901  -24.135 0.0000000000
115707  -2.237  24.363  -23.831 0.0000000000
115708  -4.307  24.323  -24.173 0.0000000000
115716  -1.792  24.823  -24.538 0.0000000000
115717  -2.257  24.271  -24.528 0.0000000000
115718  -2.933  24.442  -24.750 0.0000000000
115719  -3.691  24.329  -24.518 0.0000000000
115724  -1.757  24.754  -24.999 0.0000000000
115725  -2.256  24.752  -25.094 0.0000000000
115726  -2.704  24.901  -25.136 0.0000000000
116573  -5.840  24.877  -21.058 0.0000000000
116574  -6.207  25.206  -20.593 0.0000000000
116589  -3.576  25.280  -21.874 0.0000000000
116590  -3.974  25.105  -21.120 0.0000000000
116591  -5.523  25.325  -21.683 0.0000000000
116592  -5.931  25.362  -21.128 0.0000000000
116606  -2.411  24.793  -23.307 0.0000000000
116607  -2.772  25.082  -22.738 0.0000000000
116608  -4.881  25.339  -23.306 0.0000000000
116609  -5.097  25.066  -22.493 0.0000000000
116622  -1.511  25.471  -24.405 0.0000000000
116623  -2.085  25.156  -23.723 0.0000000000
116624  -2.472  25.151  -23.280 0.0000000000
116625  -4.615  25.207  -24.091 0.0000000000
116637  -1.434  25.342  -25.093 0.0000000000
116638  -3.553  24.892  -24.795 0.0000000000
116639  -4.090  25.136  -24.600 0.0000000000
116644  -1.772  25.297  -25.387 0.0000000000
116645  -2.488  25.320  -25.417 0.0000000000
116646  -3.228  25.238  -25.161 0.0000000000
116647  -3.737  25.305  -24.917 0.0000000000
117446  -6.463  26.258  -20.502 0.0000000000
117466  -5.737  26.548  -21.898 0.0000000000
117467  -6.063  25.983  -21.208 0.0000000000
117483  -3.393  25.922  -22.788 0.0000000000
117484  -4.925  26.041  -23.358 0.0000000000
117485  -5.164  26.152  -22.739 0.0000000000
117501  -1.328  26.504  -24.367 0.0000000000
117502  -2.020  26.023  -23.810 0.0000000000
117503  -2.647  25.618  -23.337 0.0000000000
117504  -4.778  26.251  -23.937 0.0000000000
117505  -5.022  26.356  -23.400 0.0000000000
117519  -0.431  26.824  -25.693 0.0000000000
117520  -0.950  26.106  -25.100 0.0000000000
117521  -4.482  25.872  -24.594 0.0000000000
117527  -0.458  26.798  -26.640 0.0000000000
117528  -1.064  25.972  -26.004 0.0000000000
117529  -2.073  25.926  -25.857 0.0000000000
117530  -3.054  26.167  -25.596 0.0000000000
117531  -3.951  25.907  -25.106 0.0000000000
117532  -0.693  27.132  -27.220 0.0000000000
117533  -1.173  26.794  -26.940 0.0000000000
117534  -1.829  26.570  -26.455 0.0000000000
117535  -2.532  26.617  -26.115 0.0000000000
117537  -0.988  27.435  -27.393 0.0000000000
117538  -1.146  27.220  -27.313 0.0000000000
118281  -5.899  27.157  -21.941 0.0000000000
118282  -6.196  27.160  -21.374 0.0000000000
118297  -5.661  27.379  -22.553 0.0000000000
118298  -5.988  27.454  -21.962 0.0000000000
118313  -1.316  27.600  -24.180 0.0000000000
118314  -2.078  27.041  -23.771 0.0000000000
118315  -2.841  26.512  -23.355 0.0000000000
118316  -4.776  27.373  -24.140 0.0000000000
118317  -5.141  26.930  -23.434 0.0000000000
118331  -0.005  27.827  -25.197 0.0000000000
118332  -0.611  27.104  -24.845 0.0000000000
118333  -4.584  26.877  -24.977 0.0000000000
118341  -0.328  27.734  -26.204 0.0000000000
118342  -3.227  27.312  -26.085 0.0000000000
118343  -3.854  26.848  -25.526 0.0000000000
118344  -0.231  27.527  -27.142 0.0000000000
118345  -1.517  27.346  -27.294 0.0000000000
118346  -2.006  27.378  -27.037 0.0000000000
118347  -2.503  27.212  -26.526 0.0000000000
118348  -0.701  27.812  -27.482 0.0000000000
118349  -1.378  27.760  -27.548 0.0000000000
118350  -1.841  27.793  -27.447 0.0000000000
119143  -5.843  28.576  -22.765 0.0000000000
119144  -6.167  28.026  -21.993 0.0000000000
119156  -0.585  29.228  -23.977 0.0000000000
119157  -1.281  28.651  -23.775 0.0000000000
119158  -2.104  28.099  -23.550 0.0000000000
119160  -4.761  27.982  -24.151 0.0000000000
119161  -5.139  28.090  -23.611 0.0000000000
119172  -0.016  28.907  -24.697 0.0000000000
119173  -0.612  28.233  -24.515 0.0000000000
119174  -4.645  28.193  -24.763 0.0000000000
119175  -4.817  28.304  -24.201 0.0000000000
119182  0.132  28.747  -25.686 0.0000000000
119183  0.144  29.016  -26.020 0.0000000000
119184  -3.463  28.033  -26.213 0.0000000000
119185  -4.000  28.029  -25.718 0.0000000000
119186  -0.070  28.632  -26.862 0.0000000000
119187  0.230  28.874  -26.191 0.0000000000
119188  -2.202  28.109  -27.329 0.0000000000
119189  -2.906  28.353  -26.725 0.0000000000
119190  -3.652  28.399  -26.347 0.0000000000
119191  1.204  28.746  -28.834 0.0000000000
119192  0.103  28.114  -28.135 0.0000000000
119193  -1.110  28.267  -28.104 0.0000000000
119194  -2.042  28.420  -27.955 0.0000000000
119195  -2.494  28.580  -27.424 0.0000000000
119196  0.644  29.045  -29.556 0.0000000000
119197  0.237  28.400  -29.234 0.0000000000
119198  -0.922  28.298  -29.041 0.0000000000
119199  -1.590  28.340  -28.585 0.0000000000
119200  0.258  29.253  -29.819 0.0000000000
119201  -0.042  28.871  -29.732 0.0000000000
119202  -0.399  28.595  -29.416 0.0000000000
119951  -5.951  29.637  -22.760 0.0000000000
119966  -0.917  30.117  -23.742 0.0000000000
119967  -1.379  29.647  -23.451 0.0000000000
119969  -5.419  29.214  -23.477 0.0000000000
119978  -0.389  29.773  -24.338 0.0000000000
119979  -4.700  28.893  -24.899 0.0000000000
119980  -4.924  28.944  -24.352 0.0000000000
119986  -0.083  29.622  -24.989 0.0000000000
119987  -0.221  29.472  -25.774 0.0000000000
119988  -4.640  29.237  -25.579 0.0000000000
119989  -4.748  29.206  -24.923 0.0000000000
119990  0.381  28.971  -26.992 0.0000000000
119991  0.112  29.246  -26.480 0.0000000000
119992  -3.427  29.153  -27.033 0.0000000000
119993  -3.999  29.194  -26.655 0.0000000000
119994  1.375  29.900  -28.440 0.0000000000
119995  0.844  29.045  -27.587 0.0000000000
119996  0.337  29.197  -27.024 0.0000000000
119997  -2.411  29.021  -28.113 0.0000000000
119998  -3.103  29.359  -27.645 0.0000000000
119999  -3.735  29.634  -27.192 0.0000000000
120000  1.225  29.736  -29.355 0.0000000000
120001  -1.392  28.797  -29.160 0.0000000000
120002  -2.009  29.067  -28.704 0.0000000000
120003  -2.694  29.362  -28.212 0.0000000000
120004  0.514  29.728  -29.826 0.0000000000
120005  -0.176  29.521  -29.906 0.0000000000
120006  -0.905  29.047  -29.503 0.0000000000
120007  -1.519  29.090  -29.166 0.0000000000
120774  -1.255  30.776  -23.587 0.0000000000
120775  -1.440  30.617  -22.985 0.0000000000
120776  -5.478  30.159  -23.340 0.0000000000
120786  -0.988  30.534  -24.163 0.0000000000
120787  -1.646  30.839  -24.462 0.0000000000
120788  -2.100  31.075  -24.617 0.0000000000
120789  -4.792  30.652  -24.609 0.0000000000
120790  -5.151  29.893  -24.106 0.0000000000
120797  -0.503  30.072  -24.630 0.0000000000
120798  -1.065  30.221  -25.178 0.0000000000
120799  -2.067  30.721  -25.107 0.0000000000
120800  -4.610  30.548  -25.596 0.0000000000
120801  -4.867  29.738  -24.891 0.0000000000
120802  -1.114  30.135  -26.277 0.0000000000
120803  -1.777  30.471  -25.640 0.0000000000
120804  -4.358  30.452  -26.566 0.0000000000
120805  0.815  31.001  -28.210 0.0000000000
120806  0.546  30.388  -27.577 0.0000000000
120807  0.143  29.845  -26.897 0.0000000000
120808  -3.913  30.200  -28.001 0.0000000000
120809  -4.499  30.609  -27.601 0.0000000000
120810  -5.959  31.258  -28.275 0.0000000000
120811  -6.399  31.356  -28.282 0.0000000000
120812  0.971  30.705  -28.964 0.0000000000
120813  -2.407  30.337  -28.990 0.0000000000
120814  -3.290  30.183  -28.387 0.0000000000
120815  -4.539  30.861  -28.203 0.0000000000
120816  -5.703  31.085  -28.249 0.0000000000
120817  -6.241  31.187  -28.297 0.0000000000
120818  0.598  30.533  -29.545 0.0000000000
120819  -0.069  30.383  -29.853 0.0000000000
120820  -0.860  30.072  -29.583 0.0000000000
120821  -1.594  29.689  -29.231 0.0000000000
121601  -1.308  31.057  -23.500 0.0000000000
121602  -1.305  31.407  -23.191 0.0000000000
121615  -1.295  31.009  -23.736 0.0000000000
121616  -1.467  31.368  -23.761 0.0000000000
121617  -2.002  31.483  -24.170 0.0000000000
121619  -5.067  30.644  -23.819 0.0000000000
121627  -2.344  31.467  -24.812 0.0000000000
121628  -4.431  31.587  -25.199 0.0000000000
121632  -1.768  31.223  -26.582 0.0000000000
121633  -2.385  31.042  -25.824 0.0000000000
121634  -4.653  31.624  -26.425 0.0000000000
121635  -5.732  31.877  -27.079 0.0000000000
121636  -6.379  32.011  -27.573 0.0000000000
121637  0.614  31.780  -28.064 0.0000000000
121638  0.337  31.574  -27.567 0.0000000000
121639  -0.492  31.131  -26.910 0.0000000000
121640  -4.949  31.229  -27.171 0.0000000000
121641  -5.941  31.296  -27.560 0.0000000000
121642  -6.539  31.708  -28.156 0.0000000000
121643  0.554  31.679  -28.648 0.0000000000
121644  -2.367  31.386  -29.182 0.0000000000
121645  -3.171  31.225  -28.802 0.0000000000
121646  -4.234  31.339  -28.518 0.0000000000
121647  -5.325  31.464  -28.501 0.0000000000
121648  -6.158  31.424  -28.333 0.0000000000
121649  0.370  31.459  -29.248 0.0000000000
121650  -0.036  31.309  -29.611 0.0000000000
121651  -0.812  31.152  -29.583 0.0000000000
121652  -1.665  30.788  -29.371 0.0000000000
122412  -1.468  32.365  -22.442 0.0000000000
122427  -1.411  32.328  -23.151 0.0000000000
122428  -1.933  32.564  -23.347 0.0000000000
122438  -1.821  32.012  -23.649 0.0000000000
122439  -2.279  32.345  -24.042 0.0000000000
122444  -2.568  32.333  -25.105 0.0000000000
122449  -1.528  31.989  -27.022 0.0000000000
122450  -2.337  32.388  -26.287 0.0000000000
122451  -4.469  32.669  -25.804 0.0000000000
122452  -5.121  32.851  -26.837 0.0000000000
122453  -5.946  32.613  -27.423 0.0000000000
122454  0.547  32.089  -28.289 0.0000000000
122455  0.340  32.411  -27.966 0.0000000000
122456  -0.568  32.442  -27.459 0.0000000000
122457  -5.289  33.670  -27.580 0.0000000000
122458  -6.230  32.744  -27.931 0.0000000000
122459  0.457  32.428  -28.581 0.0000000000
122460  0.291  32.944  -28.449 0.0000000000
122461  -2.290  31.862  -29.246 0.0000000000
122462  -2.706  31.984  -29.031 0.0000000000
122463  -3.761  32.265  -28.764 0.0000000000
122464  -4.805  32.090  -28.598 0.0000000000
122465  -5.645  32.425  -28.372 0.0000000000
122466  0.414  32.436  -29.236 0.0000000000
122467  0.143  32.205  -29.748 0.0000000000
122468  -0.581  32.167  -29.855 0.0000000000
122469  -1.820  32.219  -29.548 0.0000000000
122470  -2.866  32.874  -29.084 0.0000000000
122471  -3.643  33.208  -28.881 0.0000000000
122472  0.328  32.862  -29.828 0.0000000000
122473  -0.185  32.898  -30.108 0.0000000000
122474  -1.032  32.997  -30.161 0.0000000000
122475  -1.671  33.291  -29.871 0.0000000000
123248  -1.523  33.216  -22.419 0.0000000000
123249  -1.860  33.531  -22.631 0.0000000000
123256  -1.772  32.964  -22.909 0.0000000000
123257  -2.215  33.292  -23.246 0.0000000000
123262  -2.519  33.375  -24.217 0.0000000000
123268  -2.494  33.529  -25.281 0.0000000000
123274  -1.701  33.080  -27.078 0.0000000000
123275  -2.213  33.852  -26.272 0.0000000000
123276  -4.530  33.768  -26.295 0.0000000000
123277  -4.936  33.821  -26.967 0.0000000000
123278  -0.213  33.195  -28.097 0.0000000000
123279  -1.106  33.596  -27.740 0.0000000000
123280  -4.664  34.199  -26.780 0.0000000000
123281  -5.421  33.478  -28.021 0.0000000000
123282  0.489  32.985  -28.902 0.0000000000
123283  -0.039  33.502  -28.825 0.0000000000
123284  -4.467  33.053  -28.578 0.0000000000
123285  -4.914  33.557  -28.185 0.0000000000
123286  0.297  33.196  -29.412 0.0000000000
123287  -0.370  33.633  -29.394 0.0000000000
123288  -2.295  33.476  -29.593 0.0000000000
123289  -3.046  33.805  -29.121 0.0000000000
123290  -3.738  33.869  -28.695 0.0000000000
123291  0.010  33.297  -29.848 0.0000000000
123292  -0.704  33.558  -29.819 0.0000000000
123293  -1.393  33.672  -29.828 0.0000000000
123294  -1.936  33.911  -29.729 0.0000000000
124068  -2.432  34.756  -25.378 0.0000000000
124073  -1.686  34.294  -27.073 0.0000000000
124074  -2.059  35.072  -26.295 0.0000000000
124075  -4.472  34.663  -26.471 0.0000000000
124076  -0.820  33.998  -28.428 0.0000000000
124077  -1.221  34.706  -27.777 0.0000000000
124078  -4.676  34.497  -27.144 0.0000000000
124079  -0.723  34.306  -28.940 0.0000000000
124080  -4.224  33.959  -28.287 0.0000000000
124081  -1.043  34.408  -29.287 0.0000000000
124082  -1.668  34.703  -29.369 0.0000000000
124083  -2.340  34.489  -29.410 0.0000000000
124084  -3.277  34.602  -28.893 0.0000000000
124085  -3.751  34.522  -28.444 0.0000000000
124086  -1.321  34.067  -29.573 0.0000000000
124087  -1.808  34.176  -29.616 0.0000000000
124088  -2.081  34.185  -29.602 0.0000000000
124920  -2.399  35.894  -25.560 0.0000000000
124921  -4.422  35.498  -25.886 0.0000000000
124926  -1.511  35.434  -27.046 0.0000000000
124927  -1.911  36.183  -26.379 0.0000000000
124928  -4.175  35.348  -26.829 0.0000000000
124929  -0.996  35.069  -28.431 0.0000000000
124930  -1.053  35.795  -27.712 0.0000000000
124931  -3.589  35.550  -27.787 0.0000000000
124932  -4.200  35.077  -27.701 0.0000000000
124933  -0.997  35.334  -28.861 0.0000000000
124934  -2.995  35.767  -28.263 0.0000000000
124935  -3.377  35.523  -28.088 0.0000000000
124936  -4.043  34.661  -28.141 0.0000000000
124937  -1.420  35.448  -29.007 0.0000000000
124938  -1.979  35.563  -29.188 0.0000000000
124939  -2.759  35.584  -28.650 0.0000000000
124940  -3.555  34.961  -28.486 0.0000000000
124941  -3.765  34.784  -28.321 0.0000000000
125743  -2.236  36.952  -25.728 0.0000000000
125744  -4.195  36.320  -26.211 0.0000000000
125749  -1.297  36.513  -27.028 0.0000000000
125750  -1.599  37.152  -26.389 0.0000000000
125751  -3.292  36.425  -27.401 0.0000000000
125752  -3.643  36.205  -27.114 0.0000000000
125753  -0.891  36.145  -28.302 0.0000000000
125754  -0.892  36.803  -27.611 0.0000000000
125755  -2.849  36.473  -27.793 0.0000000000
125756  -3.232  36.178  -27.670 0.0000000000
125757  -3.649  35.737  -27.532 0.0000000000
125758  -1.164  36.408  -28.679 0.0000000000
125759  -1.540  36.824  -28.603 0.0000000000
125760  -2.812  36.260  -28.054 0.0000000000
125761  -3.133  35.945  -27.924 0.0000000000
125762  -1.617  36.166  -28.881 0.0000000000
125763  -2.016  36.532  -28.766 0.0000000000
125764  -2.376  36.648  -28.326 0.0000000000
126519  -2.472  37.794  -24.933 0.0000000000
126521  -4.284  37.314  -25.573 0.0000000000
126526  -1.219  38.102  -26.250 0.0000000000
126527  -1.737  37.870  -25.821 0.0000000000
126528  -3.875  36.991  -26.372 0.0000000000
126534  -0.653  37.866  -27.536 0.0000000000
126535  -0.899  37.616  -26.865 0.0000000000
126536  -1.337  37.687  -26.325 0.0000000000
126537  -3.105  36.967  -27.201 0.0000000000
126538  -3.473  37.161  -26.728 0.0000000000
126542  -0.764  37.244  -28.096 0.0000000000
126543  -0.768  37.391  -27.533 0.0000000000
126544  -2.561  37.081  -27.726 0.0000000000
126545  -2.748  37.217  -27.449 0.0000000000
126546  -1.143  37.542  -28.493 0.0000000000
126547  -1.709  37.547  -28.572 0.0000000000
126548  -2.269  37.478  -28.194 0.0000000000
126549  -2.111  37.059  -28.405 0.0000000000
126550  -2.266  37.057  -28.218 0.0000000000
127291  -2.429  38.917  -24.756 0.0000000000
127298  -1.366  38.818  -25.855 0.0000000000
127299  -1.998  38.607  -25.349 0.0000000000
127300  -3.232  38.670  -26.483 0.0000000000
127301  -3.782  37.977  -26.127 0.0000000000
127306  -0.584  38.685  -27.057 0.0000000000
127307  -0.921  38.531  -26.442 0.0000000000
127308  -2.546  38.773  -27.371 0.0000000000
127309  -2.808  38.096  -27.117 0.0000000000
127310  -3.227  37.771  -26.759 0.0000000000
127314  -0.650  38.426  -28.047 0.0000000000
127315  -2.360  38.388  -27.785 0.0000000000
127316  -2.583  37.922  -27.529 0.0000000000
127317  -1.183  38.533  -28.398 0.0000000000
127318  -1.756  38.528  -28.308 0.0000000000
127319  -2.127  38.486  -28.087 0.0000000000
128006  -2.396  39.642  -24.697 0.0000000000
128013  -1.299  39.593  -25.765 0.0000000000
128014  -1.827  39.595  -25.233 0.0000000000
128015  -3.192  39.374  -26.274 0.0000000000
128016  -3.724  39.371  -25.581 0.0000000000
128021  -0.517  39.486  -26.849 0.0000000000
128022  -0.845  39.494  -26.299 0.0000000000
128023  -2.543  39.401  -27.274 0.0000000000
128024  -2.779  39.361  -26.833 0.0000000000
128028  -0.489  39.473  -27.451 0.0000000000
128029  -2.370  39.406  -27.537 0.0000000000
128030  -0.773  39.485  -28.131 0.0000000000
128031  -1.285  39.511  -28.273 0.0000000000
128032  -1.926  39.478  -27.936 0.0000000000
128760  -1.709  40.841  -25.145 0.0000000000
128761  -2.278  40.532  -24.634 0.0000000000
128767  -0.679  40.774  -26.182 0.0000000000
128768  -1.211  40.488  -25.684 0.0000000000
128769  -1.775  40.204  -25.198 0.0000000000
128770  -3.085  40.045  -26.078 0.0000000000
128771  -3.659  40.595  -25.466 0.0000000000
128775  -0.520  40.343  -26.652 0.0000000000
128776  -0.810  40.097  -26.202 0.0000000000
128777  -2.552  40.026  -27.240 0.0000000000
128778  -2.720  40.474  -26.657 0.0000000000
128779  -0.556  40.437  -27.725 0.0000000000
128780  -2.270  40.327  -27.648 0.0000000000
128781  -0.870  40.451  -28.209 0.0000000000
128782  -1.430  40.460  -28.221 0.0000000000
128783  -1.939  40.664  -28.017 0.0000000000
129554  -1.629  41.493  -25.072 0.0000000000
129555  -2.166  41.427  -24.513 0.0000000000
129556  -3.573  41.858  -25.314 0.0000000000
129557  -4.081  41.312  -24.989 0.0000000000
129560  -0.622  41.523  -26.287 0.0000000000
129561  -1.077  41.436  -25.647 0.0000000000
129562  -2.585  41.824  -26.483 0.0000000000
129563  -3.043  41.169  -25.934 0.0000000000
129564  -3.630  41.235  -25.436 0.0000000000
129565  -0.419  41.444  -27.337 0.0000000000
129566  -2.400  41.156  -27.157 0.0000000000
129567  -2.652  41.137  -26.569 0.0000000000
129568  -0.647  41.390  -28.024 0.0000000000
129569  -1.677  41.671  -27.884 0.0000000000
129570  -2.096  41.170  -27.769 0.0000000000
129571  -1.022  41.302  -28.317 0.0000000000
129572  -1.559  41.220  -28.147 0.0000000000
129573  -1.894  41.189  -28.011 0.0000000000
130380  -1.546  42.761  -24.932 0.0000000000
130381  -2.116  42.190  -24.419 0.0000000000
130382  -3.496  42.881  -25.143 0.0000000000
130383  -4.113  42.286  -24.644 0.0000000000
130389  -0.579  42.939  -26.243 0.0000000000
130390  -1.046  42.261  -25.611 0.0000000000
130391  -2.604  42.890  -26.483 0.0000000000
130392  -2.973  42.325  -25.800 0.0000000000
130398  -0.349  42.587  -27.106 0.0000000000
130399  -2.269  42.389  -27.088 0.0000000000
130403  -0.485  42.403  -27.887 0.0000000000
130404  -1.586  42.550  -28.025 0.0000000000
130405  -1.865  41.980  -27.492 0.0000000000
130409  -0.804  42.226  -28.235 0.0000000000
130410  -1.248  41.999  -28.144 0.0000000000
131234  -2.604  43.787  -23.626 0.0000000000
131242  -1.479  43.883  -24.751 0.0000000000
131243  -2.091  43.300  -24.295 0.0000000000
131244  -3.519  44.004  -25.136 0.0000000000
131245  -4.053  43.442  -24.509 0.0000000000
131251  -0.586  44.105  -26.077 0.0000000000
131252  -1.024  43.428  -25.486 0.0000000000
131253  -2.576  43.948  -26.500 0.0000000000
131254  -2.991  43.438  -25.781 0.0000000000
131260  -0.304  43.748  -26.918 0.0000000000
131261  -2.311  43.473  -27.199 0.0000000000
131266  -0.416  43.477  -27.752 0.0000000000
131267  -1.578  43.534  -28.223 0.0000000000
131268  -1.963  43.020  -27.697 0.0000000000
131273  -0.690  43.231  -28.277 0.0000000000
131274  -1.149  42.929  -28.437 0.0000000000
132060  -2.622  44.692  -23.584 0.0000000000
132068  -1.538  44.769  -24.686 0.0000000000
132069  -2.084  44.466  -24.174 0.0000000000
132070  -3.574  44.945  -25.215 0.0000000000
132071  -4.154  44.685  -24.615 0.0000000000
132077  -0.641  45.112  -25.935 0.0000000000
132078  -1.063  44.620  -25.314 0.0000000000
132079  -2.501  44.796  -26.539 0.0000000000
132080  -2.975  44.624  -25.814 0.0000000000
132086  -0.416  44.808  -26.692 0.0000000000
132087  -2.277  44.511  -27.250 0.0000000000
132091  -0.454  44.557  -27.540 0.0000000000
132092  -1.568  44.526  -28.284 0.0000000000
132093  -1.975  44.073  -27.870 0.0000000000
132098  -0.697  44.304  -28.180 0.0000000000
132099  -1.099  43.969  -28.495 0.0000000000
132905  -2.388  45.304  -23.870 0.0000000000
132906  -2.917  45.522  -23.298 0.0000000000
132912  -1.325  45.372  -24.903 0.0000000000
132913  -1.854  45.534  -24.388 0.0000000000
132914  -3.846  45.602  -24.934 0.0000000000
132920  -0.619  45.749  -25.853 0.0000000000
132921  -0.897  45.697  -25.385 0.0000000000
132922  -2.691  45.427  -26.262 0.0000000000
132923  -3.299  45.799  -25.652 0.0000000000
132928  -0.507  45.719  -26.395 0.0000000000
132929  -2.352  45.473  -27.057 0.0000000000
132933  -0.477  45.597  -27.268 0.0000000000
132934  -1.578  44.999  -28.318 0.0000000000
132935  -1.927  45.272  -28.096 0.0000000000
132940  -0.708  45.373  -28.014 0.0000000000
132941  -1.219  45.165  -28.437 0.0000000000
132942  -1.529  45.793  -28.367 0.0000000000
133652  -2.705  47.001  -23.165 0.0000000000
133659  -1.661  46.889  -24.208 0.0000000000
133660  -2.319  46.304  -23.799 0.0000000000
133661  -2.841  46.302  -23.237 0.0000000000
133667  -0.842  46.779  -25.102 0.0000000000
133668  -1.296  46.263  -24.771 0.0000000000
133669  -1.815  46.255  -24.317 0.0000000000
133676  -0.609  46.494  -25.789 0.0000000000
133677  -0.870  46.301  -25.230 0.0000000000
133678  -2.590  46.414  -26.474 0.0000000000
133679  -3.205  46.832  -25.769 0.0000000000
133684  -0.476  46.573  -26.864 0.0000000000
133685  -2.161  46.326  -27.559 0.0000000000
133689  -0.697  46.482  -27.797 0.0000000000
133690  -1.098  46.602  -28.136 0.0000000000
133691  -1.598  46.309  -28.172 0.0000000000
133696  -0.933  45.959  -28.298 0.0000000000
133697  -1.296  45.994  -28.389 0.0000000000
133698  -1.536  46.053  -28.362 0.0000000000
134389  -2.606  47.904  -23.154 0.0000000000
134396  -1.440  47.693  -24.149 0.0000000000
134397  -2.055  47.553  -23.665 0.0000000000
134403  -0.637  47.625  -25.298 0.0000000000
134404  -1.081  47.265  -24.622 0.0000000000
134410  -0.481  47.547  -26.368 0.0000000000
134411  -2.688  47.683  -26.201 0.0000000000
134412  -3.371  47.540  -25.497 0.0000000000
134417  -0.553  47.550  -27.339 0.0000000000
134418  -2.134  47.295  -27.091 0.0000000000
134423  -0.919  47.523  -27.837 0.0000000000
134424  -1.319  47.290  -27.854 0.0000000000
134425  -1.735  46.985  -27.643 0.0000000000
135109  -2.887  48.622  -22.814 0.0000000000
135117  -1.526  48.347  -23.833 0.0000000000
135118  -2.100  48.704  -23.339 0.0000000000
135124  -0.572  48.458  -25.139 0.0000000000
135125  -0.903  48.403  -24.454 0.0000000000
135132  -0.475  48.495  -25.872 0.0000000000
135133  -2.593  48.544  -26.263 0.0000000000
135134  -3.131  48.564  -25.533 0.0000000000
135140  -0.412  48.523  -26.941 0.0000000000
135141  -1.629  48.869  -27.497 0.0000000000
135142  -2.036  48.549  -27.060 0.0000000000
135146  -0.751  48.543  -27.643 0.0000000000
135147  -1.290  48.574  -27.790 0.0000000000
135148  -1.671  47.752  -27.526 0.0000000000
135767  -2.802  49.865  -22.200 0.0000000000
135776  -1.747  49.879  -23.150 0.0000000000
135777  -2.336  49.593  -22.770 0.0000000000
135778  -3.076  49.271  -22.412 0.0000000000
135786  -0.733  49.781  -24.253 0.0000000000
135787  -1.283  49.402  -23.701 0.0000000000
135788  -1.870  49.404  -23.243 0.0000000000
135796  -0.537  49.349  -25.085 0.0000000000
135797  -0.812  49.220  -24.322 0.0000000000
135798  -2.680  49.971  -25.495 0.0000000000
135804  -0.431  49.465  -26.390 0.0000000000
135805  -2.452  49.323  -26.248 0.0000000000
135806  -2.932  49.325  -25.495 0.0000000000
135809  -0.640  49.470  -27.362 0.0000000000
135810  -1.544  49.424  -27.371 0.0000000000
135811  -2.003  49.277  -26.885 0.0000000000
135813  -0.919  49.471  -27.859 0.0000000000
135814  -1.175  49.467  -27.804 0.0000000000
136427  -2.942  50.442  -21.857 0.0000000000
136435  -1.875  50.486  -22.772 0.0000000000
136436  -2.413  50.477  -22.327 0.0000000000
136444  -0.841  50.477  -23.800 0.0000000000
136445  -1.371  50.476  -23.268 0.0000000000
136452  -0.581  50.547  -24.663 0.0000000000
136453  -2.373  50.785  -25.451 0.0000000000
136458  -0.445  50.505  -25.847 0.0000000000
136459  -1.679  50.861  -26.757 0.0000000000
136460  -1.955  50.503  -26.275 0.0000000000
136462  -0.597  50.441  -27.023 0.0000000000
136463  -1.501  50.521  -27.114 0.0000000000
136464  -1.853  49.791  -26.748 0.0000000000
136466  -0.837  50.312  -27.698 0.0000000000
136467  -1.075  50.325  -27.767 0.0000000000
137107  -3.389  51.576  -21.257 0.0000000000
137110  -2.510  51.362  -21.967 0.0000000000
137111  -3.155  51.091  -21.556 0.0000000000
137117  -1.467  51.398  -22.815 0.0000000000
137118  -2.052  51.128  -22.461 0.0000000000
137127  -0.580  51.596  -23.935 0.0000000000
137128  -0.992  51.166  -23.350 0.0000000000
137134  -0.535  51.678  -25.295 0.0000000000
137135  -2.477  51.612  -25.002 0.0000000000
137139  -0.510  51.607  -26.645 0.0000000000
137140  -1.547  51.567  -26.851 0.0000000000
137141  -1.949  51.402  -25.823 0.0000000000
137143  -0.710  51.292  -27.830 0.0000000000
137144  -1.213  51.221  -27.849 0.0000000000
137145  -0.911  50.711  -28.018 0.0000000000
137146  -0.888  50.949  -28.017 0.0000000000
137813  -2.600  52.858  -21.272 0.0000000000
137814  -3.157  52.477  -21.087 0.0000000000
137815  -4.155  52.564  -20.413 0.0000000000
137818  -1.589  52.952  -21.989 0.0000000000
137819  -2.164  52.640  -21.689 0.0000000000
137820  -2.873  51.837  -21.508 0.0000000000
137822  -0.755  53.028  -22.800 0.0000000000
137823  -1.221  52.722  -22.475 0.0000000000
137824  -1.921  51.876  -22.330 0.0000000000
137831  -0.661  52.766  -23.305 0.0000000000
137832  -0.943  51.926  -23.140 0.0000000000
137835  -0.560  52.793  -24.576 0.0000000000
137836  -2.486  52.757  -24.731 0.0000000000
137837  0.192  53.590  -26.404 0.0000000000
137838  0.095  53.068  -26.045 0.0000000000
137839  -1.836  52.702  -27.055 0.0000000000
137840  -2.018  52.655  -25.890 0.0000000000
137842  0.223  53.472  -26.886 0.0000000000
137843  -0.247  52.656  -27.512 0.0000000000
137844  -1.361  52.669  -28.036 0.0000000000
137845  -0.135  53.414  -27.584 0.0000000000
137846  -0.599  53.363  -28.059 0.0000000000
137847  -1.133  53.722  -28.294 0.0000000000
138523  -2.479  53.420  -21.044 0.0000000000
138524  -3.444  53.345  -20.557 0.0000000000
138525  -4.037  53.297  -20.298 0.0000000000
138528  -1.456  53.469  -21.839 0.0000000000
138529  -1.940  53.333  -21.437 0.0000000000
138532  -0.802  53.613  -22.870 0.0000000000
138533  -1.071  53.563  -22.373 0.0000000000
138540  -0.737  53.735  -23.856 0.0000000000
138541  -2.688  53.747  -24.135 0.0000000000
138543  -0.425  53.999  -24.932 0.0000000000
138544  -2.125  54.530  -25.520 0.0000000000
138545  -2.148  53.649  -25.094 0.0000000000
138546  0.232  54.293  -26.095 0.0000000000
138547  -0.019  54.183  -25.568 0.0000000000
138548  -2.071  53.920  -26.798 0.0000000000
138549  -2.124  53.697  -25.836 0.0000000000
138550  -0.171  54.206  -27.053 0.0000000000
138551  -0.505  54.574  -27.230 0.0000000000
138552  -1.526  54.098  -27.813 0.0000000000
138553  -0.399  53.714  -27.726 0.0000000000
138554  -0.700  54.202  -27.838 0.0000000000
138555  -1.180  54.210  -28.028 0.0000000000
139228  -3.446  54.748  -19.927 0.0000000000
139229  -3.950  54.470  -19.802 0.0000000000
139233  -1.563  54.572  -21.090 0.0000000000
139234  -1.885  54.399  -20.873 0.0000000000
139235  -3.019  54.466  -20.310 0.0000000000
139236  -3.834  53.817  -20.204 0.0000000000
139239  -1.438  54.411  -21.456 0.0000000000
139240  -1.781  53.788  -21.268 0.0000000000
139243  -0.931  54.138  -22.861 0.0000000000
139244  -1.155  54.413  -22.533 0.0000000000
139251  -1.007  54.317  -23.307 0.0000000000
139252  -1.604  54.983  -23.609 0.0000000000
139253  -2.175  54.926  -23.883 0.0000000000
139256  -1.021  54.812  -24.432 0.0000000000
139257  -1.678  55.370  -24.798 0.0000000000
139258  -2.109  54.510  -24.669 0.0000000000
139259  0.167  55.322  -25.651 0.0000000000
139260  -0.059  55.294  -25.116 0.0000000000
139261  -2.016  55.505  -25.929 0.0000000000
139262  0.142  55.257  -26.191 0.0000000000
139263  -0.302  55.144  -26.761 0.0000000000
139264  -1.564  55.065  -26.844 0.0000000000
139265  -0.722  54.929  -27.203 0.0000000000
139266  -1.119  54.831  -27.409 0.0000000000
139890  -2.564  55.856  -19.824 0.0000000000
139891  -3.373  55.293  -19.682 0.0000000000
139892  -4.296  55.143  -19.302 0.0000000000
139896  -1.498  54.934  -21.078 0.0000000000
139897  -2.043  55.364  -20.571 0.0000000000
139898  -2.712  55.236  -20.060 0.0000000000
139901  -1.556  55.344  -21.917 0.0000000000
139902  -1.637  55.482  -21.256 0.0000000000
139907  -1.577  55.444  -22.915 0.0000000000
139912  -1.908  55.638  -23.576 0.0000000000
139913  -2.465  55.440  -23.499 0.0000000000
139916  -0.605  56.238  -24.954 0.0000000000
139917  -1.330  56.392  -25.387 0.0000000000
139918  0.037  56.163  -25.451 0.0000000000
139919  -0.058  56.299  -25.015 0.0000000000
139920  -1.429  56.190  -26.173 0.0000000000
139921  0.015  56.072  -26.196 0.0000000000
139922  -0.629  55.782  -26.766 0.0000000000
139923  -1.135  55.709  -26.831 0.0000000000
139924  -0.883  55.231  -27.136 0.0000000000
139925  -0.977  55.444  -27.070 0.0000000000
140521  -3.539  56.888  -18.790 0.0000000000
140522  -4.161  56.714  -18.553 0.0000000000
140527  -2.506  56.494  -19.716 0.0000000000
140528  -3.167  56.544  -19.222 0.0000000000
140529  -3.964  55.916  -19.193 0.0000000000
140532  -2.173  56.415  -20.356 0.0000000000
140535  -1.767  55.832  -22.023 0.0000000000
140536  -1.888  56.236  -21.656 0.0000000000
140541  -1.769  55.916  -22.464 0.0000000000
140542  -1.889  56.686  -22.851 0.0000000000
140543  -2.735  56.583  -23.006 0.0000000000
140549  -1.816  55.989  -23.138 0.0000000000
140550  -2.161  56.074  -23.359 0.0000000000
140551  -2.714  55.798  -23.296 0.0000000000
140556  -0.496  56.852  -25.230 0.0000000000
140557  -0.150  56.184  -25.495 0.0000000000
140560  -0.029  56.575  -25.342 0.0000000000
140561  -0.210  56.703  -25.331 0.0000000000
140562  -0.804  56.732  -25.719 0.0000000000
140563  -0.068  56.508  -25.539 0.0000000000
140564  -0.398  56.523  -25.934 0.0000000000
140565  -0.914  56.381  -26.324 0.0000000000
141143  -3.770  57.766  -18.085 0.0000000000
141149  -2.635  57.633  -19.009 0.0000000000
141150  -3.326  57.404  -18.632 0.0000000000
141151  -3.937  57.351  -18.319 0.0000000000
141155  -2.404  57.231  -19.723 0.0000000000
141156  -2.842  57.176  -19.100 0.0000000000
141159  -2.139  57.379  -21.005 0.0000000000
141161  -1.029  58.569  -22.767 0.0000000000
141162  -1.693  57.811  -22.226 0.0000000000
141164  -1.073  58.963  -23.375 0.0000000000
141165  -1.919  58.162  -23.043 0.0000000000
141166  -3.591  57.624  -22.578 0.0000000000
141170  -1.175  59.313  -23.291 0.0000000000
141171  -1.532  59.106  -23.266 0.0000000000
141737  -3.046  58.953  -17.817 0.0000000000
141742  -2.641  58.358  -18.529 0.0000000000
141743  -3.314  58.178  -18.107 0.0000000000
141747  -1.999  58.958  -19.806 0.0000000000
141748  -2.324  58.206  -19.383 0.0000000000
141751  -1.728  58.899  -20.893 0.0000000000
141752  -2.141  58.180  -20.394 0.0000000000
141754  -1.090  58.772  -21.985 0.0000000000
141755  -1.765  58.256  -21.384 0.0000000000
141758  -0.727  59.183  -22.722 0.0000000000
141759  -1.947  59.177  -23.016 0.0000000000
141760  -3.077  58.664  -22.595 0.0000000000
141764  -0.994  59.461  -23.143 0.0000000000
141765  -1.383  59.310  -23.197 0.0000000000
142295  -2.834  59.807  -17.689 0.0000000000
142300  -2.055  59.937  -18.462 0.0000000000
142301  -2.250  59.478  -18.235 0.0000000000
142305  -1.975  59.732  -19.056 0.0000000000
142306  -2.119  58.905  -18.936 0.0000000000
142310  -1.784  59.748  -20.199 0.0000000000
142311  -1.877  59.928  -20.665 0.0000000000
142312  -2.272  59.969  -20.777 0.0000000000
142313  -2.967  59.958  -20.816 0.0000000000
142316  -1.675  59.266  -21.294 0.0000000000
142317  -1.852  59.437  -21.447 0.0000000000
142318  -2.494  59.499  -21.476 0.0000000000
142319  -3.522  59.567  -21.409 0.0000000000
142322  -1.157  59.325  -22.133 0.0000000000
142323  -1.741  59.320  -22.287 0.0000000000
142324  -2.790  59.214  -22.214 0.0000000000
142325  -4.053  59.277  -22.380 0.0000000000
142327  -1.068  59.438  -22.711 0.0000000000
142328  -1.366  59.422  -22.971 0.0000000000
142874  -2.061  60.856  -18.118 0.0000000000
142875  -2.299  60.443  -17.899 0.0000000000
142876  -3.020  60.531  -17.357 0.0000000000
142879  -1.949  60.481  -18.498 0.0000000000
142880  -2.105  60.068  -18.235 0.0000000000
142883  -1.764  60.567  -19.398 0.0000000000
142886  -1.712  60.634  -20.091 0.0000000000
142887  -2.020  60.714  -20.324 0.0000000000
142888  -2.715  60.766  -20.421 0.0000000000
142889  -3.852  60.483  -20.581 0.0000000000
143370  -2.447  61.965  -17.108 0.0000000000
143371  -2.931  61.474  -16.922 0.0000000000
143375  -1.923  61.007  -18.281 0.0000000000
143376  -2.123  61.467  -17.826 0.0000000000
143377  -2.570  60.982  -17.501 0.0000000000
143380  -1.719  61.233  -18.764 0.0000000000
143381  -1.742  61.931  -18.617 0.0000000000
143383  -1.645  61.355  -19.650 0.0000000000
143384  -1.748  61.802  -19.946 0.0000000000
143385  -3.564  61.971  -20.284 0.0000000000
143386  -3.812  61.981  -20.245 0.0000000000
143389  -1.777  61.266  -20.070 0.0000000000
143390  -2.154  61.709  -20.204 0.0000000000
143391  -3.316  61.822  -20.282 0.0000000000
143853  -3.176  62.955  -16.207 0.0000000000
143860  -2.296  62.385  -17.373 0.0000000000
143861  -2.797  62.610  -16.591 0.0000000000
143865  -2.157  62.532  -18.228 0.0000000000
143868  -1.656  61.816  -19.208 0.0000000000
143869  -1.862  62.570  -19.251 0.0000000000
143872  -1.699  62.017  -19.676 0.0000000000
143873  -1.839  62.641  -20.023 0.0000000000
143874  -3.653  62.200  -20.280 0.0000000000
143878  -2.475  62.829  -20.327 0.0000000000
143879  -3.512  62.872  -20.314 0.0000000000
144372  -2.372  63.839  -16.656 0.0000000000
144373  -2.808  63.486  -16.121 0.0000000000
144381  -2.455  63.430  -17.489 0.0000000000
144382  -2.489  63.271  -16.638 0.0000000000
144385  -2.289  63.544  -18.847 0.0000000000
144387  -1.933  63.664  -19.795 0.0000000000
144389  -2.082  63.827  -20.257 0.0000000000
144391  -2.786  63.977  -20.457 0.0000000000
144892  -3.242  64.842  -14.903 0.0000000000
144896  -2.102  65.179  -16.471 0.0000000000
144897  -2.066  64.554  -16.159 0.0000000000
144898  -2.760  64.486  -15.513 0.0000000000
144906  -2.332  65.412  -16.849 0.0000000000
144907  -2.516  64.805  -17.184 0.0000000000
144910  -2.549  64.595  -18.503 0.0000000000
144914  -2.086  64.609  -19.531 0.0000000000
144918  -1.922  64.721  -20.162 0.0000000000
144920  -2.240  64.916  -20.516 0.0000000000
144921  -3.011  65.102  -20.777 0.0000000000
145357  -3.767  65.722  -12.811 0.0000000000
145374  -3.654  65.547  -13.770 0.0000000000
145390  -2.194  65.702  -14.936 0.0000000000
145391  -2.951  65.594  -14.564 0.0000000000
145402  -1.688  65.564  -16.101 0.0000000000
145403  -1.958  65.385  -15.502 0.0000000000
145404  -2.575  65.184  -15.090 0.0000000000
145415  -2.132  65.891  -16.633 0.0000000000
145416  -2.490  65.901  -17.378 0.0000000000
145423  -2.588  65.682  -18.377 0.0000000000
145429  -2.119  65.529  -19.374 0.0000000000
145436  -1.788  65.472  -20.017 0.0000000000
145437  -2.747  66.418  -20.325 0.0000000000
145442  -1.923  65.592  -20.372 0.0000000000
145443  -2.315  65.915  -20.618 0.0000000000
145444  -3.307  65.954  -20.712 0.0000000000
145793  -2.273  66.625  -10.959 0.0000000000
145802  -2.676  66.533  -11.571 0.0000000000
145803  -3.170  66.003  -11.784 0.0000000000
145810  -2.742  66.853  -12.145 0.0000000000
145811  -3.178  66.406  -12.338 0.0000000000
145818  -2.591  66.739  -13.824 0.0000000000
145819  -3.182  66.501  -13.295 0.0000000000
145828  -1.329  66.665  -14.851 0.0000000000
145829  -2.161  66.455  -14.476 0.0000000000
145830  -2.976  66.225  -14.036 0.0000000000
145842  -1.410  66.407  -15.580 0.0000000000
145843  -1.676  66.055  -15.048 0.0000000000
145854  -1.744  66.612  -16.441 0.0000000000
145855  -2.196  66.828  -17.274 0.0000000000
145861  -2.599  66.769  -18.275 0.0000000000
145862  -3.022  67.012  -18.412 0.0000000000
145866  -2.219  66.293  -19.373 0.0000000000
145867  -2.660  66.636  -19.460 0.0000000000
145872  -1.781  66.094  -20.007 0.0000000000
145873  -2.049  66.498  -20.190 0.0000000000
145877  -1.799  65.898  -20.258 0.0000000000
145878  -1.867  66.103  -20.389 0.0000000000
146201  -1.763  68.438  -10.814 0.0000000000
146202  -2.202  67.837  -10.709 0.0000000000
146210  -1.640  68.249  -10.956 0.0000000000
146211  -2.045  67.671  -11.328 0.0000000000
146214  -2.352  67.433  -12.194 0.0000000000
146215  -2.731  67.002  -12.553 0.0000000000
146218  -1.683  67.797  -13.513 0.0000000000
146219  -2.339  67.356  -13.263 0.0000000000
146220  -2.926  66.867  -12.859 0.0000000000
146222  -1.456  67.429  -14.138 0.0000000000
146223  -2.169  67.048  -13.981 0.0000000000
146229  -0.960  67.442  -15.147 0.0000000000
146236  -1.441  67.697  -16.326 0.0000000000
146237  -1.809  67.558  -17.105 0.0000000000
146243  -1.429  68.404  -17.595 0.0000000000
146244  -1.754  68.034  -18.105 0.0000000000
146245  -2.487  67.757  -18.044 0.0000000000
146249  -1.035  68.563  -18.463 0.0000000000
146250  -1.125  68.520  -18.708 0.0000000000
146599  -1.405  68.856  -10.835 0.0000000000
146600  -1.975  68.823  -10.645 0.0000000000
146601  -2.736  68.653  -10.364 0.0000000000
146610  -1.304  68.683  -11.354 0.0000000000
146611  -1.753  68.195  -11.939 0.0000000000
146615  -0.678  69.304  -12.294 0.0000000000
146616  -1.108  68.862  -12.248 0.0000000000
146617  -1.814  68.095  -12.713 0.0000000000
146620  -0.668  69.217  -12.792 0.0000000000
146621  -1.225  68.407  -13.349 0.0000000000
146622  -1.779  67.938  -13.219 0.0000000000
146625  -0.580  69.102  -13.595 0.0000000000
146626  -0.770  68.545  -14.480 0.0000000000
146629  -1.170  68.641  -15.743 0.0000000000
146634  -1.282  68.950  -17.008 0.0000000000
146635  -2.325  69.289  -17.962 0.0000000000
146640  -0.735  69.069  -18.119 0.0000000000
146641  -2.092  68.696  -18.280 0.0000000000
146642  -2.666  68.254  -17.847 0.0000000000
146646  -0.900  68.951  -18.719 0.0000000000
146647  -1.307  68.729  -18.668 0.0000000000
146956  -3.266  69.332  -10.140 0.0000000000
146971  -0.538  69.876  -11.124 0.0000000000
146972  -0.758  69.555  -10.978 0.0000000000
146973  -1.540  69.609  -10.674 0.0000000000
146974  -2.512  69.662  -10.423 0.0000000000
146983  -0.464  69.893  -11.386 0.0000000000
146984  -0.720  69.355  -11.640 0.0000000000
146987  -0.403  69.769  -12.182 0.0000000000
146988  -0.694  69.339  -12.043 0.0000000000
146990  -0.461  69.871  -13.198 0.0000000000
146993  -0.705  69.774  -14.260 0.0000000000
146994  -0.988  69.632  -15.337 0.0000000000
146997  -1.146  69.746  -16.402 0.0000000000
147002  -0.920  69.918  -17.551 0.0000000000
147003  -2.458  69.904  -17.439 0.0000000000
147008  -0.964  69.760  -18.428 0.0000000000
147009  -1.707  69.634  -18.348 0.0000000000
147013  -1.196  69.259  -18.754 0.0000000000
147014  -1.539  69.092  -18.602 0.0000000000
147267  -3.459  70.254  -10.126 0.0000000000
147280  -0.552  70.182  -11.179 0.0000000000
147281  -1.108  70.436  -10.909 0.0000000000
147282  -1.930  70.454  -10.651 0.0000000000
147283  -2.768  70.626  -10.512 0.0000000000
147290  -0.434  70.657  -11.787 0.0000000000
147291  -0.784  70.836  -11.394 0.0000000000
147295  -0.537  70.735  -12.723 0.0000000000
147298  -0.726  70.798  -13.841 0.0000000000
147302  -0.845  70.838  -15.292 0.0000000000
147303  -1.056  70.303  -15.943 0.0000000000
147306  -0.937  71.400  -16.027 0.0000000000
147307  -0.945  70.865  -16.668 0.0000000000
147308  -2.247  71.381  -16.328 0.0000000000
147311  -1.280  70.751  -17.744 0.0000000000
147312  -2.036  71.067  -17.324 0.0000000000
147316  -1.383  70.210  -18.234 0.0000000000
147317  -1.776  70.399  -17.945 0.0000000000
147537  -1.628  70.957  -10.904 0.0000000000
147538  -2.335  71.446  -10.913 0.0000000000
147539  -3.493  71.399  -10.381 0.0000000000
147543  -0.711  71.575  -11.826 0.0000000000
147544  -1.376  71.522  -11.342 0.0000000000
147545  -1.974  71.915  -11.303 0.0000000000
147550  -0.571  71.595  -12.420 0.0000000000
147554  -0.580  71.727  -13.345 0.0000000000
147557  -0.682  71.820  -14.528 0.0000000000
147558  -2.114  72.078  -15.772 0.0000000000
147559  -0.844  71.880  -15.574 0.0000000000
147560  -1.123  71.790  -16.322 0.0000000000
147561  -1.719  71.796  -16.577 0.0000000000
147562  -1.259  71.456  -17.096 0.0000000000
147563  -1.557  71.334  -17.280 0.0000000000
147751  -2.383  72.217  -11.289 0.0000000000
147752  -3.126  72.543  -11.075 0.0000000000
147756  -0.698  72.206  -12.324 0.0000000000
147757  -1.087  72.567  -12.105 0.0000000000
147758  -1.902  72.550  -11.628 0.0000000000
147759  -2.528  72.704  -11.446 0.0000000000
147763  -0.597  72.617  -12.936 0.0000000000
147764  -0.814  72.692  -12.532 0.0000000000
147770  -0.613  72.647  -13.938 0.0000000000
147773  -0.893  72.772  -15.097 0.0000000000
147774  -1.642  72.990  -15.194 0.0000000000
147775  -2.078  72.863  -15.209 0.0000000000
147776  -1.017  72.250  -15.767 0.0000000000
147777  -1.385  72.306  -15.783 0.0000000000
147778  -1.794  72.392  -15.715 0.0000000000
147923  -3.336  73.466  -11.243 0.0000000000
147927  -1.204  73.112  -12.408 0.0000000000
147928  -1.604  73.412  -12.234 0.0000000000
147929  -2.627  73.545  -11.712 0.0000000000
147932  -0.705  73.123  -13.042 0.0000000000
147933  -1.029  73.411  -12.843 0.0000000000
147934  -1.682  74.239  -12.743 0.0000000000
147940  -0.755  73.230  -13.457 0.0000000000
147941  -1.214  73.916  -13.829 0.0000000000
147945  -0.881  73.360  -14.245 0.0000000000
147946  -1.505  73.733  -14.608 0.0000000000
147947  -2.114  73.838  -14.803 0.0000000000
148067  -2.150  74.306  -12.342 0.0000000000
148070  -1.670  74.723  -13.380 0.0000000000
148076  -1.818  74.619  -14.193 0.0000000000
148077  -2.430  74.581  -14.328 0.0000000000
148080  -2.000  74.286  -14.595 0.0000000000
148081  -2.241  74.236  -14.568 0.0000000000
148169  -2.237  75.042  -14.089 0.0000000000
148844  -5.066  34.183  -27.892 0.0000000000
148845  -4.816  34.246  -27.979 0.0000000000
148846  -4.534  34.140  -28.061 0.0000000000
