#!ascii label  , from subject ab_data vox2ras=TkReg
1568
116320  -39.399  26.236  12.740 0.0000000000
116321  -39.964  26.047  12.498 0.0000000000
116335  -40.233  26.359  12.087 0.0000000000
116336  -40.671  26.087  11.906 0.0000000000
116350  -41.189  26.097  11.383 0.0000000000
116351  -41.819  25.775  11.022 0.0000000000
116363  -42.336  25.800  10.380 0.0000000000
116364  -43.066  25.592  9.993 0.0000000000
116376  -43.561  25.729  9.342 0.0000000000
116458  -44.299  25.590  -1.170 0.0000000000
116459  -45.275  25.715  -1.131 0.0000000000
116460  -45.929  25.804  -0.810 0.0000000000
116464  -44.013  26.150  -1.469 0.0000000000
116465  -44.621  26.201  -1.709 0.0000000000
116466  -45.021  26.297  -1.921 0.0000000000
117179  -39.048  26.428  12.868 0.0000000000
117189  -38.845  26.925  12.801 0.0000000000
117190  -39.421  26.729  12.453 0.0000000000
117191  -39.951  26.568  12.172 0.0000000000
117200  -39.787  26.971  12.050 0.0000000000
117201  -40.261  26.758  11.732 0.0000000000
117202  -40.796  26.479  11.404 0.0000000000
117211  -40.616  26.925  11.210 0.0000000000
117212  -41.196  26.603  10.805 0.0000000000
117213  -41.836  26.237  10.397 0.0000000000
117221  -41.605  26.752  10.141 0.0000000000
117222  -42.257  26.394  9.729 0.0000000000
117223  -42.952  26.067  9.302 0.0000000000
117233  -42.672  26.626  9.088 0.0000000000
117234  -43.433  26.370  8.695 0.0000000000
117246  -43.876  26.764  8.093 0.0000000000
117279  -46.354  26.785  3.881 0.0000000000
117289  -45.571  26.760  3.268 0.0000000000
117290  -46.091  26.664  3.420 0.0000000000
117300  -45.494  26.693  2.759 0.0000000000
117301  -46.315  26.334  2.213 0.0000000000
117310  -45.250  26.708  1.558 0.0000000000
117311  -46.289  26.264  0.975 0.0000000000
117317  -45.390  26.735  0.289 0.0000000000
117318  -46.080  26.283  -0.100 0.0000000000
117319  -46.284  25.920  -0.371 0.0000000000
117324  -43.524  26.704  -1.391 0.0000000000
117325  -45.488  26.772  -0.570 0.0000000000
117326  -45.644  26.357  -0.997 0.0000000000
117327  -46.130  25.850  -0.649 0.0000000000
117331  -44.089  26.838  -2.013 0.0000000000
117332  -44.782  26.756  -2.236 0.0000000000
117333  -45.219  26.790  -2.095 0.0000000000
117337  -44.462  27.328  -2.436 0.0000000000
117338  -44.947  27.341  -2.627 0.0000000000
117339  -45.118  27.429  -2.599 0.0000000000
118008  -38.583  27.580  13.188 0.0000000000
118019  -39.079  27.447  12.607 0.0000000000
118020  -39.508  27.447  12.225 0.0000000000
118028  -39.905  27.466  11.840 0.0000000000
118029  -40.305  27.476  11.432 0.0000000000
118036  -40.734  27.490  10.897 0.0000000000
118037  -41.263  27.419  10.304 0.0000000000
118043  -41.741  27.288  9.734 0.0000000000
118044  -42.236  27.264  9.274 0.0000000000
118051  -42.722  27.269  8.766 0.0000000000
118052  -43.271  27.326  8.326 0.0000000000
118059  -43.831  27.465  7.756 0.0000000000
118060  -44.686  27.450  7.141 0.0000000000
118070  -45.074  27.749  6.601 0.0000000000
118071  -45.880  27.643  6.256 0.0000000000
118082  -45.181  27.814  5.200 0.0000000000
118083  -45.764  27.723  5.368 0.0000000000
118094  -44.322  27.763  4.593 0.0000000000
118095  -44.886  27.643  4.747 0.0000000000
118096  -46.139  27.080  4.276 0.0000000000
118104  -44.214  27.597  4.158 0.0000000000
118105  -45.164  27.014  3.598 0.0000000000
118106  -45.783  26.882  3.794 0.0000000000
118113  -44.041  27.517  3.159 0.0000000000
118114  -44.660  27.054  2.489 0.0000000000
118122  -43.998  27.728  2.167 0.0000000000
118123  -44.469  27.344  1.659 0.0000000000
118129  -44.134  27.917  1.419 0.0000000000
118130  -44.561  27.541  0.704 0.0000000000
118134  -42.950  27.669  -1.320 0.0000000000
118135  -43.483  27.388  -1.826 0.0000000000
118136  -45.012  27.635  -0.571 0.0000000000
118137  -45.401  27.203  -1.222 0.0000000000
118140  -43.047  28.000  -1.909 0.0000000000
118141  -43.736  27.790  -2.313 0.0000000000
118142  -45.205  28.039  -1.668 0.0000000000
118143  -45.324  27.294  -1.936 0.0000000000
118147  -44.436  27.953  -2.677 0.0000000000
118148  -45.068  28.070  -2.544 0.0000000000
118149  -45.206  27.370  -2.379 0.0000000000
118775  -38.897  28.709  13.858 0.0000000000
118776  -39.643  29.247  13.516 0.0000000000
118782  -39.091  28.155  12.808 0.0000000000
118783  -39.476  28.904  12.915 0.0000000000
118795  -39.321  27.833  12.429 0.0000000000
118796  -39.698  28.251  12.127 0.0000000000
118797  -40.114  28.864  11.897 0.0000000000
118804  -40.058  27.899  11.677 0.0000000000
118805  -40.402  28.365  11.389 0.0000000000
118813  -41.029  28.187  10.612 0.0000000000
118814  -41.636  28.158  9.965 0.0000000000
118815  -42.018  28.688  9.873 0.0000000000
118823  -41.988  27.762  9.526 0.0000000000
118824  -42.456  28.258  9.269 0.0000000000
118825  -42.907  28.771  9.051 0.0000000000
118833  -42.897  27.813  8.674 0.0000000000
118834  -43.210  28.357  8.431 0.0000000000
118841  -43.810  28.357  7.373 0.0000000000
118842  -44.467  28.104  6.770 0.0000000000
118849  -43.927  28.576  6.537 0.0000000000
118850  -44.870  28.238  6.187 0.0000000000
118851  -45.383  27.999  5.779 0.0000000000
118859  -44.011  28.509  5.736 0.0000000000
118860  -44.895  28.017  5.419 0.0000000000
118861  -45.351  27.915  5.545 0.0000000000
118872  -43.976  28.083  4.821 0.0000000000
118873  -44.551  27.910  5.021 0.0000000000
118884  -43.508  28.196  3.743 0.0000000000
118896  -43.545  28.396  2.663 0.0000000000
118901  -34.685  28.827  2.288 0.0000000000
118902  -35.265  28.556  1.633 0.0000000000
118903  -36.125  28.229  1.255 0.0000000000
118904  -37.034  28.186  0.922 0.0000000000
118905  -38.045  28.477  0.688 0.0000000000
118909  -43.833  28.552  1.721 0.0000000000
118914  -35.659  28.513  0.823 0.0000000000
118915  -36.297  28.410  0.289 0.0000000000
118916  -37.124  28.357  -0.028 0.0000000000
118917  -38.093  28.483  -0.242 0.0000000000
118918  -39.155  28.557  -0.388 0.0000000000
118921  -42.160  28.385  -1.133 0.0000000000
118922  -44.136  28.521  0.896 0.0000000000
118923  -44.370  28.576  -0.038 0.0000000000
118928  -36.660  28.526  -0.430 0.0000000000
118929  -37.278  28.554  -0.796 0.0000000000
118930  -38.226  28.600  -0.890 0.0000000000
118931  -39.193  28.619  -1.028 0.0000000000
118932  -40.221  28.719  -1.173 0.0000000000
118933  -41.267  28.752  -1.390 0.0000000000
118934  -42.307  28.496  -1.639 0.0000000000
118935  -44.763  28.860  -1.040 0.0000000000
118939  -37.687  28.719  -1.134 0.0000000000
118940  -38.388  28.776  -1.251 0.0000000000
118941  -39.292  28.869  -1.400 0.0000000000
118942  -40.297  28.968  -1.552 0.0000000000
118943  -41.417  28.946  -1.745 0.0000000000
118944  -42.809  28.677  -2.092 0.0000000000
118945  -43.775  28.451  -2.534 0.0000000000
118946  -44.883  29.064  -1.957 0.0000000000
118951  -43.499  28.941  -2.514 0.0000000000
118952  -44.228  28.793  -2.646 0.0000000000
118953  -44.522  29.179  -2.363 0.0000000000
119597  -39.224  29.482  14.624 0.0000000000
119598  -40.207  29.632  14.045 0.0000000000
119599  -41.026  29.930  14.031 0.0000000000
119601  -40.152  29.465  13.049 0.0000000000
119602  -41.174  29.951  13.373 0.0000000000
119603  -41.826  30.287  13.138 0.0000000000
119615  -39.945  29.083  12.351 0.0000000000
119616  -40.710  29.483  11.985 0.0000000000
119617  -41.990  30.134  12.368 0.0000000000
119618  -42.699  30.283  12.126 0.0000000000
119630  -41.039  28.958  10.888 0.0000000000
119631  -41.756  29.513  11.154 0.0000000000
119632  -42.836  30.014  11.369 0.0000000000
119633  -43.494  30.194  11.052 0.0000000000
119641  -41.343  28.559  10.459 0.0000000000
119642  -41.676  28.903  10.369 0.0000000000
119643  -42.476  29.270  10.083 0.0000000000
119644  -43.335  29.995  10.335 0.0000000000
119652  -42.767  28.949  9.388 0.0000000000
119653  -43.181  29.475  9.150 0.0000000000
119661  -43.299  29.307  7.947 0.0000000000
119669  -42.734  29.846  6.355 0.0000000000
119670  -43.283  29.217  6.967 0.0000000000
119677  -42.841  29.644  5.465 0.0000000000
119678  -43.269  29.089  6.074 0.0000000000
119684  -42.957  29.456  4.794 0.0000000000
119685  -43.259  28.901  5.231 0.0000000000
119692  -42.980  29.683  4.259 0.0000000000
119693  -43.124  28.959  4.284 0.0000000000
119699  -43.091  29.629  3.777 0.0000000000
119700  -43.242  29.305  3.192 0.0000000000
119706  -43.691  29.459  2.125 0.0000000000
119710  -34.780  29.074  1.701 0.0000000000
119711  -35.260  28.891  0.976 0.0000000000
119712  -44.171  29.414  1.210 0.0000000000
119713  -44.569  29.822  0.656 0.0000000000
119717  -35.813  28.802  0.326 0.0000000000
119718  -36.292  28.731  -0.256 0.0000000000
119719  -44.310  29.238  0.487 0.0000000000
119720  -44.680  29.761  -0.169 0.0000000000
119725  -36.721  28.688  -0.819 0.0000000000
119726  -37.245  28.754  -1.189 0.0000000000
119727  -37.761  28.993  -1.386 0.0000000000
119728  -44.823  30.025  -1.202 0.0000000000
119732  -37.839  28.840  -1.302 0.0000000000
119733  -38.519  28.999  -1.499 0.0000000000
119734  -39.453  29.097  -1.586 0.0000000000
119735  -40.426  29.207  -1.672 0.0000000000
119736  -41.603  29.251  -1.847 0.0000000000
119737  -42.912  29.379  -2.056 0.0000000000
119738  -43.726  29.887  -2.211 0.0000000000
119739  -44.466  30.068  -2.004 0.0000000000
119743  -43.741  29.323  -2.489 0.0000000000
119744  -44.215  29.496  -2.430 0.0000000000
119745  -44.397  29.586  -2.303 0.0000000000
120378  -40.013  30.178  14.565 0.0000000000
120379  -41.063  30.279  14.199 0.0000000000
120380  -41.478  30.664  14.074 0.0000000000
120383  -41.321  30.151  13.915 0.0000000000
120384  -41.946  30.561  13.564 0.0000000000
120385  -43.135  30.910  13.244 0.0000000000
120386  -43.556  31.152  13.141 0.0000000000
120392  -42.182  30.392  12.999 0.0000000000
120393  -42.893  30.490  12.678 0.0000000000
120394  -44.027  31.019  12.736 0.0000000000
120395  -44.735  31.374  12.297 0.0000000000
120408  -43.055  30.338  12.002 0.0000000000
120409  -43.727  30.504  11.730 0.0000000000
120410  -44.634  31.097  11.867 0.0000000000
120418  -43.939  30.465  10.684 0.0000000000
120419  -44.497  30.978  10.977 0.0000000000
120427  -43.896  30.724  9.556 0.0000000000
120428  -44.303  30.965  10.321 0.0000000000
120435  -43.329  30.402  8.286 0.0000000000
120441  -42.882  30.670  6.512 0.0000000000
120442  -42.863  30.130  7.277 0.0000000000
120449  -43.000  30.602  5.614 0.0000000000
120450  -43.471  31.083  5.257 0.0000000000
120457  -43.019  30.201  4.639 0.0000000000
120458  -43.532  30.877  4.718 0.0000000000
120465  -43.249  30.157  3.783 0.0000000000
120466  -43.648  30.687  3.896 0.0000000000
120473  -43.256  29.972  3.349 0.0000000000
120474  -43.952  30.546  2.798 0.0000000000
120475  -44.973  31.034  2.491 0.0000000000
120480  -34.763  29.842  1.905 0.0000000000
120481  -35.771  30.301  1.293 0.0000000000
120482  -36.270  30.470  1.090 0.0000000000
120483  -44.465  30.182  1.624 0.0000000000
120484  -45.315  30.947  1.863 0.0000000000
120485  -45.714  31.481  1.537 0.0000000000
120489  -35.101  29.248  1.272 0.0000000000
120490  -35.631  29.356  0.637 0.0000000000
120491  -36.535  30.067  0.498 0.0000000000
120492  -37.684  30.313  0.221 0.0000000000
120493  -38.829  30.403  0.305 0.0000000000
120494  -40.006  30.414  0.502 0.0000000000
120495  -41.126  30.653  0.620 0.0000000000
120496  -41.739  30.762  0.692 0.0000000000
120497  -44.583  30.017  1.056 0.0000000000
120498  -45.079  30.564  0.752 0.0000000000
120499  -45.567  31.282  1.118 0.0000000000
120503  -36.004  28.960  -0.018 0.0000000000
120504  -36.494  29.117  -0.445 0.0000000000
120505  -37.402  29.701  -0.554 0.0000000000
120506  -38.504  30.108  -0.661 0.0000000000
120507  -39.686  30.198  -0.502 0.0000000000
120508  -40.889  30.381  -0.312 0.0000000000
120509  -42.157  30.529  0.076 0.0000000000
120510  -43.461  30.925  -0.164 0.0000000000
120511  -43.923  31.474  -0.424 0.0000000000
120512  -45.285  30.797  -0.350 0.0000000000
120513  -45.549  31.401  0.385 0.0000000000
120518  -36.880  28.816  -0.966 0.0000000000
120519  -37.256  29.090  -1.110 0.0000000000
120520  -38.363  29.430  -1.283 0.0000000000
120521  -39.491  29.849  -1.238 0.0000000000
120522  -40.654  30.057  -1.181 0.0000000000
120523  -41.893  30.213  -1.030 0.0000000000
120524  -43.143  30.480  -0.930 0.0000000000
120525  -44.126  31.185  -0.968 0.0000000000
120526  -44.925  31.147  -1.058 0.0000000000
120527  -45.407  31.540  -0.303 0.0000000000
120532  -38.931  29.200  -1.513 0.0000000000
120533  -39.501  29.380  -1.506 0.0000000000
120534  -40.531  29.561  -1.551 0.0000000000
120535  -41.732  29.711  -1.606 0.0000000000
120536  -42.924  30.015  -1.661 0.0000000000
120537  -43.839  30.618  -1.803 0.0000000000
120538  -44.394  30.843  -1.574 0.0000000000
121200  -40.790  30.750  14.381 0.0000000000
121201  -41.268  30.699  14.229 0.0000000000
121213  -40.670  31.330  13.975 0.0000000000
121214  -41.665  31.111  13.997 0.0000000000
121215  -42.728  31.169  13.474 0.0000000000
121216  -43.301  31.194  13.271 0.0000000000
121226  -41.389  31.735  13.389 0.0000000000
121227  -42.476  31.728  13.299 0.0000000000
121228  -43.644  31.606  13.070 0.0000000000
121229  -44.894  31.817  12.453 0.0000000000
121230  -45.488  32.232  12.185 0.0000000000
121245  -45.281  31.565  11.931 0.0000000000
121246  -45.797  32.081  12.000 0.0000000000
121258  -45.203  31.453  11.152 0.0000000000
121259  -45.837  31.936  11.281 0.0000000000
121266  -44.338  31.466  9.143 0.0000000000
121267  -44.974  31.716  9.943 0.0000000000
121268  -45.596  31.840  10.701 0.0000000000
121274  -43.902  31.386  8.387 0.0000000000
121275  -44.686  32.060  8.589 0.0000000000
121283  -43.106  31.102  6.414 0.0000000000
121284  -43.305  31.293  7.097 0.0000000000
121285  -44.375  32.121  7.404 0.0000000000
121292  -43.035  30.962  6.107 0.0000000000
121293  -43.497  31.372  5.833 0.0000000000
121294  -44.248  32.084  6.193 0.0000000000
121298  -29.762  32.134  5.022 0.0000000000
121301  -41.531  31.927  4.690 0.0000000000
121302  -42.077  32.163  4.622 0.0000000000
121303  -44.034  31.399  4.844 0.0000000000
121304  -44.550  31.841  5.171 0.0000000000
121308  -30.039  32.356  4.559 0.0000000000
121311  -40.189  31.743  3.752 0.0000000000
121312  -41.241  31.683  3.887 0.0000000000
121313  -42.234  32.087  3.970 0.0000000000
121314  -42.863  32.316  3.618 0.0000000000
121315  -44.195  31.253  3.981 0.0000000000
121316  -45.090  31.840  4.082 0.0000000000
121317  -45.812  32.227  3.670 0.0000000000
121324  -34.904  31.571  3.011 0.0000000000
121325  -35.422  31.649  2.810 0.0000000000
121326  -38.928  31.760  2.772 0.0000000000
121327  -39.923  31.618  2.924 0.0000000000
121328  -40.990  31.575  3.026 0.0000000000
121329  -42.040  31.807  3.097 0.0000000000
121330  -42.840  32.102  3.177 0.0000000000
121331  -44.154  31.007  3.411 0.0000000000
121332  -45.008  31.329  3.030 0.0000000000
121333  -45.821  32.059  3.086 0.0000000000
121338  -34.312  30.755  2.774 0.0000000000
121339  -35.454  31.005  2.424 0.0000000000
121340  -36.484  30.864  1.809 0.0000000000
121341  -37.546  31.086  1.966 0.0000000000
121342  -38.561  31.226  2.040 0.0000000000
121343  -39.614  31.259  2.140 0.0000000000
121344  -40.743  31.238  2.221 0.0000000000
121345  -41.924  31.476  2.230 0.0000000000
121346  -43.169  31.957  2.270 0.0000000000
121347  -43.944  32.236  1.880 0.0000000000
121348  -45.392  31.248  2.357 0.0000000000
121349  -45.867  31.714  2.112 0.0000000000
121353  -36.510  30.505  1.089 0.0000000000
121354  -37.102  30.587  1.105 0.0000000000
121355  -38.134  30.685  1.180 0.0000000000
121356  -39.235  30.754  1.306 0.0000000000
121357  -40.392  30.809  1.407 0.0000000000
121358  -41.697  31.017  1.269 0.0000000000
121359  -42.920  31.558  1.305 0.0000000000
121360  -44.142  32.125  1.223 0.0000000000
121361  -44.824  32.375  0.894 0.0000000000
121362  -45.733  31.843  1.087 0.0000000000
121366  -42.068  30.831  0.695 0.0000000000
121367  -42.739  31.019  0.626 0.0000000000
121368  -43.841  31.720  0.164 0.0000000000
121369  -44.854  32.263  0.310 0.0000000000
121370  -45.501  32.023  0.223 0.0000000000
121374  -44.142  31.611  -0.485 0.0000000000
121375  -44.565  31.739  -0.477 0.0000000000
121376  -45.147  31.869  -0.353 0.0000000000
122043  -40.932  32.154  12.640 0.0000000000
122044  -42.001  32.248  12.715 0.0000000000
122045  -43.242  32.393  12.551 0.0000000000
122046  -44.396  32.447  12.522 0.0000000000
122047  -45.202  32.390  12.291 0.0000000000
122061  -41.420  32.413  11.857 0.0000000000
122062  -42.452  32.568  11.923 0.0000000000
122063  -43.268  32.749  11.796 0.0000000000
122064  -45.095  32.797  12.160 0.0000000000
122065  -45.811  32.717  11.903 0.0000000000
122066  -46.324  33.098  11.349 0.0000000000
122084  -41.894  32.664  11.059 0.0000000000
122085  -42.844  32.713  11.237 0.0000000000
122086  -43.259  32.786  11.357 0.0000000000
122087  -46.313  32.640  11.217 0.0000000000
122088  -46.530  33.249  10.742 0.0000000000
122097  -45.771  32.480  9.543 0.0000000000
122098  -46.064  32.488  10.247 0.0000000000
122099  -46.613  33.166  10.179 0.0000000000
122106  -45.568  32.571  8.805 0.0000000000
122107  -46.477  32.992  9.016 0.0000000000
122108  -46.627  33.048  9.641 0.0000000000
122112  -27.504  33.125  6.887 0.0000000000
122113  -28.257  32.454  7.430 0.0000000000
122115  -45.365  32.722  7.630 0.0000000000
122116  -46.251  33.132  7.918 0.0000000000
122119  -27.688  33.346  6.339 0.0000000000
122120  -28.181  32.996  6.191 0.0000000000
122121  -28.945  32.452  6.650 0.0000000000
122122  -40.211  32.777  6.074 0.0000000000
122123  -41.298  32.807  6.039 0.0000000000
122124  -41.906  32.907  5.881 0.0000000000
122125  -45.249  32.637  6.400 0.0000000000
122126  -46.364  33.145  6.589 0.0000000000
122127  -46.911  33.451  6.072 0.0000000000
122130  -28.523  33.237  5.623 0.0000000000
122131  -29.038  32.791  5.494 0.0000000000
122132  -38.869  32.583  5.041 0.0000000000
122133  -39.840  32.369  5.280 0.0000000000
122134  -40.917  32.214  5.431 0.0000000000
122135  -42.175  32.525  5.216 0.0000000000
122136  -43.358  33.108  4.811 0.0000000000
122137  -43.983  33.417  4.558 0.0000000000
122138  -45.237  32.311  5.340 0.0000000000
122139  -46.206  32.627  5.406 0.0000000000
122140  -46.857  33.162  5.423 0.0000000000
122144  -29.711  32.824  4.722 0.0000000000
122145  -30.227  32.734  4.200 0.0000000000
122146  -37.742  32.690  3.904 0.0000000000
122147  -38.609  32.469  4.158 0.0000000000
122148  -39.519  32.197  4.400 0.0000000000
122149  -40.498  31.866  4.629 0.0000000000
122150  -42.374  32.328  4.491 0.0000000000
122151  -43.083  32.601  4.086 0.0000000000
122152  -43.948  33.186  4.063 0.0000000000
122153  -45.226  32.079  4.715 0.0000000000
122154  -45.965  32.361  4.313 0.0000000000
122155  -46.762  32.837  4.492 0.0000000000
122159  -30.790  32.568  3.646 0.0000000000
122164  -35.591  32.268  3.017 0.0000000000
122165  -36.554  32.440  3.006 0.0000000000
122166  -37.436  32.402  3.127 0.0000000000
122167  -38.325  32.275  3.330 0.0000000000
122168  -39.239  32.072  3.545 0.0000000000
122169  -43.426  32.459  3.201 0.0000000000
122170  -44.344  33.057  3.172 0.0000000000
122171  -45.118  33.347  2.787 0.0000000000
122172  -46.199  32.527  3.359 0.0000000000
122173  -46.568  32.792  3.652 0.0000000000
122176  -35.673  31.678  2.732 0.0000000000
122177  -36.152  31.692  2.608 0.0000000000
122178  -37.032  31.755  2.540 0.0000000000
122179  -37.973  31.824  2.617 0.0000000000
122180  -43.373  32.248  2.757 0.0000000000
122181  -44.129  32.485  2.332 0.0000000000
122182  -45.301  33.041  2.320 0.0000000000
122183  -46.116  32.680  2.622 0.0000000000
122184  -46.376  32.831  3.160 0.0000000000
122188  -44.304  32.378  1.693 0.0000000000
122189  -44.912  32.546  1.400 0.0000000000
122190  -45.638  32.376  1.679 0.0000000000
122194  -45.074  32.423  0.796 0.0000000000
122195  -45.309  32.264  0.860 0.0000000000
122876  -43.583  32.707  12.181 0.0000000000
122877  -43.904  32.729  12.263 0.0000000000
122883  -43.768  32.891  11.903 0.0000000000
122884  -44.422  33.039  11.900 0.0000000000
122885  -45.346  33.206  11.697 0.0000000000
122886  -46.003  33.283  11.502 0.0000000000
122901  -41.296  33.160  10.213 0.0000000000
122902  -42.436  33.049  10.388 0.0000000000
122903  -43.592  32.993  10.987 0.0000000000
122904  -44.731  33.464  10.976 0.0000000000
122905  -45.585  33.558  11.021 0.0000000000
122906  -46.230  33.558  10.740 0.0000000000
122923  -41.838  33.873  9.680 0.0000000000
122924  -43.027  33.688  9.808 0.0000000000
122925  -44.118  33.749  10.138 0.0000000000
122926  -44.728  33.859  10.347 0.0000000000
122927  -46.791  33.988  9.894 0.0000000000
122928  -47.310  34.374  9.073 0.0000000000
122939  -46.893  33.321  8.700 0.0000000000
122940  -47.113  33.552  8.995 0.0000000000
122941  -47.519  34.402  8.313 0.0000000000
122950  -39.708  34.004  6.988 0.0000000000
122951  -40.212  34.100  7.083 0.0000000000
122952  -46.943  33.394  8.081 0.0000000000
122953  -47.450  33.870  7.756 0.0000000000
122954  -47.536  34.555  7.502 0.0000000000
122958  -27.216  33.822  6.230 0.0000000000
122959  -27.796  33.471  6.045 0.0000000000
122960  -37.727  33.768  5.982 0.0000000000
122961  -38.622  33.543  6.315 0.0000000000
122962  -39.540  33.411  6.523 0.0000000000
122963  -40.615  33.558  6.736 0.0000000000
122964  -41.994  33.405  6.355 0.0000000000
122965  -43.166  33.806  6.198 0.0000000000
122966  -43.791  34.100  6.049 0.0000000000
122967  -46.714  33.357  7.340 0.0000000000
122968  -47.109  33.636  6.818 0.0000000000
122969  -47.424  34.228  6.879 0.0000000000
122972  -27.424  34.245  5.703 0.0000000000
122973  -28.126  33.842  5.503 0.0000000000
122974  -28.748  33.409  5.336 0.0000000000
122976  -37.468  33.423  5.219 0.0000000000
122977  -38.291  33.144  5.563 0.0000000000
122978  -39.189  32.884  5.869 0.0000000000
122979  -42.215  32.999  5.797 0.0000000000
122980  -42.834  33.259  5.618 0.0000000000
122981  -44.199  33.812  5.236 0.0000000000
122982  -45.533  34.368  4.873 0.0000000000
122983  -46.123  34.533  4.741 0.0000000000
122984  -47.191  33.839  5.662 0.0000000000
122985  -47.335  33.981  6.352 0.0000000000
122988  -28.546  34.271  4.969 0.0000000000
122989  -29.213  33.766  4.665 0.0000000000
122990  -29.899  33.238  4.309 0.0000000000
122993  -37.205  33.181  4.420 0.0000000000
122994  -38.003  32.867  4.742 0.0000000000
122995  -44.522  33.556  4.135 0.0000000000
122996  -45.329  33.962  4.162 0.0000000000
122997  -46.115  34.335  4.264 0.0000000000
122998  -47.052  33.491  4.621 0.0000000000
123002  -29.636  34.177  3.948 0.0000000000
123003  -30.313  33.629  3.555 0.0000000000
123004  -31.246  33.180  3.135 0.0000000000
123009  -36.116  33.104  3.429 0.0000000000
123010  -36.925  32.919  3.645 0.0000000000
123011  -44.488  33.378  3.629 0.0000000000
123012  -45.201  33.563  3.278 0.0000000000
123013  -46.261  33.826  3.573 0.0000000000
123014  -46.828  33.308  3.826 0.0000000000
123018  -30.703  33.966  2.749 0.0000000000
123019  -31.094  33.660  2.659 0.0000000000
123020  -31.604  33.643  2.843 0.0000000000
123021  -45.437  33.351  2.730 0.0000000000
123022  -45.900  33.371  2.813 0.0000000000
123023  -46.448  33.159  3.177 0.0000000000
123711  -45.146  33.843  10.501 0.0000000000
123712  -45.683  34.068  10.339 0.0000000000
123713  -46.250  34.263  10.089 0.0000000000
123727  -40.402  35.154  9.580 0.0000000000
123728  -41.277  34.943  9.467 0.0000000000
123729  -42.397  34.762  9.454 0.0000000000
123730  -43.561  34.668  9.561 0.0000000000
123731  -44.786  34.541  9.859 0.0000000000
123732  -45.717  34.908  9.761 0.0000000000
123733  -46.423  34.989  9.602 0.0000000000
123734  -47.002  34.995  9.251 0.0000000000
123746  -47.344  35.092  8.637 0.0000000000
123755  -38.651  34.646  6.885 0.0000000000
123756  -39.035  34.554  7.041 0.0000000000
123757  -39.954  34.652  7.301 0.0000000000
123758  -40.875  34.844  7.463 0.0000000000
123759  -41.878  34.896  7.434 0.0000000000
123760  -42.914  34.976  7.334 0.0000000000
123761  -43.797  35.164  7.167 0.0000000000
123762  -47.454  35.221  7.842 0.0000000000
123768  -26.483  34.380  6.230 0.0000000000
123770  -37.148  34.514  5.980 0.0000000000
123771  -38.248  34.488  6.608 0.0000000000
123772  -38.992  33.948  6.802 0.0000000000
123773  -40.603  34.254  7.156 0.0000000000
123774  -41.402  34.173  7.050 0.0000000000
123775  -42.490  34.237  6.905 0.0000000000
123776  -43.579  34.482  6.665 0.0000000000
123777  -44.608  35.021  6.623 0.0000000000
123778  -45.651  35.263  6.295 0.0000000000
123779  -46.485  35.323  6.362 0.0000000000
123780  -47.219  35.173  6.854 0.0000000000
123784  -26.813  34.668  5.738 0.0000000000
123785  -27.519  34.697  5.406 0.0000000000
123789  -44.260  34.364  6.080 0.0000000000
123790  -45.100  34.564  5.759 0.0000000000
123791  -46.120  34.781  5.408 0.0000000000
123792  -46.880  34.581  5.651 0.0000000000
123793  -47.262  34.355  6.233 0.0000000000
123796  -28.118  34.733  5.074 0.0000000000
123797  -28.671  34.770  4.628 0.0000000000
123801  -46.525  34.409  4.748 0.0000000000
123802  -47.006  34.113  4.703 0.0000000000
123805  -29.268  34.751  4.127 0.0000000000
123806  -29.796  34.648  3.516 0.0000000000
123811  -46.627  34.117  4.196 0.0000000000
123812  -46.907  33.832  4.061 0.0000000000
123816  -30.389  34.604  2.788 0.0000000000
123817  -31.006  34.228  2.156 0.0000000000
123818  -32.006  34.192  2.261 0.0000000000
123824  -30.715  35.020  1.932 0.0000000000
123825  -31.476  34.719  1.165 0.0000000000
123826  -32.039  34.562  1.066 0.0000000000
123830  -31.759  34.791  0.218 0.0000000000
123831  -31.945  34.635  0.304 0.0000000000
123835  -31.922  34.721  -0.155 0.0000000000
123836  -31.997  34.549  0.009 0.0000000000
123840  -37.555  34.197  -2.903 0.0000000000
123841  -38.177  34.021  -2.969 0.0000000000
123842  -38.443  34.160  -3.010 0.0000000000
123846  -37.527  34.330  -3.097 0.0000000000
123847  -37.934  34.211  -3.121 0.0000000000
123848  -38.228  34.166  -3.135 0.0000000000
124573  -40.729  35.991  9.898 0.0000000000
124574  -41.816  35.805  9.753 0.0000000000
124575  -42.894  35.771  9.640 0.0000000000
124576  -44.018  35.776  9.583 0.0000000000
124577  -45.040  35.847  9.641 0.0000000000
124578  -45.880  35.967  9.625 0.0000000000
124579  -46.572  36.013  9.298 0.0000000000
124580  -47.047  35.681  8.897 0.0000000000
124592  -46.900  36.330  8.914 0.0000000000
124593  -47.163  35.968  8.348 0.0000000000
124603  -38.658  34.898  6.953 0.0000000000
124604  -39.190  35.354  7.181 0.0000000000
124605  -40.226  35.586  7.554 0.0000000000
124606  -41.283  35.675  7.762 0.0000000000
124607  -42.335  35.682  7.703 0.0000000000
124608  -43.365  35.732  7.616 0.0000000000
124609  -44.479  35.789  7.415 0.0000000000
124610  -45.357  36.194  7.376 0.0000000000
124611  -46.818  36.223  7.512 0.0000000000
124612  -47.058  36.008  7.568 0.0000000000
124620  -36.917  34.963  5.995 0.0000000000
124621  -37.395  35.219  6.219 0.0000000000
124622  -38.297  35.475  6.667 0.0000000000
124623  -38.839  36.038  6.858 0.0000000000
124624  -45.270  35.661  6.922 0.0000000000
124625  -46.012  36.062  6.930 0.0000000000
124626  -46.735  36.012  7.201 0.0000000000
124627  -47.042  35.732  7.179 0.0000000000
124632  -26.989  35.539  5.395 0.0000000000
124633  -27.660  35.276  5.155 0.0000000000
124636  -37.111  35.821  5.888 0.0000000000
124639  -27.518  35.878  5.133 0.0000000000
124640  -28.137  35.613  4.823 0.0000000000
124641  -28.847  35.599  4.332 0.0000000000
124646  -29.410  35.590  3.700 0.0000000000
124647  -29.877  35.282  3.128 0.0000000000
124653  -29.669  35.948  3.133 0.0000000000
124654  -30.128  35.673  2.547 0.0000000000
124661  -30.450  35.812  1.905 0.0000000000
124662  -30.840  35.530  1.302 0.0000000000
124668  -31.318  35.353  0.565 0.0000000000
124669  -32.346  34.833  0.473 0.0000000000
124670  -33.055  35.125  0.008 0.0000000000
124671  -33.784  35.210  -0.519 0.0000000000
124675  -31.703  35.102  -0.112 0.0000000000
124676  -32.217  34.753  -0.462 0.0000000000
124677  -33.228  34.560  -0.994 0.0000000000
124678  -34.284  34.720  -1.143 0.0000000000
124679  -35.343  34.592  -1.300 0.0000000000
124680  -36.432  34.566  -1.419 0.0000000000
124681  -37.630  34.610  -1.616 0.0000000000
124682  -38.820  34.666  -1.882 0.0000000000
124683  -39.786  34.743  -2.115 0.0000000000
124687  -32.717  34.763  -1.394 0.0000000000
124688  -33.512  34.820  -1.754 0.0000000000
124689  -34.556  34.798  -1.884 0.0000000000
124690  -35.583  34.826  -2.025 0.0000000000
124691  -36.726  34.410  -2.507 0.0000000000
124692  -37.942  34.132  -2.457 0.0000000000
124693  -38.974  34.389  -2.756 0.0000000000
124694  -40.524  34.778  -2.599 0.0000000000
124695  -41.694  35.179  -2.597 0.0000000000
124696  -42.428  35.552  -2.589 0.0000000000
124697  -42.720  35.880  -2.695 0.0000000000
124701  -37.115  34.535  -3.026 0.0000000000
124702  -37.644  34.639  -3.190 0.0000000000
124703  -38.528  34.538  -3.147 0.0000000000
124704  -39.833  34.816  -3.237 0.0000000000
124705  -41.139  35.229  -3.207 0.0000000000
124706  -42.029  35.322  -3.123 0.0000000000
124707  -42.511  35.720  -3.081 0.0000000000
124711  -41.407  35.636  -3.384 0.0000000000
124712  -41.793  35.623  -3.371 0.0000000000
124713  -42.191  35.648  -3.292 0.0000000000
125383  -40.587  37.043  10.565 0.0000000000
125384  -41.708  37.378  10.656 0.0000000000
125385  -42.778  37.544  10.682 0.0000000000
125386  -43.829  37.641  10.633 0.0000000000
125387  -44.777  37.663  10.464 0.0000000000
125388  -45.458  37.637  10.259 0.0000000000
125393  -41.412  36.560  10.283 0.0000000000
125394  -42.315  36.622  10.252 0.0000000000
125395  -43.371  36.727  10.164 0.0000000000
125396  -44.415  36.801  10.135 0.0000000000
125397  -45.313  36.884  10.067 0.0000000000
125398  -45.918  37.041  9.811 0.0000000000
125399  -46.684  36.741  9.395 0.0000000000
125405  -41.028  37.138  8.100 0.0000000000
125406  -41.431  37.132  8.165 0.0000000000
125407  -42.324  37.138  8.282 0.0000000000
125408  -43.346  37.170  8.425 0.0000000000
125409  -44.394  37.186  8.511 0.0000000000
125410  -45.235  37.200  8.369 0.0000000000
125411  -46.781  36.811  8.620 0.0000000000
125412  -46.980  36.397  8.008 0.0000000000
125423  -39.547  36.298  7.293 0.0000000000
125424  -40.653  36.772  7.872 0.0000000000
125425  -41.802  36.451  8.003 0.0000000000
125426  -42.832  36.416  8.029 0.0000000000
125427  -43.899  36.395  8.107 0.0000000000
125428  -44.921  36.538  7.997 0.0000000000
125429  -45.864  36.830  7.725 0.0000000000
125430  -46.630  36.611  7.839 0.0000000000
125431  -46.902  36.337  7.779 0.0000000000
125440  -37.681  35.869  6.162 0.0000000000
125441  -38.272  36.300  6.217 0.0000000000
125442  -39.030  36.697  6.601 0.0000000000
125443  -46.386  36.387  7.405 0.0000000000
125444  -46.613  36.333  7.473 0.0000000000
125450  -27.045  36.483  5.262 0.0000000000
125453  -37.360  36.402  5.670 0.0000000000
125454  -37.998  36.756  5.622 0.0000000000
125457  -27.638  36.506  4.877 0.0000000000
125458  -28.329  36.544  4.411 0.0000000000
125459  -28.932  36.248  3.998 0.0000000000
125464  -28.654  36.848  3.886 0.0000000000
125465  -29.172  36.584  3.447 0.0000000000
125471  -29.585  36.564  2.747 0.0000000000
125472  -29.984  36.460  2.116 0.0000000000
125479  -30.460  36.399  1.599 0.0000000000
125480  -30.937  36.286  0.984 0.0000000000
125486  -31.391  36.054  0.155 0.0000000000
125487  -31.695  36.210  -0.490 0.0000000000
125490  -35.073  36.186  0.190 0.0000000000
125491  -35.943  36.238  -0.040 0.0000000000
125492  -36.774  36.364  -0.192 0.0000000000
125493  -42.237  36.493  -0.484 0.0000000000
125494  -42.499  36.574  -0.448 0.0000000000
125497  -31.746  35.472  -0.536 0.0000000000
125498  -32.170  35.644  -1.195 0.0000000000
125499  -32.769  35.992  -1.629 0.0000000000
125500  -34.468  35.491  -0.361 0.0000000000
125501  -35.212  35.299  -0.567 0.0000000000
125502  -36.186  35.310  -0.657 0.0000000000
125503  -37.494  35.836  -0.664 0.0000000000
125504  -38.694  35.611  -1.083 0.0000000000
125505  -39.926  35.551  -1.370 0.0000000000
125506  -41.071  35.803  -1.255 0.0000000000
125507  -42.021  36.195  -0.978 0.0000000000
125508  -42.716  36.584  -0.966 0.0000000000
125512  -32.809  35.242  -1.786 0.0000000000
125513  -33.314  35.663  -1.974 0.0000000000
125514  -34.026  35.300  -2.245 0.0000000000
125515  -34.844  35.234  -2.411 0.0000000000
125516  -35.749  35.208  -2.736 0.0000000000
125517  -36.528  35.707  -2.742 0.0000000000
125518  -37.250  35.964  -2.645 0.0000000000
125519  -40.570  35.126  -1.835 0.0000000000
125520  -41.423  35.338  -1.872 0.0000000000
125521  -42.318  35.667  -1.822 0.0000000000
125522  -42.781  36.226  -2.108 0.0000000000
125525  -36.502  34.866  -3.025 0.0000000000
125526  -37.053  35.149  -3.141 0.0000000000
125527  -38.024  35.574  -2.887 0.0000000000
125528  -39.238  35.595  -3.139 0.0000000000
125529  -40.399  35.822  -3.296 0.0000000000
125530  -40.994  36.256  -3.370 0.0000000000
125531  -42.732  36.320  -2.890 0.0000000000
125535  -41.104  35.766  -3.384 0.0000000000
125536  -41.536  36.142  -3.481 0.0000000000
125537  -42.266  36.186  -3.442 0.0000000000
126154  -39.950  37.881  10.563 0.0000000000
126155  -41.054  38.137  10.742 0.0000000000
126156  -42.173  38.316  10.926 0.0000000000
126157  -43.218  38.345  10.977 0.0000000000
126158  -44.165  38.265  10.663 0.0000000000
126159  -45.104  38.144  10.395 0.0000000000
126160  -45.832  37.959  10.170 0.0000000000
126171  -44.170  38.224  9.258 0.0000000000
126172  -44.482  38.191  9.235 0.0000000000
126173  -46.179  37.722  9.735 0.0000000000
126174  -46.394  37.561  9.175 0.0000000000
126176  -41.023  37.562  8.140 0.0000000000
126177  -41.795  37.828  8.352 0.0000000000
126178  -42.769  37.889  8.568 0.0000000000
126179  -43.873  37.997  8.985 0.0000000000
126180  -44.967  37.879  8.846 0.0000000000
126181  -45.768  37.575  8.543 0.0000000000
126182  -46.311  37.456  8.653 0.0000000000
126191  -39.625  37.293  7.206 0.0000000000
126192  -40.319  37.902  7.772 0.0000000000
126193  -46.231  37.162  8.174 0.0000000000
126194  -46.439  37.067  8.246 0.0000000000
126205  -38.609  36.855  5.936 0.0000000000
126206  -39.255  37.408  6.104 0.0000000000
126214  -27.169  37.119  5.034 0.0000000000
126217  -37.316  37.085  5.208 0.0000000000
126218  -38.327  37.235  5.271 0.0000000000
126219  -39.103  37.690  5.202 0.0000000000
126224  -27.550  37.415  4.536 0.0000000000
126225  -28.199  37.453  4.050 0.0000000000
126229  -37.423  37.520  4.537 0.0000000000
126230  -38.420  37.612  4.464 0.0000000000
126231  -39.137  37.841  4.590 0.0000000000
126235  -28.655  37.445  3.544 0.0000000000
126236  -29.128  37.399  3.012 0.0000000000
126239  -36.533  37.774  3.674 0.0000000000
126240  -37.615  37.793  3.837 0.0000000000
126241  -38.318  37.824  3.814 0.0000000000
126245  -29.523  37.354  2.324 0.0000000000
126246  -29.969  37.023  1.789 0.0000000000
126250  -36.443  37.846  2.590 0.0000000000
126251  -41.995  37.750  1.772 0.0000000000
126252  -42.424  37.719  1.750 0.0000000000
126253  -43.160  37.755  1.712 0.0000000000
126257  -29.808  37.676  1.871 0.0000000000
126258  -30.472  37.298  1.493 0.0000000000
126259  -31.207  37.154  0.930 0.0000000000
126263  -36.709  37.700  1.609 0.0000000000
126264  -37.570  37.716  1.221 0.0000000000
126265  -38.464  37.806  1.086 0.0000000000
126266  -39.427  37.805  1.065 0.0000000000
126267  -40.458  37.654  1.091 0.0000000000
126268  -41.684  37.556  1.306 0.0000000000
126269  -42.777  37.268  1.066 0.0000000000
126270  -43.590  37.588  1.191 0.0000000000
126273  -31.713  37.020  0.255 0.0000000000
126274  -32.141  36.981  -0.482 0.0000000000
126275  -32.805  37.349  -0.633 0.0000000000
126276  -34.997  36.881  0.934 0.0000000000
126277  -35.824  37.015  0.781 0.0000000000
126278  -36.736  37.064  0.578 0.0000000000
126279  -37.670  37.023  0.307 0.0000000000
126280  -38.650  37.274  0.366 0.0000000000
126281  -39.619  37.272  0.263 0.0000000000
126282  -40.760  37.145  0.171 0.0000000000
126283  -42.030  36.697  -0.034 0.0000000000
126284  -43.128  36.912  0.191 0.0000000000
126285  -43.632  37.668  0.486 0.0000000000
126288  -32.565  36.605  -1.176 0.0000000000
126289  -33.317  36.889  -1.315 0.0000000000
126290  -34.189  37.097  -1.406 0.0000000000
126291  -34.929  37.205  -1.483 0.0000000000
126292  -35.598  37.280  -1.545 0.0000000000
126293  -38.107  36.730  -0.098 0.0000000000
126294  -38.700  36.579  -0.307 0.0000000000
126295  -39.748  36.488  -0.533 0.0000000000
126296  -40.859  36.376  -0.656 0.0000000000
126297  -41.527  36.300  -0.749 0.0000000000
126298  -43.265  37.270  -0.291 0.0000000000
126299  -43.557  37.743  0.053 0.0000000000
126303  -33.846  36.210  -1.857 0.0000000000
126304  -34.479  36.191  -2.037 0.0000000000
126305  -35.233  36.275  -2.176 0.0000000000
126306  -36.125  36.680  -2.090 0.0000000000
126307  -36.988  36.791  -2.254 0.0000000000
126308  -37.828  36.831  -2.410 0.0000000000
126309  -42.906  37.114  -1.295 0.0000000000
126313  -38.768  36.766  -2.669 0.0000000000
126314  -39.766  36.823  -2.922 0.0000000000
126315  -40.671  36.991  -3.229 0.0000000000
126316  -41.249  36.754  -3.449 0.0000000000
126317  -42.747  37.109  -2.348 0.0000000000
126321  -41.185  37.359  -3.572 0.0000000000
126322  -41.784  37.095  -3.582 0.0000000000
126323  -42.439  37.280  -3.238 0.0000000000
126929  -39.464  38.490  10.104 0.0000000000
126930  -40.400  39.063  10.337 0.0000000000
126931  -41.541  39.124  10.762 0.0000000000
126932  -42.549  39.020  10.833 0.0000000000
126933  -43.435  38.747  10.645 0.0000000000
126934  -44.342  38.466  10.285 0.0000000000
126935  -45.534  38.239  10.061 0.0000000000
126936  -45.998  38.100  9.956 0.0000000000
126946  -39.109  39.118  9.548 0.0000000000
126947  -39.746  39.102  9.884 0.0000000000
126948  -43.201  38.748  9.565 0.0000000000
126949  -44.059  38.390  9.586 0.0000000000
126950  -45.189  38.251  9.476 0.0000000000
126951  -46.023  38.050  9.487 0.0000000000
126952  -46.231  37.782  9.033 0.0000000000
126959  -41.070  38.621  8.219 0.0000000000
126960  -42.172  38.561  8.646 0.0000000000
126961  -43.017  38.458  9.029 0.0000000000
126962  -43.547  38.407  9.298 0.0000000000
126963  -45.524  38.023  8.976 0.0000000000
126964  -45.903  38.039  9.014 0.0000000000
126965  -46.048  38.242  8.988 0.0000000000
126968  -39.758  38.443  6.961 0.0000000000
126969  -40.343  38.612  7.655 0.0000000000
126978  -39.574  38.240  5.818 0.0000000000
126989  -39.565  38.195  5.010 0.0000000000
126990  -39.976  38.660  4.802 0.0000000000
126997  -38.857  37.846  4.096 0.0000000000
126998  -39.490  38.208  4.226 0.0000000000
126999  -40.260  38.711  4.172 0.0000000000
127005  -29.095  38.021  2.714 0.0000000000
127006  -37.146  37.953  3.199 0.0000000000
127007  -37.886  37.961  3.249 0.0000000000
127008  -38.783  38.034  3.429 0.0000000000
127009  -39.692  38.319  3.416 0.0000000000
127010  -40.629  38.594  3.324 0.0000000000
127011  -41.452  38.573  3.007 0.0000000000
127012  -42.390  38.597  2.975 0.0000000000
127013  -43.287  38.723  2.847 0.0000000000
127018  -37.309  38.020  2.548 0.0000000000
127019  -38.145  38.132  2.632 0.0000000000
127020  -39.005  38.246  2.650 0.0000000000
127021  -39.918  38.268  2.616 0.0000000000
127022  -40.840  38.267  2.468 0.0000000000
127023  -41.820  38.014  2.166 0.0000000000
127024  -42.862  38.131  2.315 0.0000000000
127025  -43.772  38.403  2.117 0.0000000000
127026  -44.214  38.814  1.974 0.0000000000
127030  -29.959  38.344  1.754 0.0000000000
127031  -30.768  38.218  1.433 0.0000000000
127032  -31.584  38.121  1.003 0.0000000000
127033  -32.165  38.450  0.854 0.0000000000
127034  -37.596  38.051  1.973 0.0000000000
127035  -38.323  38.146  1.895 0.0000000000
127036  -39.213  38.163  1.856 0.0000000000
127037  -40.155  38.033  1.841 0.0000000000
127038  -41.083  37.880  1.812 0.0000000000
127039  -41.536  37.813  1.790 0.0000000000
127040  -43.922  38.400  1.357 0.0000000000
127041  -44.226  39.002  1.794 0.0000000000
127044  -32.032  37.754  0.342 0.0000000000
127045  -32.645  38.123  0.243 0.0000000000
127046  -33.453  38.152  -0.267 0.0000000000
127047  -34.179  38.561  -0.344 0.0000000000
127048  -42.398  38.495  0.036 0.0000000000
127049  -42.783  38.393  0.149 0.0000000000
127050  -43.612  38.298  0.506 0.0000000000
127053  -33.957  37.786  -0.819 0.0000000000
127054  -34.677  38.146  -0.781 0.0000000000
127055  -35.448  38.108  -0.895 0.0000000000
127056  -36.287  38.032  -1.120 0.0000000000
127057  -37.052  38.339  -1.240 0.0000000000
127058  -42.370  38.404  -0.310 0.0000000000
127059  -43.029  37.860  -0.406 0.0000000000
127060  -43.527  37.992  0.028 0.0000000000
127063  -36.818  37.547  -1.639 0.0000000000
127064  -37.595  37.916  -1.742 0.0000000000
127065  -38.470  37.910  -2.159 0.0000000000
127066  -42.301  38.332  -1.064 0.0000000000
127067  -42.639  37.982  -1.736 0.0000000000
127071  -39.296  37.933  -2.590 0.0000000000
127072  -40.089  37.972  -3.102 0.0000000000
127073  -40.776  37.967  -3.591 0.0000000000
127074  -42.600  38.064  -2.699 0.0000000000
127078  -41.429  37.975  -3.868 0.0000000000
127079  -42.173  38.055  -3.929 0.0000000000
127080  -42.629  38.412  -3.451 0.0000000000
127676  -40.459  39.840  10.124 0.0000000000
127677  -40.958  40.162  10.416 0.0000000000
127678  -41.910  39.881  10.515 0.0000000000
127679  -42.628  39.386  10.314 0.0000000000
127680  -43.461  38.837  10.451 0.0000000000
127690  -38.612  40.086  9.282 0.0000000000
127691  -39.850  39.934  9.729 0.0000000000
127692  -40.437  40.263  10.075 0.0000000000
127693  -42.084  39.859  9.309 0.0000000000
127694  -42.662  39.413  9.797 0.0000000000
127695  -43.429  38.904  10.094 0.0000000000
127702  -41.141  39.690  8.266 0.0000000000
127703  -41.767  39.364  8.721 0.0000000000
127704  -42.492  39.073  9.196 0.0000000000
127706  -39.983  39.184  6.789 0.0000000000
127707  -40.424  39.411  7.471 0.0000000000
127710  -39.866  39.036  6.110 0.0000000000
127711  -40.226  39.722  6.446 0.0000000000
127723  -39.879  38.750  5.378 0.0000000000
127724  -40.540  39.575  5.128 0.0000000000
127725  -41.289  40.223  4.887 0.0000000000
127735  -41.022  39.156  3.964 0.0000000000
127736  -41.785  39.899  4.250 0.0000000000
127737  -42.597  40.095  4.043 0.0000000000
127743  -41.221  38.863  3.465 0.0000000000
127744  -41.803  39.096  3.536 0.0000000000
127745  -42.906  39.489  3.557 0.0000000000
127746  -44.069  39.359  2.987 0.0000000000
127747  -44.463  39.902  2.887 0.0000000000
127754  -44.165  38.977  2.351 0.0000000000
127755  -44.264  39.446  2.327 0.0000000000
127759  -30.136  39.252  1.708 0.0000000000
127760  -30.992  39.192  1.450 0.0000000000
127761  -31.790  39.211  1.282 0.0000000000
127763  -41.291  39.734  0.811 0.0000000000
127764  -42.365  39.474  1.104 0.0000000000
127765  -43.275  39.389  1.311 0.0000000000
127766  -43.923  39.123  1.472 0.0000000000
127767  -44.216  39.340  1.904 0.0000000000
127774  -41.069  39.545  -0.239 0.0000000000
127775  -42.023  38.804  0.265 0.0000000000
127776  -42.994  38.819  0.759 0.0000000000
127777  -43.536  38.859  1.041 0.0000000000
127784  -41.340  39.729  -1.190 0.0000000000
127785  -41.696  38.827  -0.799 0.0000000000
127791  -41.671  39.975  -1.634 0.0000000000
127792  -42.249  39.238  -1.930 0.0000000000
127793  -42.603  38.562  -2.362 0.0000000000
127799  -40.447  39.021  -3.461 0.0000000000
127800  -41.036  38.491  -3.800 0.0000000000
127801  -42.790  39.687  -2.702 0.0000000000
127802  -42.886  39.094  -2.994 0.0000000000
127812  -41.534  39.010  -4.028 0.0000000000
127813  -42.616  38.969  -4.018 0.0000000000
127814  -42.916  39.037  -3.603 0.0000000000
128415  -40.984  41.017  10.352 0.0000000000
128416  -41.496  40.892  10.342 0.0000000000
128417  -42.020  40.665  10.182 0.0000000000
128440  -37.885  41.112  9.422 0.0000000000
128441  -39.115  41.065  9.583 0.0000000000
128442  -40.322  41.088  10.067 0.0000000000
128443  -41.973  40.472  9.261 0.0000000000
128444  -42.178  40.544  9.769 0.0000000000
128458  -41.226  40.107  8.306 0.0000000000
128459  -41.567  40.338  8.650 0.0000000000
128469  -40.986  40.293  7.957 0.0000000000
128470  -41.341  40.908  8.112 0.0000000000
128472  -40.564  40.503  7.034 0.0000000000
128473  -40.878  40.978  6.389 0.0000000000
128480  -40.548  40.383  6.072 0.0000000000
128481  -41.262  40.752  5.520 0.0000000000
128482  -42.030  40.998  5.137 0.0000000000
128494  -41.767  40.530  4.840 0.0000000000
128495  -42.613  40.649  4.574 0.0000000000
128496  -43.526  40.727  4.299 0.0000000000
128497  -44.107  40.853  4.115 0.0000000000
128507  -43.095  40.252  3.994 0.0000000000
128508  -43.747  40.191  3.722 0.0000000000
128509  -44.303  40.557  3.457 0.0000000000
128519  -43.246  40.814  2.140 0.0000000000
128520  -44.013  40.629  2.391 0.0000000000
128521  -44.389  40.431  2.752 0.0000000000
128530  -40.818  40.716  1.261 0.0000000000
128531  -41.819  40.283  1.506 0.0000000000
128532  -42.837  40.137  1.624 0.0000000000
128533  -43.670  40.002  1.800 0.0000000000
128534  -44.187  39.830  2.075 0.0000000000
128541  -40.499  40.453  0.282 0.0000000000
128548  -40.710  40.494  -0.733 0.0000000000
128557  -41.283  40.562  -1.412 0.0000000000
128558  -41.934  40.381  -1.914 0.0000000000
128569  -42.634  40.246  -2.451 0.0000000000
128570  -43.361  40.262  -3.188 0.0000000000
128571  -43.950  40.728  -3.552 0.0000000000
128584  -42.509  40.000  -4.282 0.0000000000
128585  -43.224  39.746  -3.795 0.0000000000
128586  -43.750  40.433  -3.801 0.0000000000
128595  -43.074  40.387  -4.347 0.0000000000
128596  -43.339  40.233  -4.187 0.0000000000
128597  -43.606  40.205  -3.994 0.0000000000
129153  -41.153  41.827  10.327 0.0000000000
129154  -41.855  41.675  10.216 0.0000000000
129155  -42.154  41.584  9.914 0.0000000000
129176  -38.388  41.880  9.572 0.0000000000
129177  -39.511  41.959  9.849 0.0000000000
129178  -40.423  42.187  10.096 0.0000000000
129179  -41.982  41.079  9.116 0.0000000000
129180  -42.281  41.750  9.464 0.0000000000
129200  -41.741  41.196  8.479 0.0000000000
129201  -42.373  41.880  8.625 0.0000000000
129223  -41.057  40.939  7.582 0.0000000000
129224  -41.689  41.573  7.637 0.0000000000
129225  -42.493  42.216  7.766 0.0000000000
129238  -41.004  41.246  7.037 0.0000000000
129239  -41.590  41.609  6.384 0.0000000000
129240  -42.224  41.865  5.903 0.0000000000
129248  -41.917  41.399  5.607 0.0000000000
129249  -42.726  41.543  5.319 0.0000000000
129250  -43.591  41.715  5.150 0.0000000000
129251  -44.180  41.917  5.102 0.0000000000
129258  -43.303  41.194  4.771 0.0000000000
129259  -43.918  41.343  4.614 0.0000000000
129260  -44.381  41.664  4.416 0.0000000000
129270  -44.096  41.936  3.185 0.0000000000
129271  -44.355  41.678  3.479 0.0000000000
129281  -40.571  42.014  2.233 0.0000000000
129282  -41.138  41.891  2.382 0.0000000000
129283  -42.448  41.610  2.433 0.0000000000
129284  -43.757  41.635  2.822 0.0000000000
129285  -44.261  41.082  2.832 0.0000000000
129297  -39.759  42.075  1.617 0.0000000000
129298  -40.283  41.791  1.805 0.0000000000
129299  -41.468  41.161  1.914 0.0000000000
129300  -42.388  40.808  1.918 0.0000000000
129312  -39.597  41.940  1.226 0.0000000000
129313  -40.078  41.340  0.793 0.0000000000
129323  -39.577  41.893  0.424 0.0000000000
129324  -40.067  41.463  -0.283 0.0000000000
129335  -40.707  41.424  -1.165 0.0000000000
129336  -41.629  41.361  -1.693 0.0000000000
129337  -42.422  41.589  -2.041 0.0000000000
129348  -42.363  40.928  -2.126 0.0000000000
129349  -43.228  41.091  -2.453 0.0000000000
129350  -44.187  41.158  -3.095 0.0000000000
129351  -44.785  41.746  -3.253 0.0000000000
129364  -43.115  41.336  -4.306 0.0000000000
129365  -44.239  41.214  -3.882 0.0000000000
129366  -44.936  42.092  -3.469 0.0000000000
129372  -42.849  40.681  -4.407 0.0000000000
129373  -43.460  40.679  -4.248 0.0000000000
129374  -43.760  40.510  -4.063 0.0000000000
130001  -41.765  42.450  10.192 0.0000000000
130002  -42.251  42.331  9.962 0.0000000000
130003  -42.359  42.182  9.690 0.0000000000
130010  -37.880  42.310  9.175 0.0000000000
130011  -39.032  42.447  9.356 0.0000000000
130012  -40.093  42.653  9.638 0.0000000000
130013  -41.179  43.074  10.003 0.0000000000
130014  -42.258  43.084  9.894 0.0000000000
130015  -42.875  42.805  9.314 0.0000000000
130016  -43.460  43.324  8.974 0.0000000000
130028  -38.716  42.540  8.530 0.0000000000
130029  -39.908  43.064  8.889 0.0000000000
130030  -40.495  43.169  9.469 0.0000000000
130031  -43.067  42.616  8.294 0.0000000000
130032  -43.464  43.106  8.662 0.0000000000
130047  -38.435  42.220  7.288 0.0000000000
130048  -39.774  42.910  7.700 0.0000000000
130049  -40.457  43.198  7.288 0.0000000000
130050  -42.249  42.211  6.898 0.0000000000
130051  -43.055  42.695  7.262 0.0000000000
130052  -43.688  43.157  7.835 0.0000000000
130066  -39.490  42.750  6.412 0.0000000000
130067  -40.229  43.089  6.845 0.0000000000
130068  -42.219  42.046  6.311 0.0000000000
130069  -42.883  42.402  6.098 0.0000000000
130070  -44.046  42.995  6.632 0.0000000000
130071  -44.606  43.228  6.396 0.0000000000
130080  -38.954  43.059  5.466 0.0000000000
130081  -39.748  43.419  5.706 0.0000000000
130082  -43.258  42.047  5.513 0.0000000000
130083  -43.829  42.327  5.664 0.0000000000
130084  -44.571  42.737  5.603 0.0000000000
130086  -44.690  42.636  4.608 0.0000000000
130093  -42.317  43.061  3.275 0.0000000000
130094  -42.816  42.950  3.280 0.0000000000
130095  -43.843  42.487  3.375 0.0000000000
130096  -44.532  42.850  4.051 0.0000000000
130105  -39.854  42.742  2.253 0.0000000000
130106  -40.394  42.465  2.383 0.0000000000
130107  -41.873  42.696  2.970 0.0000000000
130108  -43.115  42.270  2.928 0.0000000000
130109  -43.630  42.126  3.022 0.0000000000
130119  -39.135  42.917  1.524 0.0000000000
130120  -39.525  42.573  1.774 0.0000000000
130121  -40.016  42.235  2.035 0.0000000000
130131  -38.990  42.901  1.266 0.0000000000
130132  -39.152  42.541  0.728 0.0000000000
130142  -39.537  42.447  -0.162 0.0000000000
130143  -40.159  42.396  -0.906 0.0000000000
130154  -41.024  42.334  -1.403 0.0000000000
130155  -41.955  42.298  -1.689 0.0000000000
130156  -42.993  42.231  -2.079 0.0000000000
130157  -44.001  42.503  -2.188 0.0000000000
130158  -44.730  42.709  -2.358 0.0000000000
130166  -43.906  41.721  -2.500 0.0000000000
130167  -44.644  41.952  -2.702 0.0000000000
130168  -45.274  42.502  -2.871 0.0000000000
130169  -45.509  43.074  -3.012 0.0000000000
130181  -43.507  42.280  -3.946 0.0000000000
130182  -44.520  42.483  -3.731 0.0000000000
130183  -45.194  42.880  -3.385 0.0000000000
130184  -45.403  43.385  -3.159 0.0000000000
130859  -41.565  43.605  9.458 0.0000000000
130860  -42.152  43.676  9.553 0.0000000000
130861  -43.053  43.771  9.372 0.0000000000
130862  -43.442  43.638  9.125 0.0000000000
130869  -40.438  43.352  8.565 0.0000000000
130870  -40.953  43.596  9.028 0.0000000000
130871  -41.959  44.019  9.041 0.0000000000
130872  -42.811  44.219  9.056 0.0000000000
130873  -43.816  43.636  8.508 0.0000000000
130883  -40.205  43.214  8.296 0.0000000000
130884  -40.823  43.458  7.882 0.0000000000
130885  -41.786  43.982  8.218 0.0000000000
130886  -42.617  44.307  8.309 0.0000000000
130887  -44.388  43.694  7.400 0.0000000000
130888  -44.734  43.951  7.185 0.0000000000
130902  -40.357  43.435  6.174 0.0000000000
130903  -40.987  43.549  6.788 0.0000000000
130904  -41.989  44.121  7.114 0.0000000000
130905  -42.394  44.299  7.710 0.0000000000
130906  -44.567  43.406  6.746 0.0000000000
130907  -44.794  43.623  6.544 0.0000000000
130919  -39.468  44.008  5.314 0.0000000000
130920  -40.373  44.137  5.639 0.0000000000
130921  -41.177  44.126  6.052 0.0000000000
130922  -41.596  44.145  6.514 0.0000000000
130923  -44.870  43.483  5.468 0.0000000000
130928  -44.391  43.981  4.584 0.0000000000
130929  -44.709  43.427  4.702 0.0000000000
130931  -41.331  43.986  3.440 0.0000000000
130932  -42.261  43.596  3.527 0.0000000000
130933  -43.327  43.564  3.774 0.0000000000
130934  -44.120  43.439  4.065 0.0000000000
130935  -44.469  43.403  4.367 0.0000000000
130942  -38.972  43.856  2.149 0.0000000000
130943  -39.799  43.308  2.474 0.0000000000
130944  -40.860  43.292  2.995 0.0000000000
130945  -41.562  43.369  3.259 0.0000000000
130955  -38.959  43.309  1.537 0.0000000000
130956  -39.269  43.236  1.995 0.0000000000
130967  -38.814  43.473  0.681 0.0000000000
130968  -39.172  43.113  0.064 0.0000000000
130980  -39.092  43.789  -0.068 0.0000000000
130981  -39.713  43.427  -0.543 0.0000000000
130982  -40.626  43.346  -1.166 0.0000000000
130992  -41.530  43.159  -1.392 0.0000000000
130993  -42.336  43.071  -1.566 0.0000000000
130994  -43.242  43.235  -1.719 0.0000000000
130995  -44.241  43.375  -1.803 0.0000000000
130996  -45.126  43.405  -2.101 0.0000000000
130997  -45.451  43.778  -2.286 0.0000000000
131006  -43.991  43.608  -3.493 0.0000000000
131007  -44.210  43.578  -3.509 0.0000000000
131008  -45.411  43.248  -2.637 0.0000000000
131009  -45.472  43.680  -2.782 0.0000000000
131025  -43.808  43.434  -3.531 0.0000000000
131026  -44.616  43.391  -3.538 0.0000000000
131027  -45.153  43.642  -3.366 0.0000000000
131028  -45.391  43.899  -3.110 0.0000000000
131663  -43.476  44.092  9.150 0.0000000000
131664  -43.438  43.901  9.207 0.0000000000
131670  -43.505  44.201  8.939 0.0000000000
131671  -43.705  44.001  8.948 0.0000000000
131682  -43.437  44.476  8.266 0.0000000000
131683  -44.130  44.213  8.117 0.0000000000
131684  -44.555  44.089  7.470 0.0000000000
131697  -42.566  44.668  6.719 0.0000000000
131698  -43.147  44.712  7.130 0.0000000000
131699  -44.079  44.785  7.526 0.0000000000
131700  -44.599  44.369  7.108 0.0000000000
131712  -38.111  44.847  5.100 0.0000000000
131713  -39.139  44.844  5.287 0.0000000000
131714  -40.214  44.950  5.472 0.0000000000
131715  -41.248  45.056  5.688 0.0000000000
131716  -42.202  44.876  6.205 0.0000000000
131717  -42.821  44.994  6.513 0.0000000000
131718  -44.848  44.320  6.097 0.0000000000
131725  -42.638  45.532  4.514 0.0000000000
131726  -43.508  45.323  4.693 0.0000000000
131727  -44.266  44.915  4.886 0.0000000000
131728  -44.720  44.237  5.207 0.0000000000
131732  -40.099  45.073  3.431 0.0000000000
131733  -41.038  44.892  3.703 0.0000000000
131734  -41.973  44.703  3.969 0.0000000000
131735  -42.926  44.534  4.151 0.0000000000
131736  -43.787  44.332  4.347 0.0000000000
131739  -38.694  44.894  2.321 0.0000000000
131740  -39.485  44.411  2.790 0.0000000000
131741  -40.401  44.135  3.165 0.0000000000
131748  -38.530  44.422  1.298 0.0000000000
131757  -38.778  44.492  0.234 0.0000000000
131769  -39.422  44.489  -0.394 0.0000000000
131770  -40.333  44.407  -0.836 0.0000000000
131771  -41.547  44.284  -1.175 0.0000000000
131772  -42.656  44.764  -1.093 0.0000000000
131773  -43.186  44.931  -1.067 0.0000000000
131785  -41.941  43.609  -1.368 0.0000000000
131786  -42.497  43.895  -1.388 0.0000000000
131787  -43.465  44.345  -1.355 0.0000000000
131788  -44.589  44.318  -1.480 0.0000000000
131789  -45.312  44.377  -1.768 0.0000000000
131790  -45.496  44.362  -2.299 0.0000000000
131802  -44.132  43.813  -3.430 0.0000000000
131803  -44.409  43.723  -3.469 0.0000000000
131804  -45.434  44.295  -2.802 0.0000000000
131824  -43.823  44.402  -3.329 0.0000000000
131825  -44.606  44.177  -3.374 0.0000000000
131826  -45.191  44.266  -3.217 0.0000000000
131827  -45.369  44.271  -3.046 0.0000000000
132549  -43.636  45.271  6.540 0.0000000000
132550  -44.003  45.175  6.878 0.0000000000
132551  -44.315  44.852  7.017 0.0000000000
132572  -37.676  45.753  5.510 0.0000000000
132573  -38.806  45.751  5.555 0.0000000000
132574  -39.934  45.808  5.631 0.0000000000
132575  -41.053  46.017  5.636 0.0000000000
132576  -42.227  46.209  5.587 0.0000000000
132577  -43.189  45.567  6.091 0.0000000000
132578  -43.984  45.451  6.212 0.0000000000
132579  -44.442  44.936  6.508 0.0000000000
132595  -41.444  46.579  4.516 0.0000000000
132596  -42.267  46.342  4.895 0.0000000000
132597  -43.045  45.957  5.193 0.0000000000
132598  -43.819  45.585  5.438 0.0000000000
132599  -44.441  45.018  5.697 0.0000000000
132613  -38.984  46.260  3.392 0.0000000000
132614  -39.888  46.013  3.699 0.0000000000
132615  -40.798  45.808  3.954 0.0000000000
132616  -41.701  45.666  4.290 0.0000000000
132624  -38.112  46.418  2.422 0.0000000000
132625  -38.497  45.824  2.675 0.0000000000
132626  -39.212  45.367  3.092 0.0000000000
132634  -37.979  46.476  1.986 0.0000000000
132635  -38.167  45.810  1.691 0.0000000000
132642  -38.501  45.458  0.586 0.0000000000
132648  -39.075  45.400  -0.159 0.0000000000
132649  -39.962  45.412  -0.559 0.0000000000
132650  -41.015  45.409  -0.800 0.0000000000
132651  -42.135  45.493  -0.788 0.0000000000
132652  -43.260  45.554  -0.794 0.0000000000
132653  -44.203  45.930  -0.792 0.0000000000
132654  -44.676  46.115  -0.887 0.0000000000
132660  -43.454  45.011  -1.089 0.0000000000
132661  -43.977  45.139  -1.158 0.0000000000
132662  -44.932  45.443  -1.209 0.0000000000
132663  -45.493  45.195  -1.860 0.0000000000
132670  -45.251  45.465  -2.825 0.0000000000
132671  -45.424  44.991  -2.494 0.0000000000
132683  -44.265  45.236  -3.381 0.0000000000
132684  -44.947  44.978  -3.174 0.0000000000
132685  -45.304  44.702  -2.961 0.0000000000
133333  -35.884  47.337  6.462 0.0000000000
133334  -36.920  47.489  6.530 0.0000000000
133335  -38.037  47.480  6.611 0.0000000000
133336  -39.169  47.441  6.466 0.0000000000
133337  -40.263  47.418  6.381 0.0000000000
133338  -41.083  47.471  6.347 0.0000000000
133351  -37.262  46.654  6.168 0.0000000000
133352  -38.415  46.641  6.070 0.0000000000
133353  -39.572  46.627  6.064 0.0000000000
133354  -40.696  46.729  6.124 0.0000000000
133355  -41.681  47.150  6.014 0.0000000000
133367  -40.338  47.416  4.550 0.0000000000
133368  -40.890  47.306  4.645 0.0000000000
133369  -41.857  47.299  5.304 0.0000000000
133384  -34.204  47.259  3.717 0.0000000000
133385  -38.192  47.257  3.293 0.0000000000
133386  -38.553  47.054  3.501 0.0000000000
133387  -39.761  47.094  4.162 0.0000000000
133388  -40.575  46.564  4.198 0.0000000000
133400  -38.008  47.026  2.983 0.0000000000
133401  -38.341  46.472  3.016 0.0000000000
133405  -37.889  46.968  2.252 0.0000000000
133406  -38.026  46.815  1.589 0.0000000000
133414  -38.419  46.578  0.761 0.0000000000
133415  -39.084  46.796  0.247 0.0000000000
133423  -38.862  46.123  0.175 0.0000000000
133424  -39.646  46.359  -0.157 0.0000000000
133425  -40.650  46.285  -0.406 0.0000000000
133426  -41.684  46.350  -0.437 0.0000000000
133427  -42.722  46.486  -0.416 0.0000000000
133428  -43.691  46.618  -0.511 0.0000000000
133429  -44.434  46.602  -0.742 0.0000000000
133434  -44.958  46.400  -1.111 0.0000000000
133435  -45.409  46.099  -1.613 0.0000000000
133438  -45.271  46.067  -2.746 0.0000000000
133439  -45.486  45.957  -2.304 0.0000000000
133445  -44.817  46.025  -3.171 0.0000000000
134078  -34.778  47.290  6.132 0.0000000000
134079  -35.644  47.631  6.328 0.0000000000
134080  -36.618  48.169  6.521 0.0000000000
134081  -37.709  48.287  6.758 0.0000000000
134082  -38.767  48.204  6.698 0.0000000000
134083  -39.850  48.017  6.527 0.0000000000
134084  -40.808  47.913  6.501 0.0000000000
134085  -41.443  47.849  6.276 0.0000000000
134090  -34.857  47.270  5.201 0.0000000000
134091  -35.665  47.898  5.746 0.0000000000
134092  -36.059  48.086  6.231 0.0000000000
134093  -40.729  48.282  5.623 0.0000000000
134094  -41.473  48.175  5.810 0.0000000000
134095  -41.833  47.861  5.923 0.0000000000
134100  -34.824  47.373  4.214 0.0000000000
134101  -35.473  47.756  4.641 0.0000000000
134102  -39.241  48.178  4.811 0.0000000000
134103  -40.252  47.823  4.861 0.0000000000
134104  -41.273  47.883  5.307 0.0000000000
134105  -41.703  47.864  5.627 0.0000000000
134112  -33.650  47.806  3.126 0.0000000000
134113  -34.648  47.839  3.552 0.0000000000
134114  -35.222  47.790  3.959 0.0000000000
134115  -38.158  47.750  3.397 0.0000000000
134116  -38.856  47.731  4.117 0.0000000000
134117  -39.527  47.716  4.485 0.0000000000
134129  -32.426  47.710  2.288 0.0000000000
134130  -33.064  47.803  2.696 0.0000000000
134131  -37.906  47.636  2.622 0.0000000000
134141  -33.230  47.596  1.395 0.0000000000
134142  -34.021  47.696  1.226 0.0000000000
134143  -34.799  47.835  1.116 0.0000000000
134144  -37.968  47.634  1.872 0.0000000000
134145  -38.391  47.545  1.162 0.0000000000
134157  -38.950  47.445  0.564 0.0000000000
134158  -39.814  47.386  0.250 0.0000000000
134159  -40.904  47.660  0.338 0.0000000000
134160  -41.919  47.869  0.357 0.0000000000
134161  -42.522  48.012  0.206 0.0000000000
134172  -40.444  46.967  -0.050 0.0000000000
134173  -41.319  47.064  -0.043 0.0000000000
134174  -42.242  47.249  -0.100 0.0000000000
134175  -42.971  47.520  -0.401 0.0000000000
134176  -44.042  47.289  -0.726 0.0000000000
134177  -44.697  47.025  -1.051 0.0000000000
134186  -42.617  47.910  -1.566 0.0000000000
134187  -43.280  47.771  -1.228 0.0000000000
134188  -44.410  47.503  -1.515 0.0000000000
134189  -45.189  46.937  -1.685 0.0000000000
134190  -45.475  46.475  -2.073 0.0000000000
134195  -42.933  47.922  -2.189 0.0000000000
134196  -43.934  48.004  -2.429 0.0000000000
134197  -44.829  47.546  -2.412 0.0000000000
134198  -45.238  46.727  -2.625 0.0000000000
134199  -45.424  46.407  -2.305 0.0000000000
134202  -43.243  48.097  -2.734 0.0000000000
134203  -43.533  48.246  -3.102 0.0000000000
134205  -44.623  47.150  -3.740 0.0000000000
134753  -36.984  48.700  6.381 0.0000000000
134754  -37.494  48.851  6.624 0.0000000000
134755  -38.397  48.958  6.739 0.0000000000
134756  -39.345  48.490  6.422 0.0000000000
134757  -40.416  48.218  6.326 0.0000000000
134758  -41.131  48.142  6.324 0.0000000000
134762  -36.064  48.226  5.638 0.0000000000
134763  -36.466  48.552  5.835 0.0000000000
134764  -38.865  49.043  6.287 0.0000000000
134765  -39.908  48.516  6.047 0.0000000000
134766  -40.988  48.380  6.117 0.0000000000
134767  -41.487  48.142  6.137 0.0000000000
134771  -36.076  48.226  5.050 0.0000000000
134772  -36.469  48.973  4.675 0.0000000000
134773  -38.832  48.831  5.478 0.0000000000
134774  -39.823  48.313  5.444 0.0000000000
134779  -33.713  48.217  2.906 0.0000000000
134780  -34.216  48.448  3.087 0.0000000000
134781  -35.532  48.559  3.814 0.0000000000
134782  -36.140  49.508  4.007 0.0000000000
134783  -38.051  48.440  3.447 0.0000000000
134784  -38.301  48.689  4.211 0.0000000000
134792  -32.827  47.953  2.085 0.0000000000
134793  -33.440  48.089  2.480 0.0000000000
134794  -34.338  48.607  2.483 0.0000000000
134795  -34.887  48.891  2.211 0.0000000000
134796  -37.922  48.384  2.878 0.0000000000
134797  -38.116  48.786  2.347 0.0000000000
134805  -33.085  47.993  1.899 0.0000000000
134806  -33.704  48.185  1.866 0.0000000000
134807  -34.500  48.387  1.722 0.0000000000
134808  -35.552  48.641  1.454 0.0000000000
134809  -36.298  49.288  1.529 0.0000000000
134810  -37.962  48.209  2.244 0.0000000000
134811  -38.484  48.584  1.625 0.0000000000
134812  -39.615  48.816  1.088 0.0000000000
134813  -40.922  49.039  1.275 0.0000000000
134814  -42.060  49.240  1.310 0.0000000000
134815  -42.704  49.389  1.331 0.0000000000
134825  -38.921  48.121  0.930 0.0000000000
134826  -39.505  48.025  0.645 0.0000000000
134827  -40.372  48.271  0.656 0.0000000000
134828  -41.502  48.476  0.797 0.0000000000
134829  -42.531  48.812  0.834 0.0000000000
134840  -41.671  48.802  -0.604 0.0000000000
134841  -42.324  48.695  -0.227 0.0000000000
134842  -42.541  48.516  0.189 0.0000000000
134855  -41.212  48.546  -1.410 0.0000000000
134856  -42.248  48.201  -1.012 0.0000000000
134857  -42.662  48.090  -0.453 0.0000000000
134866  -42.005  47.959  -1.978 0.0000000000
134867  -44.090  48.327  -3.295 0.0000000000
134868  -44.563  48.044  -3.210 0.0000000000
134869  -44.845  47.546  -3.169 0.0000000000
134877  -44.644  48.020  -3.940 0.0000000000
135468  -37.251  49.144  6.104 0.0000000000
135469  -37.931  49.362  6.339 0.0000000000
135470  -38.354  49.230  6.358 0.0000000000
135475  -36.959  49.402  5.297 0.0000000000
135476  -37.608  49.708  5.431 0.0000000000
135477  -38.164  49.572  5.687 0.0000000000
135480  -36.665  50.015  4.481 0.0000000000
135481  -37.190  49.880  4.979 0.0000000000
135482  -38.124  49.834  4.765 0.0000000000
135486  -34.865  49.145  3.055 0.0000000000
135487  -35.669  49.809  3.441 0.0000000000
135488  -36.177  50.087  3.907 0.0000000000
135489  -37.989  49.033  3.249 0.0000000000
135490  -38.202  49.898  3.686 0.0000000000
135495  -34.885  49.038  2.649 0.0000000000
135496  -35.388  49.600  2.578 0.0000000000
135497  -35.954  50.079  2.414 0.0000000000
135498  -38.043  48.991  2.709 0.0000000000
135499  -38.481  49.771  2.412 0.0000000000
135500  -39.444  50.272  1.869 0.0000000000
135506  -35.879  49.546  1.973 0.0000000000
135507  -36.419  50.003  1.924 0.0000000000
135508  -36.992  50.097  1.596 0.0000000000
135509  -39.164  49.514  1.586 0.0000000000
135510  -40.212  49.888  1.531 0.0000000000
135511  -41.537  49.957  1.695 0.0000000000
135512  -42.559  49.929  1.638 0.0000000000
135513  -43.048  49.657  1.338 0.0000000000
135519  -36.791  49.569  1.365 0.0000000000
135522  -42.403  50.001  0.458 0.0000000000
135523  -42.754  49.522  0.658 0.0000000000
135532  -40.920  49.434  -0.836 0.0000000000
135533  -41.984  49.549  -0.015 0.0000000000
135534  -42.538  49.077  0.167 0.0000000000
136154  -37.594  50.043  5.097 0.0000000000
136155  -37.847  50.062  5.112 0.0000000000
136160  -36.784  50.663  4.357 0.0000000000
136161  -37.388  50.443  4.712 0.0000000000
136162  -37.961  50.694  4.629 0.0000000000
136166  -35.708  50.430  3.048 0.0000000000
136167  -36.364  50.774  3.756 0.0000000000
136168  -38.417  51.055  4.093 0.0000000000
136169  -39.065  51.514  3.518 0.0000000000
136173  -35.812  50.287  2.729 0.0000000000
136174  -36.405  50.910  2.634 0.0000000000
136175  -37.083  51.443  2.466 0.0000000000
136176  -38.641  50.796  3.185 0.0000000000
136177  -39.691  51.221  2.545 0.0000000000
136178  -41.185  51.557  2.653 0.0000000000
136179  -41.922  51.799  2.738 0.0000000000
136184  -36.802  50.468  1.974 0.0000000000
136185  -37.488  50.829  1.750 0.0000000000
136186  -38.182  51.244  1.431 0.0000000000
136187  -40.015  50.575  1.926 0.0000000000
136188  -40.841  50.708  2.113 0.0000000000
136189  -42.133  51.059  2.164 0.0000000000
136190  -42.873  50.559  1.614 0.0000000000
136198  -42.633  50.412  0.778 0.0000000000
136199  -43.023  50.289  1.146 0.0000000000
136207  -41.071  50.449  -0.412 0.0000000000
136208  -41.898  50.537  0.325 0.0000000000
136834  -36.930  51.144  4.296 0.0000000000
136835  -37.558  51.817  4.376 0.0000000000
136836  -38.575  52.102  4.309 0.0000000000
136837  -39.115  52.765  4.237 0.0000000000
136844  -36.824  51.641  4.024 0.0000000000
136845  -37.136  52.304  3.837 0.0000000000
136846  -38.956  51.799  4.008 0.0000000000
136847  -39.684  52.373  3.711 0.0000000000
136848  -40.795  52.668  3.407 0.0000000000
136854  -36.644  51.664  3.478 0.0000000000
136855  -37.126  52.142  2.997 0.0000000000
136856  -37.748  52.400  2.641 0.0000000000
136857  -40.600  52.056  3.105 0.0000000000
136858  -41.506  52.374  3.103 0.0000000000
136859  -42.302  52.264  2.629 0.0000000000
136865  -37.519  51.764  2.398 0.0000000000
136866  -38.234  51.955  2.016 0.0000000000
136867  -38.864  52.303  1.622 0.0000000000
136868  -42.579  51.748  1.729 0.0000000000
136869  -42.782  50.893  1.317 0.0000000000
136876  -38.676  51.624  1.161 0.0000000000
136877  -39.253  52.316  0.942 0.0000000000
136878  -42.151  51.402  0.812 0.0000000000
136879  -42.809  50.752  1.024 0.0000000000
136889  -39.449  52.487  0.107 0.0000000000
136891  -41.232  51.486  -0.198 0.0000000000
137534  -37.707  52.791  4.160 0.0000000000
137535  -38.110  52.752  4.354 0.0000000000
137536  -38.715  52.985  4.334 0.0000000000
137546  -37.748  53.002  3.592 0.0000000000
137547  -38.248  53.377  3.505 0.0000000000
137548  -39.461  53.323  4.122 0.0000000000
137549  -40.673  53.386  3.625 0.0000000000
137550  -41.144  53.794  3.326 0.0000000000
137560  -37.662  52.769  2.995 0.0000000000
137561  -38.450  53.109  2.792 0.0000000000
137562  -39.289  53.509  2.599 0.0000000000
137563  -41.293  52.973  3.430 0.0000000000
137564  -41.728  53.362  3.066 0.0000000000
137573  -38.761  52.589  2.105 0.0000000000
137574  -39.396  53.043  1.892 0.0000000000
137575  -42.221  53.093  1.995 0.0000000000
137582  -39.850  53.096  0.761 0.0000000000
137583  -41.786  52.730  0.973 0.0000000000
137594  -39.878  53.110  -0.295 0.0000000000
137596  -41.259  52.758  -0.376 0.0000000000
138248  -37.986  53.050  4.278 0.0000000000
138249  -38.261  53.220  4.254 0.0000000000
138250  -38.741  53.401  4.159 0.0000000000
138254  -37.934  53.237  4.107 0.0000000000
138255  -38.306  53.517  3.936 0.0000000000
138256  -39.078  53.630  3.809 0.0000000000
138257  -39.965  53.903  3.652 0.0000000000
138258  -40.716  54.006  3.412 0.0000000000
138265  -38.670  53.564  3.504 0.0000000000
138266  -39.364  53.855  3.172 0.0000000000
138267  -40.339  54.159  3.054 0.0000000000
138268  -41.147  54.084  2.964 0.0000000000
138276  -39.902  53.850  2.428 0.0000000000
138277  -40.730  54.091  2.244 0.0000000000
138278  -41.484  53.847  2.139 0.0000000000
138286  -40.293  53.722  1.514 0.0000000000
138287  -40.988  54.129  1.243 0.0000000000
138288  -41.500  53.659  1.096 0.0000000000
138300  -40.528  53.646  0.424 0.0000000000
138301  -41.010  53.885  0.098 0.0000000000
138302  -41.197  53.541  -0.148 0.0000000000
138308  -40.490  53.548  -0.844 0.0000000000
