#!ascii label  , from subject ab_data vox2ras=TkReg
1127
140301  -16.900  56.967  1.763 0.0000000000
140302  -17.705  56.609  2.012 0.0000000000
140314  -16.921  57.123  1.193 0.0000000000
140315  -17.521  56.997  1.056 0.0000000000
140316  -18.474  56.885  1.268 0.0000000000
140329  -17.866  57.268  0.674 0.0000000000
140330  -18.078  57.091  0.848 0.0000000000
140929  -15.857  58.076  1.618 0.0000000000
140930  -16.420  57.486  1.268 0.0000000000
140931  -16.929  57.329  0.792 0.0000000000
140932  -18.730  57.282  0.947 0.0000000000
140933  -19.261  57.542  1.055 0.0000000000
140948  -15.922  57.959  0.855 0.0000000000
140949  -16.539  57.886  0.387 0.0000000000
140950  -17.448  57.675  0.330 0.0000000000
140951  -18.429  57.579  0.603 0.0000000000
140952  -19.019  58.048  0.597 0.0000000000
140968  -16.997  58.114  -0.113 0.0000000000
140969  -17.316  58.119  -0.050 0.0000000000
141519  -15.564  58.800  2.001 0.0000000000
141520  -19.408  58.502  0.732 0.0000000000
141521  -20.066  58.605  1.313 0.0000000000
141532  -15.494  58.691  0.952 0.0000000000
141533  -15.918  58.347  0.293 0.0000000000
141534  -17.562  58.149  -0.023 0.0000000000
141535  -17.994  58.230  0.002 0.0000000000
141536  -18.917  58.743  0.179 0.0000000000
141552  -15.583  58.925  0.017 0.0000000000
141553  -16.356  58.695  -0.569 0.0000000000
141554  -17.436  58.478  -0.535 0.0000000000
141555  -18.361  58.775  -0.607 0.0000000000
141556  -19.177  59.339  -0.548 0.0000000000
141576  -16.488  59.149  -1.294 0.0000000000
141577  -17.060  58.972  -1.570 0.0000000000
141578  -18.001  58.840  -1.410 0.0000000000
141579  -18.864  59.069  -1.410 0.0000000000
141599  -17.312  59.291  -2.145 0.0000000000
141600  -17.806  59.144  -2.141 0.0000000000
141601  -18.545  59.048  -2.056 0.0000000000
142083  -14.785  60.220  0.883 0.0000000000
142084  -15.098  59.704  1.551 0.0000000000
142085  -19.662  59.726  0.751 0.0000000000
142098  -14.818  60.322  0.104 0.0000000000
142099  -15.140  59.556  0.446 0.0000000000
142100  -19.406  59.993  0.145 0.0000000000
142113  -14.992  60.491  -0.422 0.0000000000
142114  -15.489  59.811  -0.799 0.0000000000
142115  -16.151  59.295  -1.156 0.0000000000
142116  -19.794  60.239  -0.449 0.0000000000
142117  -20.153  60.679  -0.553 0.0000000000
142126  -15.851  60.236  -1.647 0.0000000000
142127  -16.411  59.720  -1.903 0.0000000000
142128  -17.011  59.382  -2.121 0.0000000000
142129  -19.756  59.479  -1.321 0.0000000000
142130  -20.471  60.279  -1.129 0.0000000000
142131  -20.988  60.596  -1.405 0.0000000000
142132  -26.889  59.840  -1.149 0.0000000000
142140  -16.768  60.153  -2.493 0.0000000000
142141  -17.423  59.851  -2.693 0.0000000000
142142  -18.545  59.405  -2.760 0.0000000000
142143  -19.488  59.236  -2.399 0.0000000000
142144  -20.438  59.579  -2.102 0.0000000000
142145  -21.035  60.134  -1.968 0.0000000000
142156  -17.930  60.472  -3.381 0.0000000000
142157  -18.459  60.040  -3.446 0.0000000000
142158  -19.518  59.722  -3.606 0.0000000000
142159  -20.523  59.655  -3.175 0.0000000000
142160  -20.892  59.820  -2.580 0.0000000000
142167  -20.105  59.954  -4.073 0.0000000000
142168  -20.256  59.816  -3.771 0.0000000000
142646  -14.674  61.210  1.687 0.0000000000
142647  -14.968  60.715  2.331 0.0000000000
142655  -14.609  61.174  0.780 0.0000000000
142656  -14.759  60.575  1.474 0.0000000000
142661  -23.859  61.021  0.518 0.0000000000
142675  -14.771  61.073  -0.181 0.0000000000
142676  -19.530  61.112  0.608 0.0000000000
142677  -19.570  61.811  0.506 0.0000000000
142678  -23.936  61.184  -0.314 0.0000000000
142679  -24.712  60.634  -0.200 0.0000000000
142680  -25.627  60.209  -0.026 0.0000000000
142688  -15.133  60.906  -0.830 0.0000000000
142689  -15.572  60.817  -1.517 0.0000000000
142690  -19.613  60.708  0.086 0.0000000000
142691  -19.905  61.438  -0.111 0.0000000000
142692  -20.277  62.079  -0.355 0.0000000000
142693  -24.080  61.456  -0.727 0.0000000000
142694  -24.685  61.081  -1.043 0.0000000000
142695  -25.581  60.434  -0.934 0.0000000000
142696  -26.375  59.957  -0.737 0.0000000000
142698  -16.167  60.807  -2.261 0.0000000000
142699  -16.528  60.356  -2.387 0.0000000000
142700  -20.360  60.891  -0.635 0.0000000000
142701  -20.726  61.308  -0.857 0.0000000000
142702  -25.160  61.410  -1.518 0.0000000000
142703  -25.628  60.983  -1.604 0.0000000000
142704  -26.828  60.490  -1.765 0.0000000000
142709  -16.540  61.299  -2.684 0.0000000000
142710  -16.883  60.851  -2.880 0.0000000000
142711  -17.482  60.669  -3.211 0.0000000000
142712  -21.467  60.889  -1.746 0.0000000000
142713  -21.868  60.912  -2.375 0.0000000000
142714  -27.472  61.169  -2.324 0.0000000000
142715  -28.087  60.896  -2.359 0.0000000000
142725  -17.445  61.219  -3.399 0.0000000000
142726  -17.865  61.048  -3.659 0.0000000000
142727  -18.439  60.786  -3.979 0.0000000000
142728  -19.019  60.314  -4.059 0.0000000000
142729  -20.974  59.923  -3.459 0.0000000000
142730  -21.447  60.213  -2.951 0.0000000000
142731  -22.277  60.991  -2.935 0.0000000000
142740  -18.970  60.746  -4.545 0.0000000000
142741  -19.793  60.408  -4.610 0.0000000000
142742  -20.868  60.138  -4.095 0.0000000000
142743  -22.128  60.788  -4.015 0.0000000000
142744  -22.561  61.263  -3.521 0.0000000000
142754  -20.719  60.749  -5.106 0.0000000000
142755  -21.626  60.887  -4.858 0.0000000000
142756  -22.156  61.078  -4.664 0.0000000000
143153  -14.644  62.422  2.355 0.0000000000
143165  -14.592  62.078  1.500 0.0000000000
143166  -14.716  61.622  2.217 0.0000000000
143182  -14.570  62.196  0.673 0.0000000000
143201  -14.668  61.955  -0.014 0.0000000000
143203  -19.422  62.080  0.867 0.0000000000
143204  -20.877  62.314  1.303 0.0000000000
143205  -21.755  62.101  0.749 0.0000000000
143206  -22.993  61.578  0.257 0.0000000000
143208  -14.983  61.766  -0.698 0.0000000000
143209  -15.376  61.681  -1.353 0.0000000000
143210  -19.540  62.437  0.515 0.0000000000
143211  -19.836  62.776  -0.040 0.0000000000
143212  -22.453  62.428  0.054 0.0000000000
143213  -23.428  62.047  -0.587 0.0000000000
143214  -24.191  61.726  -1.011 0.0000000000
143216  -15.839  61.709  -2.053 0.0000000000
143217  -20.640  62.626  -0.570 0.0000000000
143218  -21.244  62.618  -1.187 0.0000000000
143219  -24.069  62.383  -1.080 0.0000000000
143220  -24.775  62.015  -1.439 0.0000000000
143221  -25.655  61.838  -1.838 0.0000000000
143222  -26.261  61.333  -2.022 0.0000000000
143224  -16.385  61.797  -2.590 0.0000000000
143225  -16.824  61.806  -3.016 0.0000000000
143226  -21.220  61.852  -1.262 0.0000000000
143227  -21.892  61.858  -1.966 0.0000000000
143228  -26.371  62.010  -2.147 0.0000000000
143229  -27.079  61.722  -2.304 0.0000000000
143230  -28.111  61.822  -2.431 0.0000000000
143239  -17.286  61.785  -3.394 0.0000000000
143240  -17.815  61.819  -3.846 0.0000000000
143241  -18.176  61.403  -4.120 0.0000000000
143242  -22.712  61.815  -2.901 0.0000000000
143243  -23.058  62.175  -3.298 0.0000000000
143250  -18.065  61.867  -4.464 0.0000000000
143251  -18.560  61.417  -4.804 0.0000000000
143252  -19.254  61.032  -5.073 0.0000000000
143253  -22.429  61.246  -4.501 0.0000000000
143254  -22.936  61.677  -4.070 0.0000000000
143255  -23.248  62.286  -3.630 0.0000000000
143260  -19.114  61.520  -5.477 0.0000000000
143261  -20.030  61.373  -5.635 0.0000000000
143262  -21.288  61.622  -5.598 0.0000000000
143263  -22.404  61.593  -5.042 0.0000000000
143264  -22.891  61.981  -4.701 0.0000000000
143272  -20.766  62.035  -5.942 0.0000000000
143273  -21.166  62.137  -5.874 0.0000000000
143629  -14.580  63.311  2.460 0.0000000000
143647  -14.500  63.066  1.726 0.0000000000
143662  -14.525  62.958  0.911 0.0000000000
143669  -14.608  62.895  0.059 0.0000000000
143671  -19.473  62.687  1.114 0.0000000000
143672  -20.122  62.968  1.198 0.0000000000
143673  -20.845  62.962  0.761 0.0000000000
143676  -14.877  62.739  -0.778 0.0000000000
143677  -15.216  62.352  -1.215 0.0000000000
143678  -19.740  63.101  0.662 0.0000000000
143679  -20.531  63.604  0.237 0.0000000000
143680  -21.584  63.516  0.270 0.0000000000
143681  -22.723  63.361  -0.218 0.0000000000
143684  -15.323  62.995  -1.434 0.0000000000
143685  -15.698  62.634  -1.863 0.0000000000
143686  -20.979  63.497  -0.673 0.0000000000
143687  -21.573  63.133  -1.384 0.0000000000
143688  -23.625  63.235  -0.749 0.0000000000
143689  -24.500  63.189  -1.234 0.0000000000
143690  -25.500  62.958  -1.688 0.0000000000
143691  -26.289  63.188  -1.971 0.0000000000
143694  -16.303  62.613  -2.483 0.0000000000
143695  -16.819  62.627  -3.001 0.0000000000
143696  -22.307  62.864  -2.092 0.0000000000
143697  -22.767  63.154  -2.420 0.0000000000
143698  -26.125  62.527  -2.011 0.0000000000
143699  -26.897  62.808  -2.244 0.0000000000
143700  -27.957  62.757  -2.354 0.0000000000
143701  -29.068  62.782  -2.376 0.0000000000
143709  -17.200  62.533  -3.434 0.0000000000
143710  -17.538  62.475  -3.851 0.0000000000
143711  -22.857  62.534  -2.750 0.0000000000
143712  -23.245  62.847  -3.037 0.0000000000
143719  -17.079  62.952  -5.027 0.0000000000
143720  -17.567  62.554  -4.653 0.0000000000
143721  -18.047  62.046  -5.057 0.0000000000
143722  -23.128  62.198  -4.492 0.0000000000
143723  -23.526  62.670  -4.011 0.0000000000
143733  -17.268  62.841  -5.334 0.0000000000
143734  -17.775  62.590  -5.624 0.0000000000
143735  -18.577  62.099  -5.650 0.0000000000
143736  -19.357  61.972  -5.930 0.0000000000
143737  -21.420  62.243  -5.806 0.0000000000
143738  -22.036  62.558  -5.623 0.0000000000
143739  -23.090  62.597  -4.971 0.0000000000
143740  -23.571  63.134  -4.511 0.0000000000
143755  -18.343  62.759  -6.175 0.0000000000
143756  -19.101  62.680  -6.253 0.0000000000
143757  -20.132  62.530  -6.201 0.0000000000
143758  -21.250  62.726  -6.006 0.0000000000
143759  -21.813  63.051  -5.865 0.0000000000
143789  -12.200  63.273  -10.152 0.0000000000
143790  -12.719  63.233  -9.903 0.0000000000
143791  -13.583  63.139  -9.741 0.0000000000
143792  -14.287  63.035  -9.704 0.0000000000
143799  -12.542  63.039  -10.547 0.0000000000
143800  -13.316  62.908  -10.392 0.0000000000
143801  -14.247  62.915  -10.373 0.0000000000
143802  -14.706  62.893  -9.974 0.0000000000
143817  -13.052  62.906  -11.030 0.0000000000
143818  -13.817  62.983  -11.012 0.0000000000
143819  -14.328  63.015  -10.962 0.0000000000
144143  -14.531  64.047  2.499 0.0000000000
144164  -14.420  63.921  1.887 0.0000000000
144174  -14.440  63.832  1.106 0.0000000000
144178  -14.578  63.804  0.234 0.0000000000
144181  -14.894  63.804  -0.726 0.0000000000
144182  -15.533  64.145  -1.400 0.0000000000
144183  -20.994  64.323  -0.390 0.0000000000
144184  -21.328  64.603  -0.024 0.0000000000
144185  -22.337  64.766  0.079 0.0000000000
144186  -23.227  65.106  -0.140 0.0000000000
144189  -15.252  63.491  -1.265 0.0000000000
144190  -15.991  63.784  -1.902 0.0000000000
144191  -16.687  64.047  -2.576 0.0000000000
144192  -21.294  64.015  -0.901 0.0000000000
144193  -21.784  63.863  -1.392 0.0000000000
144194  -23.175  64.205  -0.318 0.0000000000
144195  -24.070  64.469  -0.645 0.0000000000
144196  -25.171  64.214  -1.301 0.0000000000
144197  -26.109  63.961  -1.701 0.0000000000
144200  -16.314  63.343  -2.371 0.0000000000
144201  -16.886  63.594  -2.947 0.0000000000
144202  -22.370  63.827  -1.840 0.0000000000
144203  -22.967  63.812  -2.321 0.0000000000
144204  -26.869  63.839  -2.086 0.0000000000
144205  -27.793  63.782  -2.298 0.0000000000
144206  -28.891  63.779  -2.328 0.0000000000
144207  -30.060  63.856  -2.126 0.0000000000
144213  -17.092  63.406  -3.651 0.0000000000
144214  -17.377  63.013  -3.896 0.0000000000
144215  -23.639  63.747  -2.998 0.0000000000
144216  -24.008  64.234  -3.268 0.0000000000
144224  -16.011  63.680  -5.026 0.0000000000
144225  -16.825  63.352  -4.624 0.0000000000
144226  -17.422  62.897  -4.223 0.0000000000
144227  -24.000  63.764  -4.014 0.0000000000
144228  -24.206  64.389  -3.596 0.0000000000
144241  -16.208  63.601  -5.494 0.0000000000
144242  -16.813  63.214  -5.530 0.0000000000
144243  -17.264  63.015  -5.878 0.0000000000
144244  -22.136  63.232  -5.763 0.0000000000
144245  -22.865  63.636  -5.539 0.0000000000
144246  -23.642  63.621  -4.842 0.0000000000
144261  -16.466  63.669  -6.061 0.0000000000
144262  -17.019  63.547  -6.258 0.0000000000
144263  -17.777  63.320  -6.397 0.0000000000
144264  -18.696  63.452  -6.563 0.0000000000
144265  -19.697  63.588  -6.591 0.0000000000
144266  -20.815  63.705  -6.391 0.0000000000
144267  -21.913  63.759  -5.989 0.0000000000
144268  -22.576  64.233  -5.802 0.0000000000
144287  -13.355  64.346  -9.045 0.0000000000
144288  -13.765  64.080  -8.964 0.0000000000
144289  -14.494  63.866  -8.868 0.0000000000
144290  -15.267  63.794  -8.859 0.0000000000
144298  -11.124  64.008  -9.939 0.0000000000
144299  -11.811  63.744  -9.811 0.0000000000
144300  -13.012  63.877  -9.288 0.0000000000
144301  -14.010  63.484  -9.286 0.0000000000
144302  -14.898  63.169  -9.403 0.0000000000
144303  -15.983  63.492  -9.468 0.0000000000
144311  -9.851  64.194  -10.809 0.0000000000
144312  -10.136  64.084  -10.679 0.0000000000
144313  -10.910  63.777  -10.372 0.0000000000
144314  -11.783  63.288  -10.538 0.0000000000
144325  -9.877  64.043  -11.014 0.0000000000
144326  -10.395  63.713  -11.088 0.0000000000
144327  -11.215  63.423  -11.241 0.0000000000
144328  -12.287  63.171  -11.411 0.0000000000
144344  -10.006  63.962  -11.535 0.0000000000
144345  -10.597  63.767  -11.890 0.0000000000
144346  -11.582  63.655  -12.182 0.0000000000
144662  -14.601  64.662  2.795 0.0000000000
144680  -14.464  64.710  2.073 0.0000000000
144684  -14.411  64.685  1.303 0.0000000000
144687  -14.488  64.682  0.444 0.0000000000
144690  -14.821  64.729  -0.448 0.0000000000
144691  -15.471  64.816  -1.220 0.0000000000
144692  -21.217  64.481  -0.676 0.0000000000
144693  -21.319  64.822  -0.553 0.0000000000
144694  -21.864  65.598  -0.386 0.0000000000
144695  -22.835  65.865  -0.161 0.0000000000
144698  -16.222  64.819  -1.830 0.0000000000
144699  -16.742  64.787  -2.500 0.0000000000
144700  -21.419  64.458  -0.938 0.0000000000
144701  -21.809  64.770  -1.135 0.0000000000
144702  -22.291  65.454  -1.165 0.0000000000
144703  -23.870  65.732  -0.462 0.0000000000
144704  -24.979  65.491  -0.755 0.0000000000
144705  -26.129  65.172  -1.329 0.0000000000
144706  -27.017  65.277  -1.651 0.0000000000
144707  -31.355  65.792  -1.871 0.0000000000
144711  -16.997  64.619  -3.063 0.0000000000
144712  -22.525  64.553  -1.664 0.0000000000
144713  -23.152  64.883  -1.959 0.0000000000
144714  -23.762  65.194  -2.238 0.0000000000
144715  -26.727  64.586  -1.783 0.0000000000
144716  -27.581  64.798  -1.997 0.0000000000
144717  -28.676  64.794  -2.182 0.0000000000
144718  -29.772  64.808  -2.127 0.0000000000
144725  -14.547  64.991  -4.134 0.0000000000
144726  -15.227  64.762  -3.973 0.0000000000
144727  -16.542  64.368  -3.664 0.0000000000
144728  -23.781  64.565  -2.683 0.0000000000
144729  -24.207  64.922  -2.980 0.0000000000
144740  -13.890  65.018  -4.990 0.0000000000
144741  -14.475  64.792  -4.638 0.0000000000
144742  -15.734  64.130  -4.619 0.0000000000
144743  -16.614  63.839  -4.167 0.0000000000
144744  -24.088  64.166  -4.539 0.0000000000
144745  -24.527  64.766  -3.994 0.0000000000
144746  -27.362  65.335  -5.060 0.0000000000
144747  -27.887  65.276  -4.888 0.0000000000
144758  -14.138  64.892  -5.275 0.0000000000
144759  -14.772  64.517  -5.465 0.0000000000
144760  -15.585  64.022  -5.488 0.0000000000
144761  -23.162  64.793  -5.617 0.0000000000
144762  -24.096  64.660  -5.066 0.0000000000
144763  -24.632  65.306  -4.458 0.0000000000
144773  -15.280  64.558  -6.115 0.0000000000
144774  -15.969  64.216  -6.228 0.0000000000
144775  -16.681  64.218  -6.480 0.0000000000
144776  -17.449  64.298  -6.711 0.0000000000
144777  -18.237  64.168  -6.813 0.0000000000
144778  -19.141  64.393  -6.932 0.0000000000
144779  -20.356  64.990  -6.812 0.0000000000
144780  -21.524  64.829  -6.344 0.0000000000
144781  -22.390  64.854  -5.941 0.0000000000
144791  -17.957  64.721  -6.903 0.0000000000
144792  -18.506  65.004  -7.069 0.0000000000
144793  -19.383  65.428  -7.134 0.0000000000
144794  -20.050  65.966  -7.053 0.0000000000
144801  -13.600  64.611  -8.929 0.0000000000
144802  -14.137  64.602  -8.791 0.0000000000
144803  -14.896  64.578  -8.663 0.0000000000
144804  -15.881  64.448  -8.681 0.0000000000
144805  -16.795  64.737  -8.763 0.0000000000
144806  -17.544  64.863  -8.917 0.0000000000
144814  -10.565  64.729  -9.830 0.0000000000
144815  -11.036  64.562  -9.749 0.0000000000
144816  -12.052  64.752  -9.370 0.0000000000
144817  -13.021  64.926  -9.068 0.0000000000
144818  -16.628  64.027  -9.091 0.0000000000
144819  -17.320  64.256  -9.266 0.0000000000
144820  -18.282  64.502  -9.536 0.0000000000
144827  -9.047  64.654  -10.891 0.0000000000
144828  -9.541  64.446  -10.756 0.0000000000
144829  -10.319  64.510  -10.101 0.0000000000
144830  -10.828  64.174  -10.008 0.0000000000
144841  -8.316  64.781  -11.868 0.0000000000
144842  -8.848  64.636  -11.388 0.0000000000
144843  -9.561  64.226  -11.387 0.0000000000
144855  -27.465  65.447  -12.148 0.0000000000
144856  -27.662  65.994  -11.992 0.0000000000
144859  -8.052  64.897  -12.314 0.0000000000
144860  -8.721  64.655  -12.358 0.0000000000
144861  -9.722  64.282  -12.304 0.0000000000
144862  -10.902  64.250  -12.794 0.0000000000
144873  -26.474  64.751  -13.046 0.0000000000
144874  -27.050  65.141  -13.225 0.0000000000
144875  -27.282  65.545  -12.651 0.0000000000
144876  -27.539  65.976  -12.203 0.0000000000
144880  -7.897  65.067  -12.782 0.0000000000
144881  -8.392  64.974  -12.996 0.0000000000
144882  -9.299  64.969  -13.162 0.0000000000
144911  -5.815  65.304  -18.308 0.0000000000
144912  -6.052  65.383  -18.550 0.0000000000
144915  -5.541  65.475  -18.477 0.0000000000
144916  -5.759  65.496  -18.708 0.0000000000
145173  -14.561  65.493  2.314 0.0000000000
145181  -14.513  65.527  1.512 0.0000000000
145185  -14.566  65.518  0.680 0.0000000000
145188  -14.816  65.571  -0.166 0.0000000000
145189  -15.443  65.666  -0.975 0.0000000000
145190  -22.228  66.045  -0.794 0.0000000000
145191  -22.485  66.357  -0.561 0.0000000000
145194  -16.291  65.687  -1.652 0.0000000000
145195  -16.821  65.686  -2.300 0.0000000000
145196  -22.759  66.030  -1.159 0.0000000000
145197  -23.671  66.438  -0.883 0.0000000000
145198  -24.856  66.545  -0.685 0.0000000000
145199  -25.942  66.451  -0.841 0.0000000000
145200  -27.098  66.220  -1.254 0.0000000000
145201  -27.984  66.269  -1.511 0.0000000000
145202  -30.075  66.553  -1.782 0.0000000000
145203  -30.741  66.132  -1.879 0.0000000000
145207  -16.262  65.862  -3.123 0.0000000000
145208  -16.785  65.596  -3.010 0.0000000000
145209  -23.492  65.719  -1.601 0.0000000000
145210  -24.268  65.868  -1.956 0.0000000000
145211  -24.917  66.213  -2.343 0.0000000000
145212  -27.626  65.649  -1.668 0.0000000000
145213  -28.440  65.750  -1.864 0.0000000000
145214  -29.576  65.878  -1.967 0.0000000000
145215  -30.306  65.485  -1.987 0.0000000000
145220  -12.656  66.291  -4.361 0.0000000000
145221  -13.144  65.887  -4.007 0.0000000000
145222  -14.367  65.413  -3.745 0.0000000000
145223  -15.943  65.359  -3.381 0.0000000000
145224  -16.732  65.011  -3.305 0.0000000000
145225  -24.790  65.623  -3.017 0.0000000000
145226  -25.292  66.342  -2.923 0.0000000000
145237  -12.803  65.988  -4.718 0.0000000000
145238  -13.634  65.344  -4.603 0.0000000000
145239  -14.232  65.125  -4.269 0.0000000000
145240  -25.161  66.022  -3.837 0.0000000000
145241  -25.442  66.627  -3.304 0.0000000000
145242  -26.698  66.465  -5.225 0.0000000000
145243  -27.200  66.027  -4.807 0.0000000000
145244  -28.324  66.094  -4.486 0.0000000000
145257  -13.070  65.732  -5.240 0.0000000000
145258  -13.613  65.395  -5.560 0.0000000000
145259  -14.205  65.064  -5.816 0.0000000000
145260  -23.003  65.815  -5.638 0.0000000000
145261  -23.933  65.793  -5.354 0.0000000000
145262  -24.693  65.915  -4.744 0.0000000000
145263  -26.617  65.720  -5.653 0.0000000000
145264  -27.083  65.410  -5.179 0.0000000000
145273  -14.115  65.670  -6.162 0.0000000000
145274  -14.792  65.317  -6.324 0.0000000000
145275  -15.732  65.210  -6.612 0.0000000000
145276  -16.369  64.878  -6.662 0.0000000000
145277  -16.968  64.859  -6.771 0.0000000000
145278  -20.701  66.342  -6.786 0.0000000000
145279  -21.403  65.990  -6.502 0.0000000000
145280  -22.202  65.863  -6.046 0.0000000000
145282  -26.270  65.200  -6.649 0.0000000000
145288  -16.248  65.376  -6.803 0.0000000000
145289  -16.737  65.514  -6.884 0.0000000000
145290  -17.671  65.466  -7.006 0.0000000000
145291  -18.705  66.016  -7.226 0.0000000000
145292  -19.534  66.420  -7.195 0.0000000000
145293  -20.192  66.814  -6.952 0.0000000000
145295  -26.463  65.780  -7.719 0.0000000000
145297  -13.684  65.218  -8.890 0.0000000000
145298  -14.355  65.430  -8.778 0.0000000000
145299  -15.191  65.541  -8.675 0.0000000000
145300  -16.135  65.570  -8.612 0.0000000000
145301  -17.052  65.623  -8.724 0.0000000000
145302  -18.071  65.550  -8.896 0.0000000000
145303  -18.916  65.871  -8.957 0.0000000000
145304  -23.943  65.881  -9.165 0.0000000000
145305  -24.570  66.060  -9.196 0.0000000000
145307  -26.774  65.892  -8.888 0.0000000000
145310  -9.917  65.237  -9.884 0.0000000000
145311  -10.402  65.197  -9.756 0.0000000000
145312  -11.268  65.594  -9.575 0.0000000000
145313  -12.299  66.018  -9.287 0.0000000000
145314  -13.190  65.827  -9.050 0.0000000000
145315  -18.952  65.157  -9.274 0.0000000000
145316  -19.805  65.656  -9.432 0.0000000000
145317  -20.935  65.497  -10.101 0.0000000000
145318  -22.053  65.609  -10.173 0.0000000000
145319  -22.995  65.605  -10.214 0.0000000000
145320  -24.036  65.622  -9.869 0.0000000000
145321  -25.469  66.132  -10.266 0.0000000000
145322  -26.190  66.606  -10.782 0.0000000000
145323  -27.234  66.080  -10.110 0.0000000000
145326  -8.288  65.489  -10.771 0.0000000000
145327  -8.890  65.039  -10.611 0.0000000000
145328  -9.617  65.041  -10.142 0.0000000000
145329  -10.050  64.963  -9.918 0.0000000000
145333  -22.755  65.410  -10.918 0.0000000000
145334  -23.821  65.569  -11.076 0.0000000000
145335  -24.969  65.871  -11.170 0.0000000000
145336  -25.868  66.455  -11.283 0.0000000000
145337  -27.551  66.299  -11.279 0.0000000000
145338  -27.647  66.756  -11.500 0.0000000000
145342  -7.153  65.681  -11.875 0.0000000000
145343  -7.889  65.278  -11.472 0.0000000000
145344  -8.441  65.076  -11.038 0.0000000000
145353  -24.972  65.503  -12.060 0.0000000000
145354  -25.644  66.308  -12.062 0.0000000000
145355  -27.637  66.138  -11.807 0.0000000000
145356  -27.648  66.447  -11.842 0.0000000000
145359  -6.257  65.863  -13.023 0.0000000000
145360  -6.843  65.675  -12.608 0.0000000000
145361  -7.524  65.249  -12.395 0.0000000000
145370  -25.863  65.196  -12.571 0.0000000000
145371  -26.267  65.797  -12.587 0.0000000000
145372  -27.008  66.046  -12.642 0.0000000000
145373  -27.379  66.300  -12.273 0.0000000000
145376  -6.056  65.755  -13.736 0.0000000000
145377  -6.892  65.562  -13.600 0.0000000000
145378  -7.821  65.404  -13.393 0.0000000000
145379  -8.908  65.641  -13.610 0.0000000000
145392  -5.897  65.689  -14.688 0.0000000000
145393  -6.808  65.598  -14.550 0.0000000000
145394  -7.877  65.966  -14.509 0.0000000000
145395  -8.656  66.250  -14.144 0.0000000000
145405  -5.115  65.865  -16.293 0.0000000000
145406  -5.675  65.656  -15.761 0.0000000000
145407  -6.626  65.582  -15.554 0.0000000000
145408  -7.519  66.190  -15.416 0.0000000000
145417  -4.810  65.836  -17.123 0.0000000000
145418  -5.605  65.407  -16.925 0.0000000000
145419  -6.481  65.480  -16.673 0.0000000000
145420  -7.320  66.197  -16.443 0.0000000000
145424  -4.441  65.890  -18.201 0.0000000000
145425  -5.382  65.449  -17.989 0.0000000000
145426  -6.327  65.257  -18.003 0.0000000000
145427  -7.163  66.110  -17.628 0.0000000000
145430  -3.186  66.548  -19.817 0.0000000000
145431  -3.939  66.259  -19.371 0.0000000000
145432  -5.144  65.766  -19.062 0.0000000000
145433  -6.124  65.940  -19.171 0.0000000000
145434  -6.773  66.275  -18.567 0.0000000000
145438  -3.646  66.327  -20.369 0.0000000000
145439  -4.645  66.385  -20.397 0.0000000000
145440  -5.402  66.475  -19.893 0.0000000000
145648  -14.617  66.349  1.769 0.0000000000
145656  -14.699  66.471  0.834 0.0000000000
145657  -15.021  66.921  0.032 0.0000000000
145662  -14.815  66.213  0.127 0.0000000000
145663  -15.423  66.569  -0.583 0.0000000000
145666  -16.256  66.586  -1.391 0.0000000000
145667  -16.975  66.610  -2.006 0.0000000000
145668  -24.395  66.573  -1.327 0.0000000000
145669  -25.141  66.997  -1.227 0.0000000000
145670  -25.955  67.440  -0.832 0.0000000000
145671  -26.938  67.422  -0.725 0.0000000000
145672  -28.105  67.184  -1.178 0.0000000000
145673  -29.358  66.978  -1.589 0.0000000000
145674  -30.386  66.975  -1.734 0.0000000000
145678  -13.893  67.099  -2.856 0.0000000000
145679  -14.643  66.838  -2.769 0.0000000000
145680  -16.029  66.514  -2.907 0.0000000000
145681  -16.748  66.579  -2.494 0.0000000000
145682  -24.805  66.504  -1.716 0.0000000000
145683  -25.415  66.862  -2.096 0.0000000000
145684  -28.598  66.526  -1.593 0.0000000000
145685  -29.010  66.317  -1.809 0.0000000000
145690  -12.574  66.606  -3.987 0.0000000000
145691  -13.602  66.535  -3.258 0.0000000000
145692  -15.083  66.025  -3.084 0.0000000000
145693  -15.904  65.938  -3.137 0.0000000000
145694  -25.723  67.078  -2.870 0.0000000000
145695  -27.610  68.032  -3.682 0.0000000000
145696  -28.229  67.870  -3.485 0.0000000000
145697  -29.378  67.608  -3.378 0.0000000000
145707  -11.539  67.018  -5.160 0.0000000000
145708  -12.125  66.686  -4.766 0.0000000000
145709  -25.228  67.088  -4.256 0.0000000000
145710  -25.589  67.191  -3.512 0.0000000000
145711  -26.702  67.206  -4.827 0.0000000000
145712  -27.604  67.310  -4.122 0.0000000000
145713  -28.883  66.900  -3.928 0.0000000000
145725  -11.782  66.742  -5.657 0.0000000000
145726  -12.517  66.292  -5.534 0.0000000000
145727  -13.091  65.993  -5.834 0.0000000000
145728  -22.839  66.895  -5.665 0.0000000000
145729  -23.668  66.882  -5.339 0.0000000000
145730  -24.508  66.965  -4.893 0.0000000000
145731  -26.404  67.052  -5.750 0.0000000000
145739  -12.181  66.679  -6.244 0.0000000000
145740  -12.829  66.547  -6.340 0.0000000000
145741  -13.649  66.333  -6.361 0.0000000000
145742  -14.538  66.398  -6.544 0.0000000000
145743  -15.462  66.334  -6.757 0.0000000000
145744  -16.206  66.826  -6.919 0.0000000000
145745  -20.764  67.357  -6.688 0.0000000000
145746  -21.382  67.125  -6.471 0.0000000000
145747  -22.110  66.978  -6.138 0.0000000000
145748  -26.414  66.705  -6.997 0.0000000000
145752  -16.206  65.952  -6.951 0.0000000000
145753  -17.024  66.625  -6.986 0.0000000000
145754  -18.124  66.846  -7.150 0.0000000000
145755  -19.053  67.110  -7.356 0.0000000000
145756  -19.791  67.377  -7.099 0.0000000000
145757  -20.317  67.598  -6.855 0.0000000000
145758  -23.229  67.208  -8.149 0.0000000000
145759  -23.754  67.205  -8.050 0.0000000000
145760  -26.934  66.973  -8.340 0.0000000000
145762  -13.769  66.023  -8.965 0.0000000000
145763  -14.404  66.692  -8.994 0.0000000000
145764  -15.445  66.568  -8.815 0.0000000000
145765  -16.358  66.594  -8.787 0.0000000000
145766  -17.296  66.574  -8.877 0.0000000000
145767  -18.224  66.655  -8.971 0.0000000000
145768  -19.252  66.756  -9.001 0.0000000000
145769  -20.043  67.166  -9.147 0.0000000000
145770  -20.914  67.218  -9.190 0.0000000000
145771  -21.891  66.990  -8.943 0.0000000000
145772  -23.313  66.487  -8.720 0.0000000000
145773  -24.811  66.880  -8.478 0.0000000000
145774  -26.108  67.241  -9.128 0.0000000000
145775  -26.496  66.891  -9.288 0.0000000000
145778  -9.133  65.899  -10.042 0.0000000000
145779  -9.655  65.786  -9.861 0.0000000000
145780  -10.452  66.270  -9.708 0.0000000000
145781  -11.346  66.802  -9.656 0.0000000000
145782  -12.155  67.253  -9.656 0.0000000000
145783  -13.190  66.993  -9.338 0.0000000000
145784  -13.861  67.539  -9.378 0.0000000000
145785  -19.938  66.430  -9.179 0.0000000000
145786  -20.552  66.311  -9.361 0.0000000000
145787  -21.475  66.192  -9.467 0.0000000000
145788  -22.446  66.035  -9.462 0.0000000000
145789  -23.153  65.836  -9.538 0.0000000000
145790  -25.602  66.529  -9.383 0.0000000000
145791  -26.567  66.948  -10.259 0.0000000000
145792  -27.217  66.785  -10.499 0.0000000000
145795  -7.004  66.623  -11.011 0.0000000000
145796  -7.742  66.211  -10.650 0.0000000000
145797  -8.661  65.949  -10.282 0.0000000000
145798  -9.185  65.543  -10.176 0.0000000000
145799  -26.639  66.921  -11.255 0.0000000000
145800  -27.419  67.103  -11.240 0.0000000000
145801  -27.596  66.908  -11.665 0.0000000000
145804  -5.889  66.703  -12.130 0.0000000000
145805  -6.542  66.396  -11.721 0.0000000000
145806  -7.232  66.024  -11.313 0.0000000000
145807  -26.349  66.696  -11.916 0.0000000000
145808  -26.994  67.041  -11.901 0.0000000000
145809  -27.446  66.844  -11.881 0.0000000000
145812  -4.942  66.825  -13.411 0.0000000000
145813  -5.555  66.451  -12.894 0.0000000000
145814  -6.202  66.202  -12.465 0.0000000000
145815  -26.223  66.411  -12.296 0.0000000000
145816  -26.685  66.536  -12.343 0.0000000000
145817  -27.136  66.648  -12.264 0.0000000000
145820  -4.689  66.776  -14.183 0.0000000000
145821  -5.348  66.219  -13.925 0.0000000000
145831  -4.561  66.792  -15.143 0.0000000000
145832  -5.209  66.199  -14.861 0.0000000000
145833  -8.583  66.925  -14.673 0.0000000000
145844  -4.517  66.599  -16.254 0.0000000000
145845  -5.012  66.179  -15.625 0.0000000000
145846  -8.153  67.379  -15.224 0.0000000000
145847  -8.834  67.820  -14.879 0.0000000000
145856  -3.479  66.933  -17.759 0.0000000000
145857  -4.053  66.552  -17.366 0.0000000000
145858  -7.613  67.421  -16.118 0.0000000000
145863  -3.615  66.436  -18.369 0.0000000000
145864  -7.624  67.367  -17.388 0.0000000000
145868  -3.228  66.578  -19.143 0.0000000000
145869  -6.618  67.318  -19.348 0.0000000000
145870  -7.302  67.310  -18.601 0.0000000000
145874  -5.234  67.143  -20.531 0.0000000000
145875  -5.886  67.404  -20.108 0.0000000000
146082  -25.734  67.472  -1.663 0.0000000000
146083  -26.288  68.259  -1.517 0.0000000000
146084  -26.884  68.458  -0.878 0.0000000000
146085  -27.790  68.361  -0.893 0.0000000000
146086  -28.771  68.175  -1.353 0.0000000000
146087  -29.826  67.659  -1.783 0.0000000000
146088  -30.645  67.300  -1.987 0.0000000000
146091  -14.133  67.609  -2.662 0.0000000000
146092  -15.204  67.606  -2.536 0.0000000000
146093  -16.354  67.596  -2.545 0.0000000000
146095  -26.002  67.745  -2.246 0.0000000000
146096  -26.401  68.876  -2.508 0.0000000000
146097  -28.574  69.123  -2.104 0.0000000000
146098  -29.052  68.475  -1.984 0.0000000000
146099  -30.319  67.665  -2.340 0.0000000000
146103  -11.672  68.099  -3.937 0.0000000000
146104  -12.379  67.555  -3.627 0.0000000000
146105  -13.388  67.551  -2.959 0.0000000000
146106  -26.091  68.068  -3.071 0.0000000000
146107  -26.322  69.223  -3.398 0.0000000000
146108  -27.341  68.832  -3.369 0.0000000000
146109  -28.543  68.636  -2.677 0.0000000000
146110  -29.853  67.880  -2.801 0.0000000000
146118  -10.599  68.189  -5.104 0.0000000000
146119  -11.323  67.644  -4.653 0.0000000000
146120  -12.079  67.107  -4.257 0.0000000000
146121  -25.037  68.254  -4.382 0.0000000000
146122  -25.831  68.359  -3.840 0.0000000000
146123  -26.531  68.294  -4.097 0.0000000000
146124  -27.278  68.134  -3.815 0.0000000000
146135  -10.584  67.869  -5.644 0.0000000000
146136  -11.163  67.227  -5.690 0.0000000000
146137  -22.684  68.052  -5.588 0.0000000000
146138  -23.463  67.953  -5.258 0.0000000000
146139  -24.210  68.008  -4.898 0.0000000000
146140  -26.077  68.948  -5.494 0.0000000000
146141  -26.209  68.292  -5.270 0.0000000000
146146  -10.754  67.596  -6.577 0.0000000000
146147  -11.579  67.155  -6.595 0.0000000000
146148  -12.408  67.158  -6.914 0.0000000000
146149  -13.267  67.238  -6.971 0.0000000000
146150  -14.163  67.297  -6.970 0.0000000000
146151  -15.037  67.330  -6.948 0.0000000000
146152  -15.772  67.335  -6.946 0.0000000000
146153  -20.722  68.283  -6.668 0.0000000000
146154  -21.304  68.163  -6.419 0.0000000000
146155  -21.938  68.085  -6.037 0.0000000000
146156  -26.080  68.777  -6.078 0.0000000000
146157  -26.446  68.140  -6.710 0.0000000000
146161  -11.184  67.707  -7.298 0.0000000000
146162  -11.918  67.779  -7.467 0.0000000000
146163  -12.808  68.073  -7.547 0.0000000000
146164  -13.752  68.265  -7.555 0.0000000000
146165  -14.682  68.320  -7.426 0.0000000000
146166  -15.583  68.247  -7.310 0.0000000000
146167  -16.535  67.884  -7.228 0.0000000000
146168  -17.639  67.889  -7.427 0.0000000000
146169  -18.638  68.023  -7.449 0.0000000000
146170  -19.478  68.181  -7.236 0.0000000000
146171  -20.147  68.301  -6.928 0.0000000000
146172  -22.500  68.550  -8.004 0.0000000000
146173  -23.073  67.944  -7.767 0.0000000000
146174  -24.418  67.929  -7.743 0.0000000000
146175  -25.434  68.447  -8.149 0.0000000000
146176  -27.321  67.974  -7.872 0.0000000000
146178  -14.973  67.282  -9.058 0.0000000000
146179  -15.590  67.731  -9.122 0.0000000000
146180  -16.582  67.495  -9.050 0.0000000000
146181  -17.433  67.562  -9.142 0.0000000000
146182  -18.341  67.743  -9.197 0.0000000000
146183  -19.264  68.033  -9.218 0.0000000000
146184  -20.191  68.334  -9.211 0.0000000000
146185  -21.156  68.332  -8.960 0.0000000000
146186  -22.243  68.021  -8.398 0.0000000000
146187  -22.898  67.350  -8.198 0.0000000000
146188  -25.502  67.718  -8.437 0.0000000000
146189  -26.380  68.273  -8.954 0.0000000000
146190  -27.113  68.145  -8.700 0.0000000000
146193  -9.095  66.332  -9.984 0.0000000000
146194  -9.612  66.836  -9.856 0.0000000000
146195  -10.488  67.455  -9.895 0.0000000000
146196  -11.464  68.249  -10.108 0.0000000000
146197  -12.481  68.210  -9.982 0.0000000000
146198  -13.376  68.307  -9.777 0.0000000000
146199  -14.451  68.108  -9.441 0.0000000000
146200  -15.096  68.539  -9.450 0.0000000000
146204  -6.486  67.264  -11.083 0.0000000000
146205  -7.238  67.312  -10.541 0.0000000000
146206  -8.491  67.209  -10.081 0.0000000000
146207  -9.594  67.997  -10.063 0.0000000000
146208  -10.500  68.585  -10.197 0.0000000000
146209  -11.055  69.036  -10.362 0.0000000000
146212  -5.411  67.301  -12.147 0.0000000000
146213  -5.903  67.267  -11.580 0.0000000000
146216  -4.464  67.564  -13.531 0.0000000000
146217  -4.951  67.377  -12.760 0.0000000000
146221  -4.199  67.576  -14.522 0.0000000000
146224  -3.595  68.381  -15.991 0.0000000000
146225  -3.986  67.723  -15.662 0.0000000000
146230  -3.546  68.149  -16.643 0.0000000000
146231  -3.878  67.315  -16.789 0.0000000000
146232  -8.568  68.672  -15.279 0.0000000000
146238  -3.231  67.714  -17.560 0.0000000000
146239  -3.669  67.117  -17.339 0.0000000000
146240  -7.950  68.629  -15.835 0.0000000000
146246  -7.655  68.758  -16.960 0.0000000000
146496  -26.675  69.593  -1.991 0.0000000000
146497  -26.924  69.353  -1.309 0.0000000000
146498  -27.580  69.355  -1.098 0.0000000000
146499  -28.295  69.035  -1.150 0.0000000000
146502  -13.540  69.157  -2.631 0.0000000000
146503  -14.235  68.634  -2.500 0.0000000000
146504  -15.705  68.674  -2.525 0.0000000000
146507  -26.580  70.024  -2.738 0.0000000000
146508  -27.580  70.160  -2.196 0.0000000000
146509  -28.157  69.635  -1.765 0.0000000000
146510  -28.580  68.905  -1.500 0.0000000000
146512  -11.976  68.681  -3.527 0.0000000000
146513  -13.010  68.599  -2.898 0.0000000000
146514  -13.644  68.076  -2.712 0.0000000000
146515  -26.934  70.101  -3.099 0.0000000000
146516  -27.627  69.783  -2.547 0.0000000000
146517  -28.304  69.401  -2.228 0.0000000000
146519  -10.633  68.666  -4.712 0.0000000000
146520  -11.274  68.696  -4.120 0.0000000000
146521  -24.054  70.025  -4.545 0.0000000000
146522  -24.537  69.372  -4.426 0.0000000000
146523  -25.650  69.413  -3.899 0.0000000000
146524  -26.204  68.923  -4.153 0.0000000000
146531  -9.522  69.242  -5.740 0.0000000000
146532  -10.015  68.748  -5.498 0.0000000000
146533  -22.512  69.224  -5.666 0.0000000000
146534  -23.473  69.321  -5.015 0.0000000000
146535  -23.923  68.658  -4.896 0.0000000000
146536  -26.028  69.307  -4.785 0.0000000000
146537  -26.234  68.727  -4.530 0.0000000000
146542  -8.907  69.258  -6.777 0.0000000000
146543  -9.347  69.000  -6.392 0.0000000000
146544  -10.025  68.221  -6.508 0.0000000000
146545  -20.637  69.247  -6.746 0.0000000000
146546  -21.238  69.151  -6.483 0.0000000000
146547  -21.839  69.113  -6.176 0.0000000000
146548  -25.984  69.406  -5.887 0.0000000000
146549  -26.436  69.239  -6.799 0.0000000000
146553  -9.046  69.010  -7.082 0.0000000000
146554  -9.532  68.649  -7.405 0.0000000000
146555  -10.492  68.217  -7.557 0.0000000000
146556  -11.382  68.380  -7.978 0.0000000000
146557  -12.282  68.791  -8.065 0.0000000000
146558  -13.278  69.397  -8.139 0.0000000000
146559  -14.297  69.455  -7.820 0.0000000000
146560  -15.255  69.426  -7.641 0.0000000000
146561  -16.239  69.215  -7.692 0.0000000000
146562  -17.260  69.077  -7.716 0.0000000000
146563  -18.270  69.109  -7.555 0.0000000000
146564  -19.197  69.165  -7.375 0.0000000000
146565  -19.984  69.227  -7.095 0.0000000000
146566  -22.636  69.032  -7.708 0.0000000000
146567  -23.476  68.943  -7.410 0.0000000000
146568  -24.661  69.087  -7.576 0.0000000000
146569  -25.869  69.270  -8.252 0.0000000000
146570  -27.169  68.994  -7.652 0.0000000000
146572  -10.032  68.806  -8.217 0.0000000000
146573  -10.832  68.967  -8.480 0.0000000000
146574  -11.747  69.369  -8.600 0.0000000000
146575  -12.648  69.754  -8.628 0.0000000000
146576  -13.151  69.954  -8.606 0.0000000000
146577  -16.133  68.151  -9.233 0.0000000000
146578  -16.658  68.374  -9.303 0.0000000000
146579  -17.482  68.627  -9.372 0.0000000000
146580  -18.376  68.933  -9.406 0.0000000000
146581  -19.318  69.299  -9.456 0.0000000000
146582  -20.324  69.829  -9.372 0.0000000000
146583  -21.402  69.446  -8.692 0.0000000000
146584  -22.142  69.235  -8.179 0.0000000000
146585  -26.902  69.181  -8.674 0.0000000000
146586  -27.428  68.955  -8.324 0.0000000000
146589  -12.045  68.918  -10.358 0.0000000000
146590  -12.535  69.446  -10.303 0.0000000000
146591  -13.617  69.315  -9.886 0.0000000000
146592  -14.648  69.228  -9.624 0.0000000000
146593  -15.708  68.972  -9.512 0.0000000000
146594  -16.629  69.400  -9.545 0.0000000000
146595  -17.477  69.749  -9.589 0.0000000000
146596  -18.370  70.085  -9.649 0.0000000000
146597  -19.246  70.409  -9.650 0.0000000000
146598  -19.745  70.672  -9.550 0.0000000000
146602  -5.903  68.841  -10.983 0.0000000000
146603  -6.422  68.294  -10.730 0.0000000000
146604  -7.620  68.417  -10.292 0.0000000000
146605  -8.753  68.727  -10.224 0.0000000000
146606  -9.753  69.177  -10.255 0.0000000000
146607  -10.626  69.554  -10.351 0.0000000000
146608  -11.603  69.609  -10.507 0.0000000000
146609  -12.107  69.984  -10.643 0.0000000000
146612  -4.922  68.922  -11.989 0.0000000000
146613  -5.441  68.342  -11.564 0.0000000000
146614  -6.024  67.779  -11.195 0.0000000000
146618  -4.595  68.473  -12.628 0.0000000000
146619  -5.074  67.863  -12.242 0.0000000000
146623  -3.375  69.303  -14.602 0.0000000000
146624  -3.814  68.616  -14.014 0.0000000000
146627  -3.411  68.808  -15.325 0.0000000000
146628  -3.832  68.153  -14.839 0.0000000000
146630  -3.257  68.843  -16.424 0.0000000000
146631  -8.282  69.329  -15.683 0.0000000000
146632  -8.794  69.904  -15.575 0.0000000000
146633  -9.632  69.807  -15.838 0.0000000000
146636  -2.862  68.790  -17.424 0.0000000000
146637  -7.886  69.966  -16.273 0.0000000000
146638  -8.407  70.457  -15.992 0.0000000000
146643  -7.523  69.997  -17.666 0.0000000000
146648  -7.614  70.025  -18.490 0.0000000000
146869  -26.838  70.337  -2.275 0.0000000000
146870  -27.041  70.051  -1.687 0.0000000000
146871  -27.271  69.735  -1.383 0.0000000000
146874  -13.945  69.767  -2.538 0.0000000000
146880  -26.950  70.579  -2.696 0.0000000000
146881  -27.327  70.336  -2.104 0.0000000000
146882  -27.492  69.922  -1.574 0.0000000000
146885  -12.408  69.689  -3.246 0.0000000000
146886  -13.195  69.721  -2.824 0.0000000000
146887  -27.166  70.425  -2.798 0.0000000000
146888  -27.255  70.377  -2.510 0.0000000000
146893  -10.139  70.051  -4.695 0.0000000000
146894  -10.783  69.638  -4.350 0.0000000000
146895  -11.573  69.645  -3.773 0.0000000000
146896  -23.793  70.676  -4.710 0.0000000000
146897  -24.518  70.608  -4.389 0.0000000000
146898  -25.213  70.453  -4.178 0.0000000000
146906  -9.070  70.092  -5.745 0.0000000000
146907  -9.568  69.781  -5.259 0.0000000000
146908  -10.168  69.347  -4.842 0.0000000000
146909  -22.015  70.486  -6.563 0.0000000000
146910  -22.313  70.277  -6.053 0.0000000000
146911  -23.009  70.522  -5.320 0.0000000000
146912  -25.691  70.332  -4.506 0.0000000000
146918  -8.771  69.746  -6.355 0.0000000000
146919  -9.239  69.551  -5.879 0.0000000000
146920  -20.571  70.220  -6.960 0.0000000000
146921  -21.322  70.187  -6.681 0.0000000000
146922  -21.770  69.856  -6.440 0.0000000000
146923  -25.832  70.157  -5.470 0.0000000000
146924  -26.221  70.021  -6.517 0.0000000000
146927  -8.621  69.481  -7.344 0.0000000000
146928  -9.090  69.046  -7.536 0.0000000000
146929  -13.441  70.067  -8.602 0.0000000000
146930  -14.073  70.283  -8.525 0.0000000000
146931  -15.000  70.414  -8.124 0.0000000000
146932  -15.949  70.379  -7.980 0.0000000000
146933  -16.939  70.278  -7.931 0.0000000000
146934  -17.941  70.229  -7.767 0.0000000000
146935  -18.917  70.216  -7.532 0.0000000000
146936  -19.819  70.225  -7.284 0.0000000000
146937  -22.026  70.554  -7.419 0.0000000000
146938  -22.551  69.921  -7.401 0.0000000000
146939  -23.671  70.012  -7.214 0.0000000000
146940  -24.938  70.088  -7.415 0.0000000000
146941  -26.235  70.070  -7.858 0.0000000000
146942  -26.749  69.964  -7.417 0.0000000000
146944  -8.612  69.766  -8.193 0.0000000000
146945  -9.297  69.292  -8.288 0.0000000000
146946  -10.274  69.555  -8.912 0.0000000000
146947  -11.233  69.879  -9.230 0.0000000000
146948  -12.208  70.126  -9.291 0.0000000000
146949  -13.334  70.203  -9.102 0.0000000000
146950  -14.483  70.415  -9.173 0.0000000000
146951  -20.888  70.514  -8.911 0.0000000000
146952  -21.657  70.408  -8.072 0.0000000000
146953  -22.231  69.680  -7.826 0.0000000000
146954  -27.114  69.560  -8.178 0.0000000000
146955  -27.334  69.422  -8.000 0.0000000000
146958  -9.000  69.928  -8.828 0.0000000000
146959  -9.699  69.954  -9.322 0.0000000000
146960  -10.608  70.301  -9.782 0.0000000000
146961  -11.600  70.444  -9.927 0.0000000000
146962  -12.652  70.137  -9.990 0.0000000000
146963  -13.962  70.007  -9.560 0.0000000000
146964  -15.093  70.050  -9.504 0.0000000000
146965  -15.916  70.060  -9.647 0.0000000000
146966  -16.648  70.377  -9.724 0.0000000000
146967  -17.463  70.717  -9.855 0.0000000000
146968  -18.361  71.000  -9.858 0.0000000000
146969  -19.207  71.105  -9.579 0.0000000000
146970  -20.084  71.047  -9.313 0.0000000000
146975  -6.246  69.219  -10.719 0.0000000000
146976  -6.978  69.364  -10.411 0.0000000000
146977  -8.012  69.631  -10.316 0.0000000000
146978  -9.020  69.869  -10.305 0.0000000000
146979  -9.922  70.102  -10.240 0.0000000000
146980  -10.786  70.372  -10.185 0.0000000000
146981  -11.893  70.197  -10.395 0.0000000000
146982  -12.250  70.036  -10.466 0.0000000000
146985  -5.140  69.351  -11.686 0.0000000000
146986  -5.713  69.564  -11.144 0.0000000000
146989  -4.662  69.586  -12.231 0.0000000000
146991  -3.440  69.721  -14.098 0.0000000000
146992  -3.964  69.771  -13.136 0.0000000000
146995  -2.474  70.869  -15.826 0.0000000000
146996  -2.809  70.155  -15.095 0.0000000000
146998  -2.495  70.540  -16.441 0.0000000000
146999  -2.884  69.582  -16.275 0.0000000000
147000  -8.765  70.766  -16.003 0.0000000000
147001  -9.182  70.669  -15.962 0.0000000000
147004  -2.929  69.305  -16.916 0.0000000000
147005  -7.791  70.885  -17.177 0.0000000000
147006  -8.308  70.870  -16.389 0.0000000000
147007  -9.390  70.621  -16.420 0.0000000000
147010  -7.629  70.754  -18.130 0.0000000000
147011  -8.724  70.368  -17.920 0.0000000000
147012  -9.281  70.570  -17.200 0.0000000000
147015  -7.909  70.443  -18.551 0.0000000000
147016  -8.231  70.274  -18.459 0.0000000000
147199  -12.048  70.784  -3.682 0.0000000000
147207  -9.873  70.878  -4.967 0.0000000000
147208  -10.679  70.727  -4.496 0.0000000000
147209  -11.311  70.491  -4.089 0.0000000000
147210  -24.421  71.459  -4.576 0.0000000000
147211  -24.941  71.304  -4.317 0.0000000000
147212  -25.305  71.180  -4.477 0.0000000000
147219  -8.742  70.854  -6.022 0.0000000000
147220  -9.301  70.647  -5.478 0.0000000000
147221  -22.410  71.016  -6.427 0.0000000000
147222  -22.898  71.427  -5.917 0.0000000000
147223  -23.756  71.611  -5.148 0.0000000000
147224  -25.578  71.017  -5.098 0.0000000000
147230  -7.709  71.058  -7.418 0.0000000000
147231  -8.190  70.451  -6.819 0.0000000000
147232  -21.216  70.772  -7.062 0.0000000000
147233  -22.040  70.833  -6.886 0.0000000000
147234  -22.955  71.283  -6.578 0.0000000000
147235  -24.075  71.848  -6.150 0.0000000000
147236  -25.205  71.402  -6.250 0.0000000000
147237  -25.749  70.673  -6.265 0.0000000000
147238  -26.331  70.319  -6.864 0.0000000000
147241  -7.800  70.766  -8.201 0.0000000000
147242  -8.116  70.233  -7.751 0.0000000000
147243  -15.080  70.706  -8.867 0.0000000000
147244  -15.828  70.958  -8.667 0.0000000000
147245  -16.730  71.041  -8.554 0.0000000000
147246  -17.690  71.111  -8.295 0.0000000000
147247  -18.676  71.069  -8.013 0.0000000000
147248  -19.671  71.031  -7.770 0.0000000000
147249  -20.659  70.972  -7.478 0.0000000000
147250  -21.600  70.875  -7.427 0.0000000000
147251  -22.620  70.774  -7.095 0.0000000000
147252  -23.863  71.014  -6.938 0.0000000000
147253  -25.082  70.888  -6.893 0.0000000000
147254  -25.957  70.665  -7.022 0.0000000000
147255  -26.242  70.481  -7.000 0.0000000000
147257  -7.984  70.883  -9.040 0.0000000000
147258  -8.402  70.314  -8.611 0.0000000000
147259  -15.355  70.604  -9.328 0.0000000000
147260  -15.882  71.006  -9.277 0.0000000000
147261  -16.618  71.364  -9.182 0.0000000000
147262  -17.498  71.650  -8.948 0.0000000000
147263  -18.471  71.593  -8.668 0.0000000000
147264  -19.432  71.471  -8.454 0.0000000000
147265  -20.554  71.310  -8.411 0.0000000000
147266  -21.210  71.183  -7.866 0.0000000000
147269  -8.266  70.926  -9.891 0.0000000000
147270  -9.048  70.354  -9.614 0.0000000000
147271  -10.138  70.566  -9.905 0.0000000000
147272  -10.436  70.655  -10.159 0.0000000000
147273  -15.597  70.404  -9.491 0.0000000000
147274  -15.982  70.671  -9.574 0.0000000000
147275  -16.634  71.028  -9.640 0.0000000000
147276  -17.464  71.308  -9.546 0.0000000000
147277  -18.369  71.488  -9.368 0.0000000000
147278  -19.278  71.493  -9.136 0.0000000000
147279  -19.889  71.445  -8.909 0.0000000000
147284  -6.479  70.061  -10.712 0.0000000000
147285  -7.363  70.537  -10.552 0.0000000000
147286  -8.154  70.681  -10.276 0.0000000000
147287  -9.143  70.392  -10.093 0.0000000000
147288  -9.957  70.464  -10.049 0.0000000000
147289  -10.211  70.705  -10.070 0.0000000000
147292  -5.164  70.415  -11.712 0.0000000000
147293  -6.073  70.753  -11.144 0.0000000000
147294  -6.821  70.874  -10.873 0.0000000000
147296  -3.838  71.251  -12.923 0.0000000000
147297  -4.394  70.688  -12.466 0.0000000000
147299  -2.640  71.486  -14.498 0.0000000000
147300  -3.224  70.878  -13.796 0.0000000000
147301  -3.856  70.624  -13.052 0.0000000000
147304  -2.451  71.320  -15.317 0.0000000000
147305  -2.734  70.931  -14.639 0.0000000000
147309  -8.763  71.093  -16.315 0.0000000000
147310  -8.986  71.018  -16.101 0.0000000000
147313  -8.018  71.214  -17.717 0.0000000000
147314  -8.512  71.302  -16.912 0.0000000000
147315  -9.039  71.101  -16.370 0.0000000000
147318  -8.039  70.943  -18.264 0.0000000000
147319  -8.591  71.071  -17.656 0.0000000000
147320  -9.137  71.184  -16.921 0.0000000000
147321  -8.080  70.678  -18.484 0.0000000000
147322  -8.301  70.745  -18.239 0.0000000000
147500  -9.981  71.637  -5.106 0.0000000000
147501  -10.547  71.659  -4.808 0.0000000000
147504  -24.568  71.757  -4.587 0.0000000000
147505  -24.798  71.752  -4.514 0.0000000000
147506  -25.052  71.705  -4.473 0.0000000000
147512  -8.777  71.730  -6.069 0.0000000000
147513  -9.417  71.706  -5.571 0.0000000000
147514  -24.461  71.866  -4.741 0.0000000000
147515  -24.824  71.995  -4.790 0.0000000000
147516  -25.240  71.714  -4.880 0.0000000000
147522  -7.489  71.868  -7.241 0.0000000000
147523  -8.154  71.730  -6.587 0.0000000000
147524  -24.389  72.017  -5.211 0.0000000000
147525  -24.888  71.963  -5.458 0.0000000000
147526  -25.339  71.462  -5.557 0.0000000000
147529  -7.077  72.249  -8.612 0.0000000000
147530  -7.321  71.672  -8.254 0.0000000000
147532  -7.209  72.039  -8.963 0.0000000000
147533  -7.567  71.616  -9.434 0.0000000000
147536  -7.767  71.582  -10.355 0.0000000000
147541  -7.278  71.202  -10.931 0.0000000000
147542  -7.763  71.632  -11.008 0.0000000000
147546  -4.896  71.217  -12.044 0.0000000000
147547  -5.713  71.755  -11.823 0.0000000000
147548  -7.017  71.643  -11.394 0.0000000000
147549  -7.658  72.099  -11.505 0.0000000000
147551  -3.433  72.104  -13.216 0.0000000000
147552  -4.466  72.026  -12.431 0.0000000000
147553  -5.311  72.516  -12.262 0.0000000000
147555  -2.344  72.217  -14.889 0.0000000000
147556  -2.712  72.149  -13.988 0.0000000000
147730  -8.856  72.670  -6.157 0.0000000000
147739  -7.721  72.700  -6.916 0.0000000000
147740  -8.290  72.658  -6.532 0.0000000000
147743  -6.926  72.700  -8.112 0.0000000000
147744  -7.249  72.379  -7.519 0.0000000000
147746  -6.947  72.625  -9.203 0.0000000000
147747  -7.280  72.117  -9.386 0.0000000000
147749  -7.281  72.966  -10.282 0.0000000000
147750  -7.446  72.225  -9.971 0.0000000000
147754  -7.740  73.189  -10.819 0.0000000000
147755  -8.006  72.621  -10.925 0.0000000000
147760  -6.858  72.309  -11.994 0.0000000000
147761  -7.585  72.358  -11.880 0.0000000000
147762  -7.963  72.581  -11.696 0.0000000000
147765  -3.841  73.249  -13.166 0.0000000000
147766  -4.914  73.242  -12.602 0.0000000000
147767  -6.213  73.007  -12.325 0.0000000000
147768  -7.461  72.913  -12.228 0.0000000000
147769  -7.922  72.715  -12.095 0.0000000000
147771  -2.509  73.221  -14.418 0.0000000000
147772  -3.116  72.991  -13.721 0.0000000000
147918  -7.236  73.040  -7.395 0.0000000000
147926  -7.922  73.401  -11.222 0.0000000000
147931  -8.148  73.341  -11.763 0.0000000000
147935  -3.788  73.866  -13.459 0.0000000000
147936  -4.293  74.111  -13.299 0.0000000000
147937  -5.650  74.169  -12.823 0.0000000000
147938  -7.333  74.069  -12.437 0.0000000000
147939  -8.026  73.104  -12.198 0.0000000000
147942  -2.548  73.988  -14.413 0.0000000000
147943  -3.254  74.053  -13.843 0.0000000000
