#!ascii label  , from subject ab_data vox2ras=TkReg
1685
57458  -10.504  -25.049  -6.599 0.0000000000
58805  -9.689  -24.860  -5.883 0.0000000000
58816  -10.137  -24.701  -6.518 0.0000000000
58817  -10.535  -24.634  -7.058 0.0000000000
58834  -11.148  -24.418  -7.814 0.0000000000
58860  -11.279  -24.084  -8.454 0.0000000000
58878  -9.996  -24.237  -9.609 0.0000000000
60050  -9.407  -24.030  -5.924 0.0000000000
60065  -9.796  -23.947  -6.789 0.0000000000
60066  -10.160  -24.298  -6.964 0.0000000000
60079  -10.362  -23.917  -7.513 0.0000000000
60102  -10.918  -23.582  -8.446 0.0000000000
60103  -11.278  -23.876  -8.859 0.0000000000
60125  -9.261  -23.189  -9.979 0.0000000000
60126  -10.637  -23.341  -9.467 0.0000000000
60127  -11.316  -24.008  -9.141 0.0000000000
60142  -10.071  -22.750  -10.338 0.0000000000
60143  -10.469  -22.622  -10.037 0.0000000000
60175  -10.203  -23.385  -11.876 0.0000000000
60192  -9.726  -22.634  -12.046 0.0000000000
60193  -10.430  -22.815  -12.331 0.0000000000
61308  -10.337  -22.994  -7.984 0.0000000000
61324  -10.707  -22.629  -8.884 0.0000000000
61349  -8.169  -22.813  -10.318 0.0000000000
61350  -10.645  -22.308  -9.727 0.0000000000
61365  -7.868  -22.592  -10.794 0.0000000000
61366  -9.078  -22.257  -10.966 0.0000000000
61367  -10.304  -22.100  -10.497 0.0000000000
61390  -8.352  -22.670  -11.209 0.0000000000
61391  -9.331  -22.100  -11.697 0.0000000000
61418  -9.909  -21.776  -12.524 0.0000000000
61419  -10.856  -22.206  -12.695 0.0000000000
62551  -10.624  -22.003  -8.406 0.0000000000
62558  -10.778  -21.738  -9.253 0.0000000000
62582  -10.894  -21.522  -10.181 0.0000000000
62583  -10.978  -21.004  -10.581 0.0000000000
62605  -9.458  -21.587  -11.608 0.0000000000
62606  -10.147  -21.159  -11.241 0.0000000000
62607  -10.822  -20.747  -10.824 0.0000000000
62615  -9.466  -20.890  -12.250 0.0000000000
62616  -9.712  -20.615  -11.815 0.0000000000
62642  -9.643  -20.806  -13.253 0.0000000000
62643  -10.359  -21.343  -13.226 0.0000000000
62644  -11.411  -21.315  -12.815 0.0000000000
62668  -9.812  -20.441  -13.668 0.0000000000
62669  -10.131  -20.642  -13.657 0.0000000000
62670  -10.716  -20.826  -13.478 0.0000000000
63914  -11.182  -21.062  -9.632 0.0000000000
63931  -11.189  -21.021  -10.160 0.0000000000
63932  -11.152  -20.437  -10.258 0.0000000000
63959  -10.158  -20.378  -11.599 0.0000000000
63960  -10.712  -20.402  -11.059 0.0000000000
63973  -9.387  -20.236  -12.563 0.0000000000
63974  -9.589  -20.164  -12.227 0.0000000000
63986  -9.376  -20.084  -12.999 0.0000000000
63987  -9.410  -19.984  -12.676 0.0000000000
63988  -11.306  -20.517  -13.400 0.0000000000
63989  -12.339  -20.297  -12.874 0.0000000000
64016  -9.640  -20.145  -13.610 0.0000000000
64017  -9.976  -20.213  -13.890 0.0000000000
64018  -10.657  -20.127  -13.834 0.0000000000
64019  -11.592  -19.873  -13.611 0.0000000000
65394  -10.594  -20.051  -11.352 0.0000000000
65395  -11.101  -19.601  -10.935 0.0000000000
65413  -10.354  -19.834  -11.842 0.0000000000
65414  -10.924  -19.220  -11.956 0.0000000000
65421  -9.497  -19.783  -13.151 0.0000000000
65422  -9.873  -19.527  -12.946 0.0000000000
65423  -10.780  -19.085  -12.651 0.0000000000
65424  -12.695  -19.814  -13.140 0.0000000000
65425  -13.208  -19.770  -12.947 0.0000000000
65438  -9.578  -19.789  -13.361 0.0000000000
65439  -10.204  -19.530  -13.804 0.0000000000
65440  -11.445  -19.198  -14.314 0.0000000000
65441  -12.629  -19.422  -13.644 0.0000000000
65442  -13.919  -19.277  -13.529 0.0000000000
65443  -15.064  -19.376  -13.490 0.0000000000
65464  -12.068  -18.773  -14.899 0.0000000000
65465  -12.604  -18.869  -14.664 0.0000000000
65466  -13.647  -18.859  -14.370 0.0000000000
65467  -14.777  -18.954  -14.273 0.0000000000
65468  -15.841  -19.206  -14.294 0.0000000000
66748  -10.276  -19.135  -13.820 0.0000000000
66749  -10.845  -18.846  -13.277 0.0000000000
66754  -10.325  -19.119  -14.066 0.0000000000
66755  -10.817  -18.816  -14.223 0.0000000000
66768  -11.819  -18.481  -15.075 0.0000000000
66769  -12.604  -18.526  -15.314 0.0000000000
66770  -13.521  -18.547  -15.230 0.0000000000
66771  -14.565  -18.629  -15.088 0.0000000000
66772  -15.609  -18.821  -15.060 0.0000000000
66773  -16.636  -18.907  -15.006 0.0000000000
66793  -12.081  -18.200  -15.587 0.0000000000
66794  -12.471  -18.207  -15.706 0.0000000000
66795  -13.423  -18.099  -15.972 0.0000000000
66796  -14.431  -18.300  -15.842 0.0000000000
66797  -15.393  -18.508  -15.800 0.0000000000
66798  -16.429  -18.358  -15.704 0.0000000000
66799  -17.384  -18.186  -15.371 0.0000000000
66814  -13.923  -17.643  -16.435 0.0000000000
66815  -14.439  -17.815  -16.437 0.0000000000
66816  -15.290  -18.046  -16.399 0.0000000000
66817  -16.008  -18.124  -16.232 0.0000000000
68049  -11.270  -18.257  -13.699 0.0000000000
68060  -11.574  -18.346  -14.930 0.0000000000
68083  -11.912  -18.232  -15.410 0.0000000000
68084  -12.424  -18.039  -15.900 0.0000000000
68085  -12.859  -18.013  -16.097 0.0000000000
68086  -16.574  -17.708  -16.127 0.0000000000
68087  -17.196  -17.598  -15.845 0.0000000000
68088  -18.162  -17.311  -15.754 0.0000000000
68100  -13.213  -17.464  -16.337 0.0000000000
68101  -13.477  -17.530  -16.436 0.0000000000
68102  -14.418  -17.237  -17.021 0.0000000000
68103  -15.243  -17.509  -16.923 0.0000000000
68104  -16.214  -17.435  -16.698 0.0000000000
68105  -17.098  -17.133  -16.324 0.0000000000
68106  -17.624  -17.118  -16.096 0.0000000000
68115  -14.833  -16.840  -17.580 0.0000000000
68116  -15.282  -17.072  -17.489 0.0000000000
68117  -15.876  -17.188  -17.281 0.0000000000
69311  -18.551  -16.718  -16.032 0.0000000000
69312  -19.036  -16.790  -15.721 0.0000000000
69327  -13.813  -16.910  -16.888 0.0000000000
69328  -13.999  -16.999  -16.988 0.0000000000
69329  -16.434  -16.839  -17.235 0.0000000000
69330  -17.025  -16.676  -16.867 0.0000000000
69331  -18.018  -16.514  -16.566 0.0000000000
69332  -18.980  -16.368  -16.212 0.0000000000
69333  -19.455  -16.400  -15.846 0.0000000000
69339  -14.183  -16.295  -17.346 0.0000000000
69340  -14.530  -16.341  -17.608 0.0000000000
69341  -15.310  -16.594  -18.031 0.0000000000
69342  -16.094  -16.717  -17.821 0.0000000000
69343  -17.025  -16.313  -17.624 0.0000000000
69344  -17.540  -16.336  -17.152 0.0000000000
69351  -14.756  -15.735  -18.281 0.0000000000
69352  -15.279  -15.947  -18.674 0.0000000000
69353  -16.074  -16.252  -18.663 0.0000000000
69354  -16.565  -16.291  -18.137 0.0000000000
69367  -15.655  -15.771  -19.179 0.0000000000
69368  -15.754  -15.991  -19.048 0.0000000000
70563  -20.140  -16.126  -15.702 0.0000000000
70581  -18.311  -16.071  -17.010 0.0000000000
70582  -18.835  -15.845  -16.888 0.0000000000
70583  -19.796  -15.874  -16.128 0.0000000000
70584  -20.548  -15.261  -16.096 0.0000000000
70592  -14.304  -15.644  -17.628 0.0000000000
70593  -17.391  -16.001  -17.865 0.0000000000
70594  -18.001  -15.855  -17.561 0.0000000000
70595  -18.682  -15.545  -17.380 0.0000000000
70603  -14.486  -15.238  -18.010 0.0000000000
70604  -14.941  -15.227  -18.672 0.0000000000
70605  -16.540  -15.821  -18.994 0.0000000000
70606  -17.089  -15.852  -18.405 0.0000000000
70607  -17.796  -15.406  -18.471 0.0000000000
70617  -15.506  -15.294  -19.481 0.0000000000
70618  -16.103  -15.767  -19.439 0.0000000000
70619  -16.997  -15.436  -19.426 0.0000000000
70620  -17.451  -15.375  -18.908 0.0000000000
70635  -15.674  -14.955  -20.137 0.0000000000
70636  -16.053  -15.312  -20.143 0.0000000000
70637  -16.503  -15.398  -19.890 0.0000000000
71777  -21.215  -15.318  -15.813 0.0000000000
71792  -19.469  -15.431  -16.765 0.0000000000
71793  -19.987  -14.939  -16.629 0.0000000000
71794  -21.123  -14.409  -16.468 0.0000000000
71795  -22.302  -14.370  -16.232 0.0000000000
71808  -14.426  -14.743  -17.604 0.0000000000
71809  -18.605  -15.400  -17.630 0.0000000000
71810  -19.193  -15.087  -17.424 0.0000000000
71811  -20.176  -14.179  -17.490 0.0000000000
71812  -20.849  -13.893  -17.145 0.0000000000
71819  -14.595  -14.412  -17.747 0.0000000000
71820  -14.772  -14.430  -18.256 0.0000000000
71821  -18.464  -15.132  -18.146 0.0000000000
71822  -19.248  -14.297  -18.498 0.0000000000
71823  -19.898  -13.876  -18.167 0.0000000000
71831  -15.215  -14.403  -19.026 0.0000000000
71832  -17.352  -15.182  -19.775 0.0000000000
71833  -17.966  -14.923  -19.361 0.0000000000
71834  -19.022  -14.206  -19.810 0.0000000000
71848  -15.393  -14.420  -20.009 0.0000000000
71849  -15.992  -14.506  -20.628 0.0000000000
71850  -17.025  -14.953  -20.411 0.0000000000
71851  -18.361  -14.315  -20.749 0.0000000000
71852  -19.036  -14.110  -20.481 0.0000000000
71869  -16.655  -14.160  -21.203 0.0000000000
71870  -17.431  -14.137  -21.602 0.0000000000
71871  -18.224  -13.983  -21.854 0.0000000000
71885  -17.748  -13.821  -22.211 0.0000000000
71886  -18.065  -13.742  -22.387 0.0000000000
73190  -21.839  -13.926  -16.608 0.0000000000
73191  -22.510  -13.679  -16.706 0.0000000000
73205  -15.205  -13.286  -17.285 0.0000000000
73206  -20.719  -13.706  -17.514 0.0000000000
73207  -21.457  -13.493  -17.284 0.0000000000
73208  -22.728  -12.965  -17.638 0.0000000000
73220  -14.811  -13.860  -17.751 0.0000000000
73221  -15.137  -13.442  -18.281 0.0000000000
73222  -19.824  -13.788  -18.524 0.0000000000
73223  -20.492  -13.490  -18.271 0.0000000000
73224  -21.683  -12.802  -18.552 0.0000000000
73225  -22.424  -12.566  -18.334 0.0000000000
73234  -15.358  -13.438  -19.465 0.0000000000
73235  -19.761  -13.664  -19.196 0.0000000000
73236  -20.736  -13.059  -19.671 0.0000000000
73237  -21.480  -12.668  -19.382 0.0000000000
73248  -15.653  -13.468  -20.597 0.0000000000
73249  -16.237  -13.687  -21.138 0.0000000000
73250  -19.041  -14.025  -20.813 0.0000000000
73251  -19.641  -13.717  -20.491 0.0000000000
73252  -20.431  -13.137  -20.906 0.0000000000
73268  -16.101  -12.994  -21.381 0.0000000000
73269  -16.816  -13.337  -22.065 0.0000000000
73270  -17.400  -13.675  -22.205 0.0000000000
73271  -19.067  -13.803  -21.472 0.0000000000
73272  -19.879  -13.409  -21.477 0.0000000000
73273  -20.324  -13.061  -21.617 0.0000000000
73294  -17.130  -13.001  -22.829 0.0000000000
73295  -17.710  -13.321  -22.855 0.0000000000
73296  -18.617  -13.549  -22.448 0.0000000000
73297  -19.574  -13.220  -22.333 0.0000000000
73298  -20.062  -13.151  -21.934 0.0000000000
73317  -18.143  -12.954  -23.495 0.0000000000
73318  -18.595  -13.157  -23.180 0.0000000000
73319  -19.060  -13.209  -22.839 0.0000000000
74583  -15.727  -12.709  -17.503 0.0000000000
74585  -23.399  -12.647  -17.809 0.0000000000
74602  -15.898  -12.342  -18.645 0.0000000000
74604  -22.309  -12.453  -18.698 0.0000000000
74605  -23.045  -12.169  -18.519 0.0000000000
74620  -15.795  -12.610  -19.930 0.0000000000
74621  -21.438  -12.509  -19.906 0.0000000000
74622  -22.097  -12.281  -19.371 0.0000000000
74623  -22.652  -11.738  -19.457 0.0000000000
74634  -16.016  -12.443  -20.962 0.0000000000
74635  -16.262  -11.872  -21.311 0.0000000000
74636  -21.081  -12.576  -20.630 0.0000000000
74637  -21.857  -11.940  -20.447 0.0000000000
74638  -22.308  -11.789  -19.898 0.0000000000
74652  -16.163  -12.597  -21.399 0.0000000000
74653  -16.352  -12.299  -21.855 0.0000000000
74654  -20.776  -12.686  -21.465 0.0000000000
74655  -21.375  -12.176  -21.352 0.0000000000
74673  -16.888  -12.388  -23.055 0.0000000000
74674  -17.338  -12.793  -23.171 0.0000000000
74675  -19.970  -12.811  -22.793 0.0000000000
74676  -20.412  -12.764  -22.256 0.0000000000
74677  -21.086  -12.401  -22.002 0.0000000000
74695  -17.226  -11.946  -23.654 0.0000000000
74696  -17.768  -12.359  -23.876 0.0000000000
74697  -18.645  -12.720  -23.869 0.0000000000
74698  -19.463  -12.811  -23.340 0.0000000000
74699  -20.440  -12.403  -23.217 0.0000000000
74700  -21.013  -12.250  -22.631 0.0000000000
74717  -18.140  -11.994  -24.667 0.0000000000
74718  -18.645  -12.237  -24.778 0.0000000000
74719  -19.370  -12.481  -24.343 0.0000000000
74720  -20.069  -12.328  -24.052 0.0000000000
74732  -19.032  -12.065  -25.372 0.0000000000
74733  -19.438  -12.159  -25.092 0.0000000000
74734  -19.912  -12.170  -24.723 0.0000000000
75938  -23.593  -11.692  -18.745 0.0000000000
75968  -16.234  -11.860  -19.493 0.0000000000
75970  -23.291  -11.376  -19.268 0.0000000000
76004  -16.109  -12.123  -20.266 0.0000000000
76005  -16.424  -11.449  -20.646 0.0000000000
76006  -22.155  -11.454  -20.795 0.0000000000
76007  -22.694  -11.153  -20.299 0.0000000000
76008  -23.376  -10.910  -19.786 0.0000000000
76038  -16.340  -11.273  -21.771 0.0000000000
76039  -21.880  -11.591  -21.307 0.0000000000
76040  -22.303  -11.156  -21.128 0.0000000000
76057  -16.541  -11.376  -22.774 0.0000000000
76058  -21.589  -11.793  -22.203 0.0000000000
76059  -22.212  -11.105  -21.893 0.0000000000
76073  -16.959  -11.464  -23.563 0.0000000000
76074  -17.356  -11.501  -24.113 0.0000000000
76075  -20.672  -11.936  -23.933 0.0000000000
76076  -21.360  -11.654  -23.390 0.0000000000
76077  -22.017  -11.139  -22.754 0.0000000000
76088  -17.842  -11.510  -24.998 0.0000000000
76089  -18.319  -11.871  -25.034 0.0000000000
76090  -20.475  -11.881  -24.630 0.0000000000
76091  -21.114  -11.540  -24.391 0.0000000000
76100  -18.088  -11.067  -26.013 0.0000000000
76101  -18.634  -11.690  -25.676 0.0000000000
76102  -19.456  -11.821  -25.770 0.0000000000
76103  -20.180  -11.837  -25.416 0.0000000000
76104  -20.971  -11.538  -25.223 0.0000000000
76113  -18.318  -10.753  -26.465 0.0000000000
76114  -18.592  -11.103  -26.501 0.0000000000
76115  -19.316  -11.371  -26.655 0.0000000000
76116  -20.093  -11.608  -26.317 0.0000000000
76117  -20.851  -11.539  -26.076 0.0000000000
76129  -19.700  -11.154  -27.207 0.0000000000
76130  -19.998  -11.378  -26.974 0.0000000000
76131  -20.653  -11.402  -26.906 0.0000000000
77363  -23.150  -10.555  -20.792 0.0000000000
77364  -23.680  -10.518  -20.312 0.0000000000
77396  -16.600  -10.374  -21.426 0.0000000000
77397  -22.749  -10.553  -21.359 0.0000000000
77398  -23.569  -10.030  -21.217 0.0000000000
77399  -24.032  -10.061  -20.729 0.0000000000
77413  -16.553  -10.328  -22.539 0.0000000000
77414  -22.690  -10.288  -22.539 0.0000000000
77415  -23.098  -9.996  -21.802 0.0000000000
77428  -16.916  -10.443  -23.698 0.0000000000
77429  -17.098  -11.022  -23.997 0.0000000000
77430  -21.702  -11.240  -24.221 0.0000000000
77431  -22.238  -10.829  -23.716 0.0000000000
77440  -17.076  -10.097  -24.363 0.0000000000
77441  -17.235  -10.634  -24.611 0.0000000000
77442  -21.620  -11.231  -24.955 0.0000000000
77443  -22.108  -10.924  -24.620 0.0000000000
77453  -17.607  -10.508  -25.649 0.0000000000
77454  -21.592  -11.307  -25.802 0.0000000000
77455  -22.194  -10.898  -25.409 0.0000000000
77464  -18.061  -10.345  -26.368 0.0000000000
77465  -18.592  -10.399  -26.921 0.0000000000
77466  -18.909  -10.937  -26.944 0.0000000000
77467  -21.463  -11.286  -26.692 0.0000000000
77468  -22.194  -10.960  -26.353 0.0000000000
77476  -18.832  -10.120  -27.420 0.0000000000
77477  -19.305  -10.636  -27.442 0.0000000000
77478  -20.201  -11.069  -27.613 0.0000000000
77479  -21.186  -11.109  -27.564 0.0000000000
77480  -22.035  -10.901  -27.287 0.0000000000
77491  -19.387  -10.119  -27.944 0.0000000000
77492  -19.897  -10.308  -28.154 0.0000000000
77493  -20.824  -10.589  -28.303 0.0000000000
77494  -21.757  -10.644  -28.135 0.0000000000
78648  -23.887  -9.668  -21.501 0.0000000000
78676  -16.738  -9.258  -22.247 0.0000000000
78677  -23.196  -9.764  -22.987 0.0000000000
78678  -23.711  -9.482  -22.218 0.0000000000
78679  -24.451  -9.147  -21.922 0.0000000000
78693  -16.768  -9.320  -23.418 0.0000000000
78694  -22.912  -10.003  -23.668 0.0000000000
78695  -23.567  -9.380  -23.515 0.0000000000
78704  -16.855  -9.390  -24.560 0.0000000000
78705  -17.120  -9.975  -24.685 0.0000000000
78706  -22.672  -10.333  -24.756 0.0000000000
78707  -23.302  -9.593  -24.456 0.0000000000
78714  -16.870  -9.050  -25.630 0.0000000000
78715  -17.203  -9.829  -25.257 0.0000000000
78716  -22.765  -10.419  -25.902 0.0000000000
78717  -23.244  -9.737  -25.451 0.0000000000
78724  -17.023  -8.828  -26.151 0.0000000000
78725  -17.597  -9.372  -26.377 0.0000000000
78726  -18.220  -9.861  -26.743 0.0000000000
78727  -22.700  -10.443  -26.909 0.0000000000
78728  -23.274  -9.873  -26.483 0.0000000000
78735  -18.065  -8.882  -26.925 0.0000000000
78736  -18.537  -9.376  -27.370 0.0000000000
78737  -19.030  -9.982  -27.763 0.0000000000
78738  -22.526  -10.400  -27.847 0.0000000000
78739  -23.198  -9.969  -27.506 0.0000000000
78748  -18.861  -8.934  -28.094 0.0000000000
78749  -19.358  -9.493  -28.268 0.0000000000
78750  -20.488  -9.599  -28.852 0.0000000000
78751  -21.508  -10.200  -28.866 0.0000000000
78752  -22.343  -10.310  -28.663 0.0000000000
78753  -23.028  -10.079  -28.494 0.0000000000
78762  -20.874  -9.094  -29.345 0.0000000000
78763  -21.419  -9.503  -29.363 0.0000000000
78764  -22.270  -9.951  -29.294 0.0000000000
78765  -22.784  -10.089  -29.035 0.0000000000
79837  -24.089  -8.905  -23.156 0.0000000000
79838  -24.634  -8.722  -22.625 0.0000000000
79862  -16.826  -8.383  -23.284 0.0000000000
79863  -24.055  -8.861  -23.821 0.0000000000
79864  -24.688  -8.410  -23.678 0.0000000000
79865  -25.087  -8.363  -23.142 0.0000000000
79875  -16.231  -7.917  -24.840 0.0000000000
79876  -16.507  -8.270  -24.310 0.0000000000
79877  -23.771  -9.104  -24.269 0.0000000000
79878  -24.248  -8.651  -24.495 0.0000000000
79886  -16.160  -7.758  -25.070 0.0000000000
79887  -16.429  -8.261  -25.216 0.0000000000
79888  -23.728  -9.092  -25.036 0.0000000000
79889  -24.345  -8.616  -25.475 0.0000000000
79898  -16.758  -8.336  -25.971 0.0000000000
79899  -17.134  -8.420  -26.458 0.0000000000
79900  -23.765  -9.200  -26.019 0.0000000000
79901  -24.370  -8.725  -26.553 0.0000000000
79909  -17.646  -8.416  -26.934 0.0000000000
79910  -18.163  -8.575  -27.315 0.0000000000
79911  -23.769  -9.341  -27.062 0.0000000000
79912  -24.256  -8.769  -27.616 0.0000000000
79921  -17.883  -8.059  -27.529 0.0000000000
79922  -18.458  -8.320  -27.989 0.0000000000
79923  -19.175  -8.496  -28.594 0.0000000000
79924  -19.778  -8.916  -28.868 0.0000000000
79925  -23.625  -9.441  -28.153 0.0000000000
79926  -24.151  -8.854  -28.712 0.0000000000
79935  -19.661  -8.320  -29.045 0.0000000000
79936  -20.331  -8.596  -29.383 0.0000000000
79937  -21.246  -8.748  -29.822 0.0000000000
79938  -22.119  -9.337  -29.876 0.0000000000
79939  -23.297  -9.618  -29.464 0.0000000000
79940  -24.185  -8.820  -29.734 0.0000000000
79950  -21.840  -8.661  -30.298 0.0000000000
79951  -22.664  -8.857  -30.361 0.0000000000
79952  -23.666  -8.896  -30.375 0.0000000000
79953  -24.305  -8.610  -30.429 0.0000000000
79955  -34.029  -8.467  -30.597 0.0000000000
79956  -35.164  -8.546  -30.644 0.0000000000
79957  -35.954  -8.039  -31.211 0.0000000000
81075  -25.041  -8.084  -23.974 0.0000000000
81076  -25.490  -8.045  -23.609 0.0000000000
81087  -16.114  -7.402  -24.759 0.0000000000
81089  -25.031  -8.047  -24.681 0.0000000000
81090  -26.073  -7.568  -24.549 0.0000000000
81101  -16.197  -7.369  -25.524 0.0000000000
81102  -16.521  -7.865  -25.798 0.0000000000
81103  -24.949  -8.070  -26.028 0.0000000000
81104  -25.699  -7.503  -25.687 0.0000000000
81105  -26.840  -7.006  -25.662 0.0000000000
81117  -16.225  -7.004  -26.064 0.0000000000
81118  -16.671  -7.504  -26.525 0.0000000000
81119  -17.228  -7.995  -26.774 0.0000000000
81120  -24.929  -8.187  -27.095 0.0000000000
81121  -25.489  -7.633  -26.673 0.0000000000
81122  -26.077  -7.213  -26.579 0.0000000000
81133  -17.011  -7.025  -27.581 0.0000000000
81134  -17.354  -7.727  -27.266 0.0000000000
81135  -24.724  -8.121  -28.103 0.0000000000
81136  -25.486  -7.533  -27.578 0.0000000000
81137  -25.802  -7.382  -27.072 0.0000000000
81146  -17.265  -6.737  -28.107 0.0000000000
81147  -17.727  -7.352  -28.164 0.0000000000
81148  -18.785  -7.497  -28.845 0.0000000000
81149  -19.351  -7.964  -28.943 0.0000000000
81150  -24.597  -8.115  -29.115 0.0000000000
81151  -25.195  -7.515  -28.527 0.0000000000
81159  -19.098  -7.095  -29.386 0.0000000000
81160  -19.664  -7.637  -29.444 0.0000000000
81161  -20.728  -7.836  -30.205 0.0000000000
81162  -21.383  -8.316  -30.349 0.0000000000
81163  -24.667  -8.209  -30.059 0.0000000000
81164  -25.100  -7.498  -29.515 0.0000000000
81172  -21.032  -7.468  -30.767 0.0000000000
81173  -21.812  -7.937  -30.932 0.0000000000
81174  -23.166  -8.327  -30.917 0.0000000000
81175  -24.103  -8.477  -30.947 0.0000000000
81176  -24.743  -8.352  -30.812 0.0000000000
81177  -25.124  -7.783  -30.549 0.0000000000
81178  -33.443  -7.631  -30.667 0.0000000000
81179  -34.341  -7.424  -31.451 0.0000000000
81180  -35.360  -7.631  -31.887 0.0000000000
81181  -36.236  -7.184  -32.378 0.0000000000
81182  -36.835  -7.084  -33.663 0.0000000000
81186  -22.180  -7.397  -31.423 0.0000000000
81187  -22.832  -7.660  -31.362 0.0000000000
81188  -23.796  -8.016  -31.442 0.0000000000
81189  -24.662  -8.185  -31.388 0.0000000000
81190  -25.105  -8.125  -31.130 0.0000000000
81191  -34.372  -6.680  -32.226 0.0000000000
82275  -15.785  -6.705  -25.141 0.0000000000
82276  -27.235  -6.556  -26.843 0.0000000000
82284  -15.787  -6.503  -25.850 0.0000000000
82285  -16.168  -6.719  -26.436 0.0000000000
82286  -26.619  -6.840  -26.957 0.0000000000
82298  -15.828  -6.177  -26.566 0.0000000000
82299  -16.343  -6.434  -27.198 0.0000000000
82300  -25.803  -7.236  -27.681 0.0000000000
82301  -26.074  -7.092  -27.449 0.0000000000
82311  -16.839  -6.270  -28.053 0.0000000000
82312  -17.421  -6.328  -28.649 0.0000000000
82313  -18.093  -6.752  -28.874 0.0000000000
82314  -25.838  -7.101  -28.047 0.0000000000
82315  -26.804  -6.289  -28.237 0.0000000000
82322  -17.895  -6.159  -29.259 0.0000000000
82323  -18.581  -6.504  -29.550 0.0000000000
82324  -19.322  -6.814  -29.813 0.0000000000
82325  -20.056  -7.006  -29.997 0.0000000000
82326  -25.645  -6.933  -28.841 0.0000000000
82332  -18.955  -6.280  -30.171 0.0000000000
82333  -19.599  -6.436  -30.444 0.0000000000
82334  -20.525  -6.844  -30.726 0.0000000000
82335  -21.158  -7.184  -31.073 0.0000000000
82336  -25.702  -6.674  -29.937 0.0000000000
82337  -25.903  -6.667  -31.105 0.0000000000
82338  -32.957  -6.835  -30.431 0.0000000000
82339  -33.517  -6.820  -31.231 0.0000000000
82340  -36.257  -6.501  -31.125 0.0000000000
82341  -36.877  -6.145  -33.374 0.0000000000
82345  -20.949  -6.613  -31.234 0.0000000000
82346  -21.631  -6.918  -31.488 0.0000000000
82347  -22.549  -6.987  -31.721 0.0000000000
82348  -23.428  -7.346  -31.789 0.0000000000
82349  -24.355  -7.692  -31.959 0.0000000000
82350  -25.361  -7.501  -31.492 0.0000000000
82351  -25.882  -6.882  -31.726 0.0000000000
82352  -34.054  -6.565  -31.919 0.0000000000
82353  -35.746  -5.514  -31.996 0.0000000000
82356  -23.108  -6.750  -31.977 0.0000000000
82357  -23.798  -6.970  -32.316 0.0000000000
82358  -24.806  -7.182  -32.568 0.0000000000
82359  -25.699  -6.870  -32.346 0.0000000000
82360  -26.430  -6.181  -31.704 0.0000000000
83384  -15.525  -5.752  -25.233 0.0000000000
83400  -15.436  -5.596  -26.127 0.0000000000
83404  -28.141  -6.201  -26.377 0.0000000000
83414  -15.783  -5.438  -27.158 0.0000000000
83415  -16.334  -5.719  -27.886 0.0000000000
83418  -28.209  -5.717  -27.159 0.0000000000
83419  -29.413  -5.114  -27.189 0.0000000000
83420  -30.604  -5.224  -27.300 0.0000000000
83421  -31.362  -5.737  -27.917 0.0000000000
83431  -16.076  -5.015  -28.073 0.0000000000
83432  -16.689  -5.316  -28.829 0.0000000000
83433  -17.436  -5.701  -29.251 0.0000000000
83434  -28.365  -4.874  -28.278 0.0000000000
83435  -29.345  -4.512  -27.879 0.0000000000
83436  -31.885  -5.728  -29.034 0.0000000000
83437  -32.323  -6.299  -29.411 0.0000000000
83447  -17.282  -5.118  -29.494 0.0000000000
83448  -17.979  -5.500  -29.973 0.0000000000
83449  -18.573  -5.972  -30.136 0.0000000000
83450  -27.306  -5.256  -30.194 0.0000000000
83451  -32.116  -5.380  -29.692 0.0000000000
83452  -32.455  -5.957  -30.009 0.0000000000
83463  -18.280  -5.035  -30.497 0.0000000000
83464  -18.919  -5.508  -30.761 0.0000000000
83465  -20.016  -6.063  -31.080 0.0000000000
83466  -20.579  -6.329  -31.184 0.0000000000
83467  -33.076  -6.112  -30.978 0.0000000000
83468  -33.673  -6.187  -31.752 0.0000000000
83477  -19.274  -4.922  -31.371 0.0000000000
83478  -19.807  -5.319  -31.482 0.0000000000
83479  -20.956  -5.742  -31.623 0.0000000000
83480  -22.080  -6.332  -31.963 0.0000000000
83481  -22.667  -6.534  -32.002 0.0000000000
83482  -33.407  -5.687  -31.663 0.0000000000
83488  -21.333  -5.159  -32.214 0.0000000000
83489  -21.899  -5.585  -32.299 0.0000000000
83490  -22.952  -6.119  -32.350 0.0000000000
83491  -24.048  -6.336  -32.867 0.0000000000
83492  -25.126  -6.311  -33.262 0.0000000000
83493  -26.020  -6.257  -32.807 0.0000000000
83494  -26.465  -5.781  -32.649 0.0000000000
83498  -25.305  -5.748  -33.667 0.0000000000
83499  -25.773  -5.840  -33.381 0.0000000000
83500  -26.173  -5.831  -33.072 0.0000000000
83507  -36.588  -6.302  -34.357 0.0000000000
83508  -36.885  -5.526  -34.768 0.0000000000
84481  -14.809  -4.035  -26.096 0.0000000000
84482  -15.043  -4.829  -25.582 0.0000000000
84496  -14.710  -4.028  -27.008 0.0000000000
84497  -15.153  -4.722  -26.585 0.0000000000
84511  -14.847  -3.896  -27.511 0.0000000000
84512  -15.305  -4.376  -27.715 0.0000000000
84516  -30.153  -4.609  -27.883 0.0000000000
84517  -31.039  -4.950  -28.094 0.0000000000
84518  -31.423  -5.326  -28.444 0.0000000000
84526  -16.004  -4.337  -28.871 0.0000000000
84527  -16.477  -4.658  -29.120 0.0000000000
84531  -28.569  -4.309  -29.380 0.0000000000
84532  -29.563  -4.179  -28.650 0.0000000000
84533  -30.769  -4.436  -28.711 0.0000000000
84534  -31.390  -4.987  -28.794 0.0000000000
84542  -16.052  -3.913  -29.488 0.0000000000
84543  -16.766  -4.277  -29.652 0.0000000000
84544  -17.488  -4.787  -29.881 0.0000000000
84547  -27.596  -4.494  -31.194 0.0000000000
84548  -28.462  -3.957  -30.424 0.0000000000
84549  -29.348  -3.636  -29.617 0.0000000000
84550  -30.505  -3.786  -29.393 0.0000000000
84551  -31.703  -4.672  -29.812 0.0000000000
84552  -32.256  -5.271  -30.053 0.0000000000
84562  -17.088  -3.800  -30.334 0.0000000000
84563  -17.757  -4.367  -30.607 0.0000000000
84564  -18.426  -4.818  -30.775 0.0000000000
84565  -27.775  -4.269  -32.069 0.0000000000
84566  -28.190  -3.793  -31.393 0.0000000000
84567  -32.177  -4.593  -30.634 0.0000000000
84568  -32.559  -5.209  -30.842 0.0000000000
84577  -18.140  -3.920  -31.321 0.0000000000
84578  -18.728  -4.410  -31.315 0.0000000000
84579  -19.674  -4.488  -31.955 0.0000000000
84580  -20.271  -5.039  -31.848 0.0000000000
84581  -28.191  -3.777  -31.993 0.0000000000
84590  -20.084  -4.153  -32.541 0.0000000000
84591  -20.733  -4.657  -32.344 0.0000000000
84592  -21.700  -4.840  -32.763 0.0000000000
84593  -22.475  -5.315  -32.758 0.0000000000
84594  -23.347  -5.443  -33.003 0.0000000000
84595  -24.200  -5.683  -33.383 0.0000000000
84596  -26.860  -5.295  -32.684 0.0000000000
84597  -28.238  -3.899  -32.659 0.0000000000
84601  -21.733  -4.386  -33.311 0.0000000000
84602  -22.481  -4.689  -33.414 0.0000000000
84603  -23.708  -4.856  -33.629 0.0000000000
84604  -24.758  -5.289  -33.925 0.0000000000
84605  -25.559  -5.385  -33.941 0.0000000000
84606  -26.420  -5.333  -33.452 0.0000000000
84607  -27.483  -4.706  -33.180 0.0000000000
84608  -28.304  -4.046  -33.755 0.0000000000
84612  -25.177  -4.882  -34.336 0.0000000000
84613  -25.857  -4.706  -34.263 0.0000000000
84614  -26.853  -4.592  -34.225 0.0000000000
84615  -27.758  -4.352  -34.425 0.0000000000
84616  -28.317  -3.927  -34.634 0.0000000000
84617  -35.059  -5.317  -34.772 0.0000000000
84618  -35.024  -4.747  -35.506 0.0000000000
84619  -35.785  -5.313  -35.612 0.0000000000
84620  -36.614  -4.903  -35.581 0.0000000000
84621  -34.644  -4.394  -37.384 0.0000000000
84622  -35.056  -4.453  -36.826 0.0000000000
84623  -36.173  -4.780  -36.928 0.0000000000
84624  -36.991  -4.637  -37.155 0.0000000000
84625  -34.757  -4.506  -37.760 0.0000000000
84626  -35.466  -4.650  -37.944 0.0000000000
84627  -36.433  -4.625  -37.933 0.0000000000
84628  -36.975  -4.405  -37.859 0.0000000000
85718  -14.500  -3.310  -26.676 0.0000000000
85731  -14.576  -3.406  -27.429 0.0000000000
85732  -14.921  -3.702  -27.879 0.0000000000
85743  -14.731  -3.109  -28.156 0.0000000000
85744  -15.232  -3.655  -28.517 0.0000000000
85757  -14.927  -2.975  -28.916 0.0000000000
85758  -15.462  -3.426  -29.510 0.0000000000
85759  -16.019  -3.655  -29.913 0.0000000000
85763  -28.767  -3.502  -30.522 0.0000000000
85764  -29.149  -3.337  -30.366 0.0000000000
85765  -30.116  -3.210  -30.169 0.0000000000
85766  -31.127  -3.626  -30.213 0.0000000000
85773  -15.674  -3.206  -30.167 0.0000000000
85774  -16.430  -3.254  -30.520 0.0000000000
85775  -17.191  -3.573  -30.795 0.0000000000
85778  -28.774  -3.288  -30.924 0.0000000000
85779  -29.615  -2.900  -30.957 0.0000000000
85780  -30.818  -3.112  -31.156 0.0000000000
85781  -32.070  -3.962  -30.990 0.0000000000
85782  -32.402  -4.581  -30.959 0.0000000000
85791  -17.010  -3.097  -31.143 0.0000000000
85792  -17.651  -3.428  -31.374 0.0000000000
85793  -18.577  -3.377  -31.829 0.0000000000
85794  -19.165  -3.886  -31.883 0.0000000000
85795  -28.683  -3.197  -31.886 0.0000000000
85796  -29.077  -2.960  -31.321 0.0000000000
85797  -31.060  -2.930  -31.851 0.0000000000
85798  -31.933  -3.190  -32.181 0.0000000000
85808  -18.921  -2.947  -32.292 0.0000000000
85809  -19.571  -3.417  -32.610 0.0000000000
85810  -20.613  -3.874  -32.949 0.0000000000
85811  -21.285  -4.243  -33.017 0.0000000000
85812  -28.932  -3.191  -33.068 0.0000000000
85813  -29.461  -2.786  -33.172 0.0000000000
85814  -32.227  -2.971  -33.102 0.0000000000
85819  -19.921  -2.932  -33.228 0.0000000000
85820  -20.449  -3.243  -33.402 0.0000000000
85821  -21.620  -3.651  -33.809 0.0000000000
85822  -23.034  -4.073  -34.166 0.0000000000
85823  -24.181  -4.402  -34.328 0.0000000000
85824  -24.782  -4.691  -34.393 0.0000000000
85825  -28.804  -3.402  -34.319 0.0000000000
85826  -29.585  -2.733  -33.952 0.0000000000
85827  -30.226  -2.587  -34.155 0.0000000000
85828  -32.446  -2.831  -33.655 0.0000000000
85833  -21.984  -3.013  -34.387 0.0000000000
85834  -22.608  -3.252  -34.511 0.0000000000
85835  -23.724  -3.479  -35.031 0.0000000000
85836  -25.001  -4.187  -34.903 0.0000000000
85837  -26.206  -3.917  -34.776 0.0000000000
85838  -27.201  -4.042  -35.098 0.0000000000
85839  -27.980  -3.788  -35.192 0.0000000000
85840  -28.626  -3.294  -35.171 0.0000000000
85841  -29.482  -3.046  -35.113 0.0000000000
85842  -30.234  -2.799  -34.775 0.0000000000
85843  -32.827  -2.924  -33.908 0.0000000000
85844  -33.392  -3.721  -33.480 0.0000000000
85845  -34.064  -4.688  -33.645 0.0000000000
85846  -35.684  -3.009  -35.496 0.0000000000
85847  -35.390  -2.995  -34.733 0.0000000000
85848  -24.051  -2.972  -35.530 0.0000000000
85849  -24.655  -3.234  -35.463 0.0000000000
85850  -25.650  -3.326  -35.349 0.0000000000
85851  -26.665  -3.417  -35.557 0.0000000000
85852  -27.624  -3.398  -35.721 0.0000000000
85853  -28.437  -3.111  -35.706 0.0000000000
85854  -29.494  -3.123  -36.183 0.0000000000
85855  -30.719  -3.130  -35.928 0.0000000000
85856  -32.109  -3.153  -36.090 0.0000000000
85857  -33.122  -3.246  -35.755 0.0000000000
85858  -33.827  -3.654  -35.078 0.0000000000
85859  -34.426  -4.617  -34.415 0.0000000000
85860  -36.098  -3.168  -36.145 0.0000000000
85861  -36.223  -3.744  -35.536 0.0000000000
85862  -29.950  -3.131  -36.884 0.0000000000
85863  -30.615  -3.357  -37.340 0.0000000000
85864  -31.769  -3.660  -37.196 0.0000000000
85865  -32.971  -3.638  -36.882 0.0000000000
85866  -33.868  -3.689  -36.309 0.0000000000
85867  -34.502  -4.104  -35.801 0.0000000000
85868  -36.419  -3.210  -36.634 0.0000000000
85869  -36.848  -3.851  -36.651 0.0000000000
85870  -30.985  -3.347  -38.185 0.0000000000
85871  -31.710  -3.629  -38.540 0.0000000000
85872  -32.937  -4.114  -38.070 0.0000000000
85873  -34.111  -4.194  -37.378 0.0000000000
85874  -34.377  -4.110  -36.611 0.0000000000
85875  -36.779  -3.739  -37.933 0.0000000000
85876  -37.092  -4.073  -37.539 0.0000000000
85877  -32.255  -3.351  -39.822 0.0000000000
85878  -33.053  -3.826  -39.378 0.0000000000
85879  -34.384  -4.258  -38.712 0.0000000000
85880  -35.593  -4.044  -38.696 0.0000000000
85881  -36.601  -4.148  -38.220 0.0000000000
85882  -36.970  -4.095  -37.958 0.0000000000
85883  -32.401  -3.198  -40.423 0.0000000000
85884  -32.971  -3.414  -40.616 0.0000000000
85885  -34.030  -3.571  -40.076 0.0000000000
85886  -34.792  -3.922  -39.374 0.0000000000
85887  -33.267  -3.137  -41.137 0.0000000000
85888  -33.482  -3.241  -40.826 0.0000000000
86905  -14.054  -2.534  -26.907 0.0000000000
86906  -14.309  -2.995  -27.147 0.0000000000
86921  -14.035  -2.007  -27.658 0.0000000000
86922  -14.362  -2.689  -27.614 0.0000000000
86936  -14.140  -1.676  -28.110 0.0000000000
86937  -14.473  -2.190  -28.505 0.0000000000
86949  -14.910  -2.393  -29.740 0.0000000000
86950  -15.270  -2.959  -30.085 0.0000000000
86961  -15.133  -1.875  -30.359 0.0000000000
86962  -15.593  -2.441  -30.494 0.0000000000
86963  -16.207  -2.502  -30.793 0.0000000000
86967  -29.676  -2.788  -31.298 0.0000000000
86968  -29.992  -2.753  -31.346 0.0000000000
86979  -16.676  -2.487  -31.140 0.0000000000
86980  -17.330  -2.536  -31.623 0.0000000000
86981  -17.926  -2.803  -31.855 0.0000000000
86982  -28.995  -2.864  -31.891 0.0000000000
86983  -29.431  -2.785  -31.678 0.0000000000
86984  -30.372  -2.724  -31.904 0.0000000000
86985  -31.056  -2.774  -32.289 0.0000000000
86992  -17.771  -2.213  -32.055 0.0000000000
86993  -18.402  -2.406  -32.320 0.0000000000
86994  -19.068  -2.637  -32.577 0.0000000000
86995  -29.081  -2.880  -32.211 0.0000000000
86996  -29.625  -2.679  -32.546 0.0000000000
86997  -30.478  -2.596  -32.710 0.0000000000
86998  -31.357  -2.686  -32.959 0.0000000000
86999  -31.850  -2.668  -33.436 0.0000000000
87003  -18.861  -2.083  -32.766 0.0000000000
87004  -19.514  -2.382  -33.099 0.0000000000
87005  -20.286  -2.526  -33.641 0.0000000000
87006  -20.911  -2.862  -33.891 0.0000000000
87007  -29.900  -2.611  -33.181 0.0000000000
87008  -30.503  -2.520  -33.554 0.0000000000
87009  -31.291  -2.590  -33.739 0.0000000000
87010  -31.875  -2.548  -33.891 0.0000000000
87014  -20.769  -2.321  -34.132 0.0000000000
87015  -21.468  -2.516  -34.426 0.0000000000
87016  -22.265  -2.630  -34.750 0.0000000000
87017  -22.973  -2.758  -34.967 0.0000000000
87018  -30.753  -2.577  -34.280 0.0000000000
87019  -31.444  -2.607  -34.405 0.0000000000
87020  -32.277  -2.666  -34.347 0.0000000000
87021  -32.939  -2.937  -34.298 0.0000000000
87022  -35.139  -2.323  -34.809 0.0000000000
87023  -35.392  -2.568  -35.195 0.0000000000
87024  -21.944  -2.133  -34.929 0.0000000000
87025  -22.599  -2.136  -35.248 0.0000000000
87026  -23.550  -2.420  -35.475 0.0000000000
87027  -24.408  -2.459  -35.633 0.0000000000
87028  -25.252  -2.543  -35.599 0.0000000000
87029  -26.213  -2.567  -35.637 0.0000000000
87030  -27.257  -2.654  -35.892 0.0000000000
87031  -28.342  -2.737  -36.110 0.0000000000
87032  -28.978  -2.893  -36.129 0.0000000000
87033  -30.919  -2.718  -34.952 0.0000000000
87034  -31.652  -2.774  -35.185 0.0000000000
87035  -32.577  -2.872  -35.106 0.0000000000
87036  -33.240  -3.165  -34.740 0.0000000000
87037  -35.208  -2.206  -35.226 0.0000000000
87038  -35.524  -2.524  -35.767 0.0000000000
87039  -29.104  -2.671  -36.293 0.0000000000
87040  -29.551  -2.828  -36.645 0.0000000000
87041  -30.196  -2.765  -37.305 0.0000000000
87042  -35.478  -2.360  -36.912 0.0000000000
87043  -35.819  -2.626  -36.659 0.0000000000
87044  -36.603  -3.221  -37.031 0.0000000000
87045  -30.753  -2.740  -38.159 0.0000000000
87046  -31.196  -3.040  -38.640 0.0000000000
87047  -35.498  -2.470  -37.443 0.0000000000
87048  -36.298  -3.073  -37.729 0.0000000000
87049  -36.836  -3.579  -37.407 0.0000000000
87050  -31.090  -2.401  -38.999 0.0000000000
87051  -31.517  -2.780  -39.469 0.0000000000
87052  -34.689  -2.542  -39.406 0.0000000000
87053  -35.241  -2.814  -38.783 0.0000000000
87054  -36.223  -3.585  -38.359 0.0000000000
87055  -31.939  -2.783  -40.294 0.0000000000
87056  -32.417  -2.987  -40.750 0.0000000000
87057  -34.393  -2.754  -39.873 0.0000000000
87058  -34.913  -3.509  -39.514 0.0000000000
87059  -32.140  -2.409  -40.759 0.0000000000
87060  -32.744  -2.626  -41.104 0.0000000000
87061  -33.598  -2.661  -40.948 0.0000000000
88121  -13.678  -1.714  -27.112 0.0000000000
88136  -13.883  -1.320  -27.843 0.0000000000
88137  -14.177  -1.310  -28.551 0.0000000000
88152  -14.491  -1.487  -29.301 0.0000000000
88165  -14.758  -1.387  -30.191 0.0000000000
88166  -15.296  -1.291  -30.973 0.0000000000
88167  -16.157  -1.865  -31.097 0.0000000000
88181  -16.029  -1.113  -31.869 0.0000000000
88182  -16.908  -1.718  -31.761 0.0000000000
88183  -17.446  -1.953  -31.983 0.0000000000
88192  -16.350  -0.706  -32.352 0.0000000000
88193  -16.798  -0.999  -32.365 0.0000000000
88194  -17.728  -1.430  -32.579 0.0000000000
88195  -18.452  -1.783  -32.715 0.0000000000
88197  -34.687  -2.987  -33.462 0.0000000000
88200  -17.993  -1.024  -33.274 0.0000000000
88201  -18.779  -1.353  -33.389 0.0000000000
88202  -19.960  -1.800  -33.751 0.0000000000
88203  -20.457  -2.060  -34.023 0.0000000000
88204  -34.523  -1.582  -34.215 0.0000000000
88205  -34.808  -2.152  -34.149 0.0000000000
88208  -19.126  -0.757  -33.989 0.0000000000
88209  -19.728  -1.087  -34.116 0.0000000000
88210  -20.762  -1.555  -34.583 0.0000000000
88211  -21.517  -1.915  -34.822 0.0000000000
88212  -34.431  -1.402  -34.816 0.0000000000
88213  -34.876  -1.899  -34.791 0.0000000000
88214  -21.196  -0.982  -35.236 0.0000000000
88215  -21.858  -1.454  -35.337 0.0000000000
88216  -23.028  -1.341  -35.894 0.0000000000
88217  -24.072  -1.677  -35.917 0.0000000000
88218  -24.911  -1.761  -35.792 0.0000000000
88219  -25.752  -1.783  -35.731 0.0000000000
88220  -26.790  -1.577  -35.782 0.0000000000
88221  -28.105  -1.765  -35.782 0.0000000000
88222  -29.235  -1.926  -36.269 0.0000000000
88223  -29.817  -1.465  -36.619 0.0000000000
88224  -34.268  -1.420  -35.761 0.0000000000
88225  -35.080  -1.923  -35.637 0.0000000000
88226  -35.454  -2.323  -36.029 0.0000000000
88227  -23.322  -0.701  -36.323 0.0000000000
88228  -23.865  -0.910  -36.344 0.0000000000
88229  -24.653  -1.077  -36.280 0.0000000000
88230  -25.376  -1.153  -36.077 0.0000000000
88231  -26.030  -1.127  -35.925 0.0000000000
88232  -29.444  -2.444  -36.531 0.0000000000
88233  -29.919  -1.982  -36.979 0.0000000000
88234  -30.428  -1.917  -37.905 0.0000000000
88235  -33.249  -1.046  -37.528 0.0000000000
88236  -33.909  -1.509  -36.904 0.0000000000
88237  -35.051  -2.038  -36.654 0.0000000000
88238  -35.352  -2.215  -36.229 0.0000000000
88239  -30.794  -1.704  -38.909 0.0000000000
88240  -33.409  -0.940  -38.073 0.0000000000
88241  -33.988  -1.335  -38.220 0.0000000000
88242  -34.774  -2.023  -37.786 0.0000000000
88243  -30.897  -1.817  -40.068 0.0000000000
88244  -31.434  -2.376  -40.099 0.0000000000
88245  -33.208  -1.330  -40.028 0.0000000000
88246  -34.253  -1.998  -39.380 0.0000000000
88247  -34.643  -2.014  -38.595 0.0000000000
88248  -31.004  -1.300  -41.061 0.0000000000
88249  -31.522  -2.050  -40.575 0.0000000000
88250  -33.080  -1.317  -40.878 0.0000000000
88251  -33.772  -1.980  -40.510 0.0000000000
88252  -31.152  -0.938  -41.318 0.0000000000
88253  -31.882  -1.578  -41.109 0.0000000000
88254  -32.685  -1.582  -41.152 0.0000000000
88255  -33.395  -1.884  -41.023 0.0000000000
88256  -31.315  -0.507  -41.553 0.0000000000
88257  -31.636  -0.810  -41.423 0.0000000000
88258  -32.076  -1.142  -41.345 0.0000000000
89227  -13.703  -0.482  -28.668 0.0000000000
89228  -14.160  -0.998  -29.062 0.0000000000
89238  -13.944  -0.166  -30.136 0.0000000000
89239  -14.268  -0.815  -29.719 0.0000000000
89252  -14.065  -0.067  -30.804 0.0000000000
89253  -14.593  -0.450  -30.881 0.0000000000
89254  -15.033  -0.718  -31.146 0.0000000000
89273  -14.907  -0.042  -31.384 0.0000000000
89274  -15.283  -0.425  -31.582 0.0000000000
89287  -15.962  -0.368  -32.312 0.0000000000
89288  -16.659  -0.335  -32.801 0.0000000000
89289  -17.154  -0.795  -32.806 0.0000000000
89294  -34.505  -1.991  -33.485 0.0000000000
89298  -16.901  -0.026  -33.227 0.0000000000
89299  -17.491  -0.427  -33.404 0.0000000000
89300  -18.151  -0.799  -33.538 0.0000000000
89301  -32.803  -0.331  -33.893 0.0000000000
89302  -33.954  -1.032  -33.796 0.0000000000
89303  -34.413  -1.600  -33.644 0.0000000000
89304  -17.859  0.070  -33.997 0.0000000000
89305  -18.476  -0.370  -34.016 0.0000000000
89306  -19.533  -0.292  -34.540 0.0000000000
89307  -20.175  -0.815  -34.557 0.0000000000
89308  -32.755  -0.376  -35.139 0.0000000000
89309  -33.643  -0.851  -34.855 0.0000000000
89310  -19.978  0.200  -35.040 0.0000000000
89311  -20.583  -0.388  -35.130 0.0000000000
89312  -21.691  -0.351  -35.632 0.0000000000
89313  -22.325  -0.883  -35.805 0.0000000000
89314  -26.521  -0.419  -35.817 0.0000000000
89315  -27.740  -0.597  -35.608 0.0000000000
89316  -29.188  -0.627  -35.941 0.0000000000
89317  -29.703  -1.178  -36.354 0.0000000000
89318  -31.913  -0.013  -36.699 0.0000000000
89319  -32.570  -0.492  -36.166 0.0000000000
89320  -33.382  -0.915  -35.889 0.0000000000
89321  -22.136  0.236  -35.978 0.0000000000
89322  -22.736  -0.274  -36.221 0.0000000000
89323  -23.633  -0.245  -36.665 0.0000000000
89324  -24.435  -0.379  -36.742 0.0000000000
89325  -25.191  -0.528  -36.520 0.0000000000
89326  -25.750  -0.647  -36.140 0.0000000000
89327  -29.507  -0.043  -36.748 0.0000000000
89328  -30.032  -0.619  -37.255 0.0000000000
89329  -30.312  -1.325  -37.618 0.0000000000
89330  -32.058  0.055  -37.816 0.0000000000
89331  -32.537  -0.582  -37.160 0.0000000000
89332  -33.059  -0.998  -36.692 0.0000000000
89333  -30.351  -0.159  -38.345 0.0000000000
89334  -30.521  -0.731  -38.564 0.0000000000
89335  -32.168  0.143  -38.916 0.0000000000
89336  -32.810  -0.630  -38.261 0.0000000000
89337  -33.372  -1.039  -38.336 0.0000000000
89338  -30.484  -0.725  -39.977 0.0000000000
89339  -32.171  0.189  -39.517 0.0000000000
89340  -32.547  -0.388  -39.549 0.0000000000
89341  -33.253  -1.267  -38.934 0.0000000000
89342  -30.575  -0.632  -40.991 0.0000000000
89343  -32.548  -0.558  -40.600 0.0000000000
89344  -30.884  -0.424  -41.508 0.0000000000
89345  -31.691  0.057  -41.413 0.0000000000
89346  -32.338  -0.652  -41.190 0.0000000000
89347  -31.123  -0.268  -41.680 0.0000000000
89348  -31.467  -0.274  -41.575 0.0000000000
89349  -31.988  -0.698  -41.397 0.0000000000
90280  -13.535  0.518  -28.568 0.0000000000
90289  -13.626  0.457  -29.671 0.0000000000
90301  -13.909  0.471  -30.880 0.0000000000
90302  -14.212  0.069  -31.075 0.0000000000
90320  -14.192  0.811  -31.376 0.0000000000
90321  -14.605  0.468  -31.559 0.0000000000
90322  -15.087  0.139  -31.685 0.0000000000
90333  -14.899  0.815  -32.181 0.0000000000
90334  -15.446  0.446  -32.402 0.0000000000
90335  -16.160  0.091  -32.654 0.0000000000
90338  -31.735  0.992  -33.337 0.0000000000
90344  -15.791  0.874  -33.038 0.0000000000
90345  -16.439  0.557  -33.234 0.0000000000
90346  -17.050  0.172  -33.422 0.0000000000
90347  -31.649  0.862  -34.207 0.0000000000
90348  -32.168  0.479  -33.754 0.0000000000
90351  -16.783  1.093  -33.825 0.0000000000
90352  -17.337  0.593  -33.901 0.0000000000
90353  -18.247  0.582  -34.547 0.0000000000
90354  -18.882  0.150  -34.533 0.0000000000
90355  -31.585  0.755  -35.170 0.0000000000
90356  -32.177  0.262  -34.606 0.0000000000
90357  -18.671  1.127  -35.058 0.0000000000
90358  -19.303  0.657  -35.091 0.0000000000
90359  -20.362  0.681  -35.640 0.0000000000
90360  -21.013  0.148  -35.653 0.0000000000
90361  -25.451  0.826  -36.073 0.0000000000
90362  -26.352  0.640  -35.681 0.0000000000
90363  -27.347  0.486  -35.519 0.0000000000
90364  -28.409  0.446  -35.781 0.0000000000
90365  -31.536  0.705  -36.235 0.0000000000
90366  -31.997  0.068  -35.627 0.0000000000
90367  -20.757  1.227  -36.116 0.0000000000
90368  -21.454  0.751  -36.062 0.0000000000
90369  -22.468  0.731  -36.325 0.0000000000
90370  -23.316  0.537  -36.607 0.0000000000
90371  -24.150  0.410  -36.895 0.0000000000
90372  -25.003  0.242  -36.748 0.0000000000
90373  -25.716  0.004  -36.242 0.0000000000
90374  -29.177  0.532  -36.514 0.0000000000
90375  -29.649  0.539  -37.521 0.0000000000
90376  -31.578  0.762  -37.411 0.0000000000
90377  -30.153  0.550  -38.826 0.0000000000
90378  -30.412  0.040  -38.897 0.0000000000
90379  -31.598  0.761  -38.668 0.0000000000
90380  -30.070  0.857  -39.934 0.0000000000
90381  -30.328  0.352  -39.901 0.0000000000
90382  -31.732  0.635  -39.893 0.0000000000
90383  -32.168  0.200  -39.824 0.0000000000
90384  -30.335  0.244  -41.009 0.0000000000
90385  -31.538  0.694  -41.042 0.0000000000
90386  -32.114  0.172  -40.387 0.0000000000
90387  -30.759  0.255  -41.650 0.0000000000
90388  -31.328  0.431  -41.605 0.0000000000
90389  -31.937  0.069  -41.165 0.0000000000
90390  -30.945  -0.019  -41.811 0.0000000000
90391  -31.194  0.095  -41.766 0.0000000000
91365  -13.557  1.260  -29.228 0.0000000000
91379  -13.687  1.281  -30.448 0.0000000000
91396  -13.988  1.297  -31.483 0.0000000000
91397  -14.331  0.994  -31.646 0.0000000000
91412  -14.112  1.640  -31.998 0.0000000000
91413  -14.542  1.357  -32.269 0.0000000000
91414  -15.065  1.023  -32.482 0.0000000000
91427  -14.796  1.783  -32.879 0.0000000000
91428  -15.346  1.455  -33.124 0.0000000000
91429  -15.936  1.087  -33.339 0.0000000000
91433  -30.807  2.036  -34.349 0.0000000000
91434  -31.238  1.468  -33.807 0.0000000000
91439  -15.637  1.950  -33.821 0.0000000000
91440  -16.167  1.516  -33.880 0.0000000000
91441  -17.068  1.567  -34.463 0.0000000000
91442  -17.658  1.072  -34.482 0.0000000000
91443  -30.862  2.032  -35.372 0.0000000000
91444  -31.222  1.420  -34.758 0.0000000000
91449  -17.433  2.104  -34.894 0.0000000000
91450  -18.089  1.673  -34.881 0.0000000000
91451  -19.092  1.688  -35.622 0.0000000000
91452  -19.710  1.179  -35.670 0.0000000000
91453  -24.128  1.779  -35.971 0.0000000000
91454  -25.037  1.661  -35.705 0.0000000000
91455  -26.021  1.585  -35.454 0.0000000000
91456  -27.023  1.489  -35.272 0.0000000000
91457  -27.991  1.451  -35.639 0.0000000000
91458  -30.940  2.050  -36.435 0.0000000000
91459  -31.215  1.391  -35.789 0.0000000000
91460  -19.506  2.239  -36.113 0.0000000000
91461  -20.107  1.753  -36.183 0.0000000000
91462  -21.121  1.802  -36.369 0.0000000000
91463  -22.064  1.678  -36.460 0.0000000000
91464  -22.970  1.445  -36.461 0.0000000000
91465  -23.781  1.192  -36.576 0.0000000000
91466  -24.613  1.018  -36.458 0.0000000000
91467  -28.785  1.399  -36.349 0.0000000000
91468  -29.304  1.357  -37.340 0.0000000000
91469  -31.078  2.131  -37.497 0.0000000000
91470  -31.323  1.478  -36.916 0.0000000000
91471  -29.596  1.340  -38.634 0.0000000000
91472  -31.120  2.198  -38.163 0.0000000000
91473  -31.296  1.680  -38.340 0.0000000000
91474  -29.696  1.346  -40.190 0.0000000000
91475  -30.030  0.989  -40.389 0.0000000000
91476  -31.316  1.475  -39.752 0.0000000000
91477  -29.833  1.817  -40.675 0.0000000000
91478  -30.333  1.214  -40.945 0.0000000000
91479  -31.100  1.256  -40.840 0.0000000000
91480  -30.557  0.733  -41.436 0.0000000000
91481  -30.896  0.918  -41.523 0.0000000000
92530  -13.225  2.618  -29.363 0.0000000000
92531  -13.555  1.983  -28.737 0.0000000000
92543  -13.259  2.738  -30.025 0.0000000000
92544  -13.470  2.229  -30.073 0.0000000000
92556  -13.608  2.064  -31.235 0.0000000000
92570  -13.875  1.930  -31.874 0.0000000000
92571  -14.128  2.057  -32.314 0.0000000000
92584  -14.478  2.236  -32.829 0.0000000000
92585  -14.891  2.110  -33.217 0.0000000000
92595  -14.677  2.643  -33.375 0.0000000000
92596  -15.231  2.464  -33.745 0.0000000000
92597  -15.800  2.393  -34.398 0.0000000000
92598  -16.360  2.071  -34.642 0.0000000000
92599  -30.541  2.712  -34.971 0.0000000000
92606  -16.198  2.653  -34.902 0.0000000000
92607  -16.851  2.521  -35.074 0.0000000000
92608  -17.762  2.650  -35.273 0.0000000000
92609  -18.473  2.345  -35.481 0.0000000000
92610  -23.088  3.241  -36.137 0.0000000000
92611  -23.649  2.788  -36.014 0.0000000000
92612  -24.600  2.617  -35.555 0.0000000000
92613  -25.603  2.540  -35.208 0.0000000000
92614  -26.671  2.512  -35.122 0.0000000000
92615  -27.624  2.447  -35.503 0.0000000000
92616  -30.646  2.702  -36.038 0.0000000000
92621  -18.364  2.996  -35.628 0.0000000000
92622  -19.012  2.778  -36.012 0.0000000000
92623  -19.825  2.816  -36.392 0.0000000000
92624  -20.699  2.759  -36.456 0.0000000000
92625  -21.634  2.727  -36.505 0.0000000000
92626  -22.689  2.663  -36.369 0.0000000000
92627  -23.415  1.928  -36.220 0.0000000000
92628  -28.518  2.432  -36.289 0.0000000000
92629  -29.044  2.051  -37.081 0.0000000000
92630  -30.781  2.686  -37.114 0.0000000000
92631  -28.792  2.692  -37.574 0.0000000000
92632  -29.223  2.063  -38.186 0.0000000000
92633  -30.866  2.607  -38.199 0.0000000000
92634  -31.046  2.271  -38.737 0.0000000000
92635  -28.689  2.560  -38.958 0.0000000000
92636  -29.110  1.968  -39.638 0.0000000000
92637  -30.664  2.575  -39.344 0.0000000000
92638  -30.998  2.101  -39.669 0.0000000000
92642  -28.585  2.568  -40.331 0.0000000000
92643  -29.106  2.394  -40.820 0.0000000000
92644  -30.200  2.235  -40.576 0.0000000000
92645  -30.737  1.679  -40.481 0.0000000000
92649  -28.414  2.627  -41.242 0.0000000000
92650  -28.497  2.582  -41.483 0.0000000000
93589  -12.804  3.222  -29.185 0.0000000000
93602  -13.029  3.304  -30.211 0.0000000000
93603  -13.256  2.838  -30.378 0.0000000000
93616  -13.022  3.700  -30.886 0.0000000000
93617  -13.280  3.106  -31.113 0.0000000000
93630  -13.769  2.768  -32.167 0.0000000000
93631  -14.146  2.551  -32.604 0.0000000000
93643  -13.724  3.489  -32.688 0.0000000000
93644  -14.160  3.151  -33.081 0.0000000000
93656  -14.725  3.308  -33.824 0.0000000000
93657  -15.408  3.354  -34.384 0.0000000000
93658  -15.881  3.075  -34.808 0.0000000000
93667  -15.801  3.714  -34.874 0.0000000000
93668  -16.305  3.453  -35.221 0.0000000000
93669  -17.198  3.542  -35.541 0.0000000000
93670  -17.935  3.396  -35.616 0.0000000000
93671  -23.361  3.739  -35.896 0.0000000000
93672  -24.186  3.582  -35.616 0.0000000000
93673  -25.115  3.523  -35.130 0.0000000000
93674  -26.213  3.514  -34.805 0.0000000000
93675  -27.346  3.577  -35.278 0.0000000000
93676  -28.126  3.212  -35.843 0.0000000000
93677  -30.360  3.426  -35.661 0.0000000000
93683  -17.773  3.977  -35.841 0.0000000000
93684  -18.486  3.775  -35.996 0.0000000000
93685  -19.404  3.756  -36.331 0.0000000000
93686  -20.295  3.742  -36.456 0.0000000000
93687  -21.154  3.718  -36.499 0.0000000000
93688  -21.992  3.705  -36.504 0.0000000000
93689  -22.688  3.785  -36.191 0.0000000000
93690  -28.113  3.996  -35.920 0.0000000000
93691  -28.425  3.512  -36.873 0.0000000000
93692  -30.523  3.375  -36.768 0.0000000000
93693  -28.434  3.310  -38.279 0.0000000000
93694  -30.625  3.246  -37.891 0.0000000000
93698  -28.263  3.125  -39.659 0.0000000000
93699  -30.573  3.047  -38.832 0.0000000000
93705  -27.888  2.858  -40.880 0.0000000000
93706  -29.501  2.828  -40.682 0.0000000000
93707  -30.173  3.097  -39.795 0.0000000000
93713  -28.008  2.818  -41.591 0.0000000000
93714  -28.691  3.018  -41.531 0.0000000000
94688  -12.394  4.232  -28.522 0.0000000000
94702  -12.612  4.128  -29.219 0.0000000000
94714  -12.616  3.941  -29.941 0.0000000000
94730  -12.775  4.203  -30.709 0.0000000000
94731  -13.049  4.155  -31.422 0.0000000000
94751  -13.377  3.910  -32.246 0.0000000000
94767  -13.695  4.160  -33.139 0.0000000000
94768  -14.285  4.185  -33.714 0.0000000000
94785  -14.889  4.256  -34.229 0.0000000000
94786  -15.401  4.347  -34.757 0.0000000000
94799  -15.834  4.369  -35.273 0.0000000000
94800  -16.564  4.533  -35.711 0.0000000000
94801  -17.323  4.381  -35.865 0.0000000000
94802  -23.755  4.370  -35.636 0.0000000000
94803  -24.552  4.461  -35.247 0.0000000000
94804  -25.591  4.503  -34.793 0.0000000000
94805  -26.698  4.579  -34.921 0.0000000000
94806  -27.537  4.695  -35.628 0.0000000000
94818  -17.154  4.999  -36.143 0.0000000000
94819  -17.934  4.779  -36.135 0.0000000000
94820  -18.922  4.742  -36.284 0.0000000000
94821  -19.829  4.675  -36.532 0.0000000000
94822  -20.695  4.637  -36.632 0.0000000000
94823  -21.499  4.624  -36.640 0.0000000000
94824  -22.240  4.644  -36.488 0.0000000000
94825  -23.008  4.726  -36.023 0.0000000000
94826  -28.017  4.625  -36.796 0.0000000000
94827  -28.190  4.019  -37.779 0.0000000000
94828  -29.815  4.984  -35.980 0.0000000000
94829  -30.198  4.142  -36.404 0.0000000000
94840  -27.836  4.667  -38.149 0.0000000000
94841  -28.058  3.897  -38.935 0.0000000000
94842  -29.979  4.844  -37.201 0.0000000000
94843  -30.346  3.987  -37.612 0.0000000000
94853  -27.515  4.486  -39.460 0.0000000000
94854  -27.610  3.613  -40.243 0.0000000000
94855  -30.062  4.542  -38.543 0.0000000000
94856  -30.330  3.652  -38.937 0.0000000000
94863  -26.783  4.191  -40.672 0.0000000000
94864  -27.190  3.457  -41.351 0.0000000000
94865  -29.651  3.868  -40.102 0.0000000000
94866  -30.119  3.547  -39.640 0.0000000000
94873  -25.839  4.831  -41.996 0.0000000000
94874  -26.368  4.579  -41.808 0.0000000000
94875  -27.455  3.866  -41.977 0.0000000000
94876  -28.599  4.192  -41.269 0.0000000000
94879  -25.968  4.887  -42.163 0.0000000000
94880  -26.520  4.722  -42.206 0.0000000000
94881  -27.089  4.706  -42.150 0.0000000000
95906  -11.642  5.083  -28.695 0.0000000000
95907  -12.093  4.960  -28.951 0.0000000000
95921  -12.275  4.951  -29.390 0.0000000000
95933  -12.519  4.946  -30.220 0.0000000000
95951  -12.840  5.200  -31.375 0.0000000000
95952  -13.183  4.813  -32.045 0.0000000000
95975  -12.995  5.679  -32.380 0.0000000000
95976  -13.399  5.015  -32.819 0.0000000000
95997  -13.052  5.987  -33.244 0.0000000000
95998  -13.789  5.420  -33.855 0.0000000000
95999  -14.454  4.833  -34.130 0.0000000000
96021  -14.100  6.040  -34.413 0.0000000000
96022  -14.768  5.426  -34.795 0.0000000000
96023  -15.367  4.859  -35.197 0.0000000000
96037  -15.116  5.934  -35.408 0.0000000000
96038  -15.642  5.408  -35.640 0.0000000000
96039  -16.637  5.636  -36.028 0.0000000000
96040  -23.812  5.367  -35.559 0.0000000000
96041  -24.918  5.452  -34.973 0.0000000000
96042  -26.024  5.516  -34.868 0.0000000000
96043  -26.934  5.566  -35.342 0.0000000000
96044  -27.452  5.572  -36.245 0.0000000000
96057  -17.478  5.751  -36.271 0.0000000000
96058  -18.363  5.666  -36.506 0.0000000000
96059  -19.302  5.567  -36.615 0.0000000000
96060  -20.211  5.498  -36.692 0.0000000000
96061  -21.044  5.475  -36.727 0.0000000000
96062  -21.789  5.480  -36.668 0.0000000000
96063  -22.441  5.508  -36.388 0.0000000000
96064  -23.019  5.663  -36.056 0.0000000000
96065  -27.661  5.545  -37.405 0.0000000000
96066  -29.576  5.875  -36.727 0.0000000000
96076  -27.533  5.442  -38.687 0.0000000000
96077  -29.662  5.475  -38.017 0.0000000000
96085  -27.057  5.231  -39.965 0.0000000000
96086  -29.674  5.173  -39.314 0.0000000000
96091  -25.911  5.704  -41.451 0.0000000000
96092  -26.348  5.047  -41.055 0.0000000000
96093  -28.635  5.537  -40.791 0.0000000000
96094  -29.260  4.968  -40.519 0.0000000000
96102  -25.709  5.279  -42.088 0.0000000000
96103  -25.954  5.066  -41.695 0.0000000000
96104  -27.845  4.967  -41.664 0.0000000000
96105  -28.626  4.897  -41.091 0.0000000000
96109  -26.025  5.382  -42.424 0.0000000000
96110  -26.690  5.298  -42.324 0.0000000000
96111  -27.202  5.144  -42.102 0.0000000000
97106  -11.477  5.748  -28.773 0.0000000000
97107  -11.955  5.864  -29.194 0.0000000000
97108  -12.161  5.461  -29.360 0.0000000000
97126  -12.212  6.418  -29.489 0.0000000000
97127  -12.353  5.997  -29.838 0.0000000000
97147  -12.610  6.139  -30.876 0.0000000000
97161  -12.727  6.372  -31.897 0.0000000000
97175  -12.709  6.579  -32.831 0.0000000000
97188  -12.830  6.740  -33.434 0.0000000000
97189  -13.140  6.595  -33.821 0.0000000000
97203  -13.580  6.602  -34.329 0.0000000000
97204  -14.191  6.613  -34.780 0.0000000000
97210  -14.779  6.533  -35.285 0.0000000000
97211  -15.373  6.394  -35.667 0.0000000000
97212  -16.054  6.387  -36.032 0.0000000000
97213  -23.358  6.495  -35.981 0.0000000000
97214  -24.349  6.397  -35.373 0.0000000000
97215  -25.370  6.454  -34.888 0.0000000000
97216  -26.380  6.462  -35.120 0.0000000000
97217  -27.079  6.482  -35.764 0.0000000000
97218  -29.396  6.757  -35.955 0.0000000000
97225  -16.902  6.583  -36.391 0.0000000000
97226  -17.797  6.582  -36.577 0.0000000000
97227  -18.734  6.412  -36.558 0.0000000000
97228  -19.693  6.307  -36.520 0.0000000000
97229  -20.587  6.256  -36.527 0.0000000000
97230  -21.375  6.291  -36.579 0.0000000000
97231  -22.087  6.301  -36.548 0.0000000000
97232  -22.651  6.225  -36.279 0.0000000000
97233  -27.433  6.500  -36.761 0.0000000000
97234  -29.345  6.819  -36.869 0.0000000000
97241  -27.537  6.435  -37.979 0.0000000000
97242  -29.367  6.404  -37.689 0.0000000000
97247  -27.220  6.293  -39.262 0.0000000000
97248  -28.930  6.622  -39.154 0.0000000000
97249  -29.358  6.056  -38.704 0.0000000000
97254  -26.029  6.664  -40.979 0.0000000000
97255  -26.529  6.010  -40.442 0.0000000000
97256  -28.580  6.456  -40.214 0.0000000000
97257  -29.146  5.821  -39.787 0.0000000000
97264  -25.489  6.368  -41.846 0.0000000000
97265  -27.275  6.716  -41.773 0.0000000000
97266  -28.002  6.121  -41.289 0.0000000000
97271  -25.693  6.075  -42.383 0.0000000000
97272  -26.384  6.310  -42.573 0.0000000000
97273  -27.232  5.751  -42.087 0.0000000000
98275  -11.322  6.311  -28.657 0.0000000000
98276  -11.732  6.513  -28.945 0.0000000000
98295  -12.070  6.765  -29.215 0.0000000000
98296  -12.329  6.958  -29.682 0.0000000000
98318  -12.464  6.994  -30.474 0.0000000000
98338  -12.547  7.156  -31.399 0.0000000000
98362  -12.563  7.347  -32.382 0.0000000000
98388  -12.613  7.392  -33.354 0.0000000000
98389  -12.848  7.103  -33.737 0.0000000000
98412  -12.519  7.996  -33.640 0.0000000000
98413  -12.910  7.605  -34.198 0.0000000000
98414  -13.647  7.317  -34.679 0.0000000000
98426  -13.437  8.024  -34.796 0.0000000000
98427  -14.271  7.599  -35.149 0.0000000000
98428  -15.068  7.149  -35.565 0.0000000000
98429  -15.683  6.966  -35.795 0.0000000000
98430  -17.263  8.110  -36.428 0.0000000000
98431  -17.724  7.965  -36.291 0.0000000000
98432  -18.427  7.684  -35.919 0.0000000000
98433  -23.280  7.403  -36.237 0.0000000000
98434  -23.897  7.271  -35.750 0.0000000000
98435  -24.712  7.353  -35.114 0.0000000000
98436  -25.861  7.498  -34.946 0.0000000000
98437  -26.691  7.185  -35.385 0.0000000000
98450  -14.992  7.802  -35.374 0.0000000000
98451  -15.576  7.572  -35.631 0.0000000000
98452  -16.298  7.343  -36.076 0.0000000000
98453  -17.202  7.614  -36.693 0.0000000000
98454  -18.171  7.244  -36.466 0.0000000000
98455  -19.136  7.112  -36.003 0.0000000000
98456  -20.147  6.957  -35.980 0.0000000000
98457  -20.937  7.092  -36.443 0.0000000000
98458  -21.747  7.158  -36.633 0.0000000000
98459  -22.599  7.127  -36.502 0.0000000000
98460  -26.527  7.879  -35.471 0.0000000000
98461  -27.137  7.516  -36.135 0.0000000000
98462  -29.287  7.620  -36.437 0.0000000000
98473  -27.407  7.413  -37.333 0.0000000000
98474  -28.837  7.782  -38.134 0.0000000000
98475  -29.093  7.430  -37.592 0.0000000000
98484  -27.260  7.315  -38.567 0.0000000000
98485  -28.863  7.357  -38.540 0.0000000000
98486  -29.135  6.774  -38.318 0.0000000000
98495  -26.223  7.338  -40.611 0.0000000000
98496  -26.677  7.228  -39.845 0.0000000000
98497  -28.649  7.383  -39.529 0.0000000000
98505  -25.822  7.323  -41.270 0.0000000000
98506  -27.368  7.347  -41.533 0.0000000000
98507  -28.012  7.334  -40.779 0.0000000000
98515  -25.897  7.155  -42.084 0.0000000000
98516  -26.768  7.497  -42.035 0.0000000000
99488  -11.553  7.255  -28.703 0.0000000000
99489  -11.615  7.889  -28.681 0.0000000000
99492  -13.607  9.389  -28.733 0.0000000000
99499  -11.906  7.068  -28.963 0.0000000000
99500  -11.932  7.616  -29.146 0.0000000000
99502  -13.972  9.353  -29.155 0.0000000000
99508  -12.403  7.756  -30.057 0.0000000000
99510  -14.342  9.404  -30.572 0.0000000000
99523  -12.438  7.759  -30.897 0.0000000000
99543  -12.424  8.107  -31.723 0.0000000000
99564  -12.420  8.307  -32.887 0.0000000000
99580  -12.551  8.599  -33.839 0.0000000000
99581  -12.916  8.734  -34.650 0.0000000000
99582  -14.857  9.031  -34.720 0.0000000000
99583  -15.278  9.191  -34.803 0.0000000000
99584  -15.916  9.584  -35.216 0.0000000000
99585  -16.619  9.455  -35.188 0.0000000000
99595  -13.780  8.634  -34.922 0.0000000000
99596  -14.762  8.563  -35.022 0.0000000000
99597  -15.621  8.717  -35.242 0.0000000000
99598  -16.341  8.720  -35.453 0.0000000000
99599  -17.202  8.550  -35.666 0.0000000000
99600  -18.152  8.356  -35.629 0.0000000000
99601  -19.017  8.006  -35.450 0.0000000000
99602  -19.733  8.302  -35.718 0.0000000000
99603  -23.517  7.919  -36.013 0.0000000000
99604  -24.092  8.083  -35.545 0.0000000000
99605  -24.988  8.323  -35.198 0.0000000000
99606  -25.960  8.518  -35.344 0.0000000000
99616  -15.393  8.137  -35.357 0.0000000000
99617  -15.999  8.088  -35.627 0.0000000000
99618  -16.637  8.138  -36.134 0.0000000000
99619  -17.023  8.174  -36.410 0.0000000000
99620  -19.668  7.637  -35.875 0.0000000000
99621  -20.317  8.007  -36.369 0.0000000000
99622  -21.271  8.038  -36.809 0.0000000000
99623  -22.164  8.066  -37.175 0.0000000000
99624  -23.062  8.200  -36.713 0.0000000000
99625  -26.667  8.541  -35.990 0.0000000000
99626  -27.167  8.391  -36.867 0.0000000000
99637  -27.229  8.196  -37.932 0.0000000000
99638  -28.871  8.139  -37.840 0.0000000000
99639  -29.099  8.519  -37.059 0.0000000000
99648  -26.639  8.475  -39.414 0.0000000000
99649  -26.870  8.207  -39.085 0.0000000000
99650  -28.807  8.214  -38.658 0.0000000000
99651  -28.917  8.893  -39.094 0.0000000000
99659  -26.416  8.110  -40.125 0.0000000000
99660  -26.647  7.849  -39.667 0.0000000000
99661  -28.744  8.371  -39.891 0.0000000000
99662  -28.913  9.193  -39.602 0.0000000000
99668  -26.040  8.217  -41.364 0.0000000000
99669  -27.521  7.874  -41.425 0.0000000000
99670  -28.216  8.623  -40.900 0.0000000000
99675  -26.398  8.328  -41.920 0.0000000000
99676  -27.284  8.645  -41.622 0.0000000000
99677  -28.064  9.333  -41.283 0.0000000000
100692  -23.076  11.895  -26.638 0.0000000000
100693  -24.547  10.992  -26.054 0.0000000000
100698  -11.460  7.723  -28.390 0.0000000000
100705  -12.204  8.010  -28.829 0.0000000000
100706  -11.956  8.590  -27.826 0.0000000000
100707  -12.728  8.992  -28.226 0.0000000000
100708  -13.273  9.407  -28.596 0.0000000000
100715  -11.689  8.369  -28.598 0.0000000000
100716  -12.414  8.848  -28.694 0.0000000000
100717  -12.988  9.473  -28.989 0.0000000000
100718  -13.595  9.531  -29.151 0.0000000000
100726  -12.339  8.423  -29.448 0.0000000000
100727  -12.796  9.130  -29.760 0.0000000000
100728  -13.490  9.582  -29.987 0.0000000000
100729  -14.189  9.691  -29.883 0.0000000000
100730  -15.011  9.919  -29.824 0.0000000000
100741  -12.539  8.583  -30.690 0.0000000000
100742  -12.919  9.412  -30.936 0.0000000000
100743  -13.615  9.852  -31.081 0.0000000000
100757  -12.334  9.115  -31.908 0.0000000000
100758  -12.897  9.818  -32.074 0.0000000000
100759  -13.905  9.967  -32.125 0.0000000000
100772  -12.593  9.250  -33.047 0.0000000000
100773  -13.269  9.760  -33.224 0.0000000000
100774  -14.352  10.070  -33.272 0.0000000000
100775  -15.272  10.288  -33.645 0.0000000000
100776  -15.876  10.775  -33.983 0.0000000000
100783  -12.808  9.315  -33.982 0.0000000000
100784  -13.586  9.503  -34.397 0.0000000000
100785  -14.746  9.468  -34.331 0.0000000000
100786  -15.585  10.025  -34.519 0.0000000000
100787  -16.440  10.459  -34.727 0.0000000000
100788  -17.348  9.758  -34.840 0.0000000000
100789  -18.234  9.600  -34.685 0.0000000000
100790  -19.016  9.511  -34.686 0.0000000000
100791  -19.720  9.526  -34.890 0.0000000000
100798  -14.253  9.063  -34.754 0.0000000000
100799  -14.610  9.028  -34.751 0.0000000000
100800  -17.907  9.052  -35.215 0.0000000000
100801  -18.627  8.903  -35.150 0.0000000000
100802  -19.420  8.849  -35.183 0.0000000000
100803  -20.325  9.072  -35.594 0.0000000000
100804  -20.993  9.445  -36.133 0.0000000000
100805  -23.562  8.559  -36.030 0.0000000000
100806  -24.263  8.942  -35.793 0.0000000000
100807  -25.236  9.181  -35.658 0.0000000000
100808  -26.109  9.232  -35.836 0.0000000000
100815  -20.906  8.752  -36.425 0.0000000000
100816  -21.542  9.189  -36.944 0.0000000000
100817  -22.460  9.099  -36.965 0.0000000000
100818  -23.389  9.454  -36.591 0.0000000000
100819  -24.522  9.912  -36.087 0.0000000000
100820  -25.607  9.924  -36.217 0.0000000000
100821  -26.606  9.476  -36.743 0.0000000000
100822  -27.113  8.928  -37.501 0.0000000000
100828  -22.087  9.661  -37.469 0.0000000000
100829  -22.666  9.740  -37.588 0.0000000000
100830  -23.291  10.120  -37.438 0.0000000000
100831  -26.852  9.524  -37.815 0.0000000000
100832  -27.008  8.801  -38.355 0.0000000000
100833  -28.901  8.710  -37.908 0.0000000000
100834  -29.160  9.536  -37.671 0.0000000000
100840  -26.661  9.087  -39.050 0.0000000000
100841  -26.851  8.700  -38.813 0.0000000000
100842  -28.938  9.025  -38.430 0.0000000000
100843  -29.140  9.666  -38.880 0.0000000000
100850  -26.344  9.156  -40.403 0.0000000000
100851  -28.745  9.167  -40.222 0.0000000000
100852  -29.154  9.865  -39.891 0.0000000000
100859  -26.415  9.233  -41.539 0.0000000000
100860  -28.708  9.841  -40.755 0.0000000000
100861  -29.173  10.322  -40.356 0.0000000000
100868  -26.768  9.382  -41.776 0.0000000000
100869  -27.619  9.732  -41.635 0.0000000000
100870  -28.312  9.997  -41.377 0.0000000000
101895  -28.426  9.621  -22.320 0.0000000000
101897  -29.538  10.722  -22.460 0.0000000000
101908  -28.340  9.941  -23.336 0.0000000000
101909  -28.693  10.782  -23.560 0.0000000000
101910  -29.290  11.355  -23.325 0.0000000000
101917  -25.268  10.833  -24.897 0.0000000000
101918  -26.113  10.636  -25.009 0.0000000000
101919  -27.481  10.661  -24.501 0.0000000000
101920  -28.276  11.382  -24.423 0.0000000000
101924  -25.286  10.886  -25.213 0.0000000000
101925  -25.653  11.181  -25.364 0.0000000000
101926  -26.546  11.252  -25.303 0.0000000000
101933  -25.567  11.411  -26.007 0.0000000000
101952  -14.123  9.928  -30.392 0.0000000000
101953  -14.741  10.144  -30.203 0.0000000000
101963  -14.376  10.255  -31.055 0.0000000000
101964  -15.161  10.491  -30.859 0.0000000000
101967  -18.185  10.708  -30.836 0.0000000000
101973  -14.745  10.427  -31.999 0.0000000000
101974  -15.556  10.726  -31.839 0.0000000000
101975  -16.448  10.725  -31.932 0.0000000000
101976  -17.354  10.726  -32.049 0.0000000000
101977  -18.126  11.064  -32.274 0.0000000000
101980  -15.108  10.630  -32.794 0.0000000000
101981  -15.782  10.898  -32.982 0.0000000000
101982  -16.664  10.822  -33.347 0.0000000000
101983  -17.599  10.652  -33.181 0.0000000000
101984  -18.413  10.683  -33.394 0.0000000000
101985  -18.972  10.635  -33.860 0.0000000000
101988  -17.236  10.646  -34.174 0.0000000000
101989  -17.909  10.254  -34.076 0.0000000000
101990  -18.648  10.165  -34.191 0.0000000000
101991  -19.433  10.249  -34.391 0.0000000000
101992  -20.269  10.093  -34.898 0.0000000000
101993  -21.007  10.439  -35.123 0.0000000000
101996  -20.785  9.878  -35.582 0.0000000000
101997  -21.229  10.336  -36.162 0.0000000000
102004  -21.629  10.186  -37.351 0.0000000000
102005  -23.967  10.632  -36.833 0.0000000000
102006  -25.034  10.751  -36.510 0.0000000000
102007  -26.017  10.688  -36.999 0.0000000000
102008  -26.505  10.057  -37.356 0.0000000000
102015  -22.000  10.213  -38.373 0.0000000000
102016  -22.948  10.249  -38.214 0.0000000000
102017  -23.554  10.726  -37.744 0.0000000000
102018  -26.088  11.032  -37.605 0.0000000000
102019  -26.454  10.432  -38.050 0.0000000000
102026  -21.929  10.939  -39.058 0.0000000000
102027  -22.609  10.871  -38.748 0.0000000000
102028  -23.266  10.902  -38.365 0.0000000000
102029  -26.450  10.251  -39.399 0.0000000000
102030  -29.597  10.458  -39.281 0.0000000000
102038  -22.249  11.218  -39.084 0.0000000000
102039  -26.469  10.147  -40.648 0.0000000000
102047  -26.497  10.039  -41.633 0.0000000000
103192  -20.493  12.248  -29.872 0.0000000000
103201  -20.424  11.937  -30.473 0.0000000000
103205  -18.829  11.313  -31.606 0.0000000000
103206  -19.694  11.258  -31.258 0.0000000000
103207  -20.297  12.028  -31.448 0.0000000000
103210  -18.829  11.235  -32.875 0.0000000000
103211  -19.502  11.630  -32.633 0.0000000000
103212  -20.160  12.041  -32.452 0.0000000000
103216  -18.917  10.927  -33.485 0.0000000000
103217  -19.528  11.078  -33.778 0.0000000000
103218  -20.408  11.888  -33.740 0.0000000000
103219  -21.191  12.117  -34.270 0.0000000000
103222  -19.948  10.587  -34.369 0.0000000000
103223  -20.532  10.875  -34.425 0.0000000000
103224  -21.398  11.363  -34.953 0.0000000000
103227  -21.398  11.315  -36.134 0.0000000000
103230  -20.920  11.653  -37.754 0.0000000000
103231  -21.223  10.987  -37.066 0.0000000000
103232  -24.042  11.250  -37.427 0.0000000000
103233  -24.717  11.371  -37.052 0.0000000000
103234  -25.352  11.204  -36.955 0.0000000000
103239  -21.214  10.829  -38.075 0.0000000000
103240  -23.765  11.353  -38.052 0.0000000000
103241  -24.506  11.729  -37.860 0.0000000000
103242  -25.516  11.550  -37.718 0.0000000000
103243  -26.109  11.134  -37.931 0.0000000000
103249  -21.340  11.089  -38.831 0.0000000000
103250  -22.609  11.440  -38.972 0.0000000000
103251  -23.314  11.662  -38.724 0.0000000000
103252  -23.965  11.760  -38.276 0.0000000000
103253  -25.721  11.974  -38.762 0.0000000000
103254  -26.125  11.184  -38.557 0.0000000000
103263  -22.754  11.815  -39.081 0.0000000000
103264  -25.827  12.177  -39.352 0.0000000000
103265  -26.247  11.409  -39.757 0.0000000000
103271  -26.405  10.902  -41.107 0.0000000000
104324  -21.651  12.607  -27.039 0.0000000000
104334  -21.062  12.807  -27.639 0.0000000000
104345  -20.568  12.865  -28.348 0.0000000000
104356  -20.386  12.769  -29.292 0.0000000000
104364  -20.499  13.011  -30.445 0.0000000000
104365  -20.656  13.462  -30.921 0.0000000000
104367  -20.622  12.922  -31.425 0.0000000000
104368  -20.673  13.267  -31.078 0.0000000000
104369  -21.805  14.909  -31.167 0.0000000000
104370  -22.111  15.329  -30.643 0.0000000000
104372  -20.651  12.835  -32.464 0.0000000000
104373  -21.174  13.214  -32.951 0.0000000000
104380  -20.508  12.464  -33.124 0.0000000000
104381  -21.191  12.732  -33.611 0.0000000000
104385  -21.534  12.483  -34.739 0.0000000000
104392  -21.676  12.150  -35.771 0.0000000000
104400  -20.782  12.554  -37.479 0.0000000000
104401  -21.288  11.896  -36.806 0.0000000000
104410  -24.748  12.010  -38.177 0.0000000000
104411  -24.993  11.925  -37.983 0.0000000000
104421  -23.630  12.290  -38.988 0.0000000000
104422  -24.306  12.205  -38.571 0.0000000000
104423  -25.105  12.162  -38.345 0.0000000000
104437  -23.986  12.808  -39.305 0.0000000000
104438  -25.146  12.645  -39.318 0.0000000000
104439  -25.899  12.293  -39.830 0.0000000000
104446  -25.571  12.743  -40.311 0.0000000000
104447  -26.174  11.966  -40.681 0.0000000000
105403  -22.957  13.054  -27.138 0.0000000000
105404  -23.258  12.503  -26.756 0.0000000000
105410  -21.546  13.401  -27.489 0.0000000000
105411  -21.730  13.698  -27.790 0.0000000000
105412  -22.898  13.510  -27.557 0.0000000000
105420  -20.908  13.476  -28.156 0.0000000000
105421  -21.552  13.851  -28.223 0.0000000000
105422  -22.779  13.846  -28.007 0.0000000000
105433  -20.533  13.640  -28.964 0.0000000000
105434  -21.140  14.009  -28.774 0.0000000000
105443  -20.488  13.675  -29.806 0.0000000000
105444  -20.644  13.870  -30.632 0.0000000000
105448  -20.787  13.386  -31.852 0.0000000000
105449  -20.855  13.731  -31.453 0.0000000000
105450  -21.111  14.542  -31.001 0.0000000000
105453  -20.738  13.213  -32.056 0.0000000000
105454  -21.180  13.558  -32.343 0.0000000000
105455  -21.989  14.234  -31.848 0.0000000000
105463  -21.588  13.752  -33.304 0.0000000000
105464  -21.768  13.968  -32.597 0.0000000000
105472  -21.609  13.470  -34.411 0.0000000000
105481  -21.573  13.222  -35.503 0.0000000000
105490  -21.271  12.874  -36.541 0.0000000000
105524  -25.057  13.077  -40.076 0.0000000000
106447  -22.338  13.006  -26.903 0.0000000000
106458  -22.889  12.966  -26.936 0.0000000000
106467  -22.546  13.626  -27.573 0.0000000000
106476  -22.012  13.874  -27.826 0.0000000000
106477  -22.489  14.239  -28.411 0.0000000000
106478  -22.688  14.483  -28.681 0.0000000000
106488  -20.934  14.279  -29.277 0.0000000000
106489  -21.983  14.686  -29.310 0.0000000000
106501  -20.664  14.043  -29.513 0.0000000000
106502  -20.821  14.523  -29.987 0.0000000000
106542  -21.412  14.377  -34.161 0.0000000000
106550  -21.391  14.426  -35.212 0.0000000000
106557  -21.131  13.957  -36.313 0.0000000000
107539  -21.218  14.952  -34.631 0.0000000000
148460  -27.770  -6.558  -25.948 0.0000000000
148461  -27.223  -6.392  -27.395 0.0000000000
148462  -27.689  -6.402  -26.566 0.0000000000
148463  -27.576  -6.288  -27.101 0.0000000000
148464  -26.292  -6.290  -29.405 0.0000000000
148465  -26.550  -6.005  -29.614 0.0000000000
148466  -26.205  -6.269  -29.849 0.0000000000
148467  -26.901  -5.376  -31.511 0.0000000000
148468  -26.330  -6.159  -30.420 0.0000000000
148469  -27.224  -5.047  -31.219 0.0000000000
148470  -26.745  -5.501  -32.086 0.0000000000
148471  -26.867  -5.289  -31.869 0.0000000000
148472  -27.057  -4.924  -31.983 0.0000000000
148473  -34.733  -6.907  -32.506 0.0000000000
148474  -35.394  -7.154  -32.973 0.0000000000
148475  -35.903  -7.227  -33.534 0.0000000000
148476  -34.764  -6.657  -32.880 0.0000000000
148477  -36.483  -7.213  -33.281 0.0000000000
148478  -36.141  -7.361  -33.216 0.0000000000
148479  -36.029  -7.144  -33.835 0.0000000000
148480  -36.367  -7.211  -33.711 0.0000000000
148481  -36.324  -6.999  -34.146 0.0000000000
148482  -37.142  -6.790  -34.134 0.0000000000
148483  -34.613  -6.479  -32.837 0.0000000000
148484  -35.597  -6.902  -33.701 0.0000000000
148485  -35.630  -6.552  -34.191 0.0000000000
148486  -36.657  -6.946  -34.333 0.0000000000
148487  -33.337  -5.198  -31.811 0.0000000000
148488  -35.375  -5.042  -32.220 0.0000000000
148489  -37.047  -5.697  -33.764 0.0000000000
148491  -37.215  -6.461  -34.102 0.0000000000
148492  -33.750  -4.696  -33.113 0.0000000000
148493  -34.386  -5.759  -33.048 0.0000000000
148494  -33.430  -4.818  -32.216 0.0000000000
148495  -33.565  -4.602  -32.790 0.0000000000
148496  -36.655  -7.157  -34.001 0.0000000000
148497  -36.815  -7.109  -34.215 0.0000000000
148498  -36.822  -5.325  -34.120 0.0000000000
148499  -36.220  -4.791  -33.889 0.0000000000
148500  -36.608  -6.957  -34.322 0.0000000000
148501  -32.756  -4.640  -31.491 0.0000000000
148503  -35.380  -5.990  -34.562 0.0000000000
148504  -34.890  -5.658  -34.185 0.0000000000
148505  -34.683  -5.367  -34.132 0.0000000000
148506  -32.927  -4.083  -32.131 0.0000000000
148507  -36.833  -5.546  -33.673 0.0000000000
148508  -34.518  -3.508  -32.597 0.0000000000
148509  -35.581  -4.756  -33.058 0.0000000000
148510  -36.374  -6.930  -34.344 0.0000000000
148511  -35.953  -4.256  -34.384 0.0000000000
148582  -11.300  6.659  -28.597 0.0000000000
148586  -11.131  7.100  -28.221 0.0000000000
148657  -22.222  11.863  -26.597 0.0000000000
148658  -25.110  11.199  -25.891 0.0000000000
148663  -21.916  12.352  -26.676 0.0000000000
148665  -22.760  13.180  -27.174 0.0000000000
148666  -21.917  13.529  -27.380 0.0000000000
148667  -21.824  13.621  -27.588 0.0000000000
148668  -21.430  15.020  -30.432 0.0000000000
148669  -22.301  15.297  -30.259 0.0000000000
148673  -22.757  14.681  -28.917 0.0000000000
148674  -22.239  14.568  -28.827 0.0000000000
148675  -22.443  14.491  -28.706 0.0000000000
148676  -22.459  14.638  -28.907 0.0000000000
