#!ascii label  , from subject ab_data vox2ras=TkReg
344
127151  -35.785  38.895  -9.051 0.0000000000
127152  -36.542  38.862  -9.129 0.0000000000
127762  -32.511  39.215  1.015 0.0000000000
127770  -33.219  39.190  0.579 0.0000000000
127771  -33.949  39.303  0.176 0.0000000000
127772  -34.840  39.346  -0.161 0.0000000000
127773  -35.361  39.896  -0.214 0.0000000000
127780  -35.225  38.723  -0.484 0.0000000000
127781  -35.859  39.254  -0.444 0.0000000000
127782  -36.870  39.145  -0.816 0.0000000000
127783  -37.532  39.102  -1.290 0.0000000000
127789  -38.213  39.017  -1.736 0.0000000000
127790  -38.915  39.015  -2.207 0.0000000000
127798  -39.655  39.030  -2.720 0.0000000000
127811  -40.757  39.628  -3.777 0.0000000000
127857  -33.672  39.224  -8.171 0.0000000000
127858  -34.471  39.371  -8.661 0.0000000000
127859  -35.334  39.440  -9.014 0.0000000000
127869  -36.063  39.534  -9.235 0.0000000000
127870  -36.984  39.619  -9.285 0.0000000000
127871  -38.075  39.614  -9.040 0.0000000000
128527  -30.375  40.204  1.633 0.0000000000
128528  -31.231  40.145  1.462 0.0000000000
128529  -31.991  40.210  1.235 0.0000000000
128537  -32.764  40.291  0.920 0.0000000000
128538  -33.537  40.281  0.532 0.0000000000
128539  -34.319  40.284  0.253 0.0000000000
128540  -34.995  40.434  -0.067 0.0000000000
128545  -35.664  40.432  -0.407 0.0000000000
128546  -36.658  40.336  -0.863 0.0000000000
128547  -37.275  39.767  -1.065 0.0000000000
128554  -36.923  40.771  -1.461 0.0000000000
128555  -37.718  40.272  -1.701 0.0000000000
128556  -38.464  39.685  -2.050 0.0000000000
128566  -37.932  40.666  -2.474 0.0000000000
128567  -38.775  40.208  -2.732 0.0000000000
128568  -39.703  39.665  -3.122 0.0000000000
128581  -39.019  40.785  -3.342 0.0000000000
128582  -39.897  40.249  -3.554 0.0000000000
128583  -41.163  40.191  -3.998 0.0000000000
128610  -31.856  40.754  -7.331 0.0000000000
128611  -32.555  40.138  -7.582 0.0000000000
128612  -33.217  39.683  -8.024 0.0000000000
128617  -33.047  40.771  -8.318 0.0000000000
128618  -33.676  40.266  -8.521 0.0000000000
128619  -35.046  40.376  -9.067 0.0000000000
128620  -35.647  39.952  -9.195 0.0000000000
128630  -35.614  40.886  -9.255 0.0000000000
128631  -36.216  40.429  -9.303 0.0000000000
128632  -37.508  40.395  -9.211 0.0000000000
128633  -38.725  40.289  -8.975 0.0000000000
128634  -39.968  40.169  -8.738 0.0000000000
129294  -29.843  41.203  1.375 0.0000000000
129295  -30.749  41.012  1.519 0.0000000000
129296  -31.460  40.921  1.414 0.0000000000
129306  -30.411  41.642  1.241 0.0000000000
129307  -31.105  41.642  1.194 0.0000000000
129308  -32.068  41.343  1.050 0.0000000000
129309  -33.029  41.340  0.573 0.0000000000
129310  -33.881  41.125  0.358 0.0000000000
129311  -34.536  41.045  0.118 0.0000000000
129319  -33.519  41.792  0.174 0.0000000000
129320  -34.165  41.715  -0.082 0.0000000000
129321  -35.051  41.372  -0.431 0.0000000000
129322  -35.855  41.054  -0.805 0.0000000000
129332  -35.529  41.628  -1.040 0.0000000000
129333  -36.271  41.361  -1.467 0.0000000000
129334  -36.980  41.041  -1.865 0.0000000000
129345  -36.611  41.587  -2.210 0.0000000000
129346  -37.335  41.143  -2.447 0.0000000000
129347  -37.902  40.974  -2.892 0.0000000000
129357  -26.560  41.487  -3.543 0.0000000000
129358  -36.814  41.761  -2.740 0.0000000000
129359  -37.374  41.624  -3.072 0.0000000000
129360  -38.278  41.328  -3.326 0.0000000000
129361  -39.247  41.326  -3.550 0.0000000000
129362  -40.429  41.199  -3.802 0.0000000000
129363  -41.883  41.112  -4.270 0.0000000000
129369  -27.294  41.482  -3.866 0.0000000000
129370  -28.074  41.485  -4.314 0.0000000000
129377  -28.648  41.964  -4.791 0.0000000000
129378  -29.344  41.529  -5.085 0.0000000000
129383  -30.520  41.428  -6.053 0.0000000000
129384  -31.030  41.410  -6.604 0.0000000000
129390  -31.526  41.370  -7.210 0.0000000000
129391  -32.100  41.303  -7.734 0.0000000000
129396  -32.715  41.329  -8.186 0.0000000000
129397  -33.479  41.410  -8.550 0.0000000000
129398  -34.383  41.304  -8.895 0.0000000000
129411  -35.241  41.345  -9.157 0.0000000000
129412  -36.021  41.350  -9.239 0.0000000000
129413  -36.983  41.232  -9.225 0.0000000000
129414  -38.127  41.112  -9.030 0.0000000000
129415  -39.373  40.955  -8.913 0.0000000000
129416  -40.600  40.784  -8.770 0.0000000000
130117  -29.359  42.116  1.285 0.0000000000
130118  -29.964  41.949  1.160 0.0000000000
130126  -29.797  42.450  1.055 0.0000000000
130127  -30.430  42.313  0.879 0.0000000000
130128  -31.409  42.320  0.565 0.0000000000
130129  -32.337  42.118  0.415 0.0000000000
130130  -32.990  42.118  0.165 0.0000000000
130137  -31.903  42.663  0.029 0.0000000000
130138  -32.538  42.604  -0.215 0.0000000000
130139  -33.458  42.448  -0.398 0.0000000000
130140  -34.389  42.224  -0.648 0.0000000000
130141  -35.003  42.044  -0.989 0.0000000000
130150  -33.921  42.767  -0.952 0.0000000000
130151  -34.539  42.627  -1.362 0.0000000000
130152  -35.435  42.200  -1.573 0.0000000000
130153  -36.056  42.041  -2.018 0.0000000000
130163  -34.908  42.726  -1.952 0.0000000000
130164  -35.495  42.525  -2.379 0.0000000000
130165  -36.244  42.159  -2.591 0.0000000000
130172  -26.121  42.310  -3.508 0.0000000000
130173  -26.863  42.331  -3.757 0.0000000000
130174  -35.825  42.516  -2.981 0.0000000000
130175  -36.564  42.310  -3.220 0.0000000000
130176  -37.478  42.299  -3.482 0.0000000000
130177  -38.483  42.278  -3.549 0.0000000000
130178  -39.626  42.236  -3.595 0.0000000000
130179  -40.904  42.191  -3.736 0.0000000000
130180  -42.221  42.224  -3.923 0.0000000000
130187  -27.561  42.338  -4.114 0.0000000000
130188  -28.176  42.490  -4.481 0.0000000000
130193  -28.611  42.694  -4.801 0.0000000000
130194  -29.047  42.473  -5.123 0.0000000000
130195  -29.658  42.370  -5.467 0.0000000000
130200  -30.238  42.302  -5.879 0.0000000000
130201  -30.731  42.288  -6.420 0.0000000000
130205  -31.258  42.279  -6.987 0.0000000000
130206  -31.898  42.266  -7.543 0.0000000000
130207  -32.549  42.649  -7.729 0.0000000000
130209  -32.430  42.005  -7.970 0.0000000000
130210  -33.104  42.370  -8.231 0.0000000000
130211  -34.129  42.369  -8.680 0.0000000000
130212  -35.094  42.730  -8.788 0.0000000000
130213  -36.043  42.814  -8.818 0.0000000000
130214  -37.044  42.742  -8.806 0.0000000000
130215  -38.108  42.614  -8.742 0.0000000000
130216  -39.269  42.450  -8.685 0.0000000000
130217  -40.595  42.232  -8.673 0.0000000000
130218  -41.627  42.376  -8.692 0.0000000000
130231  -34.861  41.999  -9.039 0.0000000000
130232  -35.620  42.065  -9.062 0.0000000000
130233  -36.535  42.049  -9.091 0.0000000000
130234  -37.578  41.957  -9.066 0.0000000000
130235  -38.727  41.796  -8.917 0.0000000000
130236  -39.963  41.590  -8.839 0.0000000000
130237  -40.980  41.366  -8.690 0.0000000000
130953  -29.007  42.854  1.188 0.0000000000
130954  -29.481  42.665  1.111 0.0000000000
130963  -28.684  43.481  0.632 0.0000000000
130964  -29.694  43.081  0.714 0.0000000000
130965  -30.662  43.017  0.309 0.0000000000
130966  -31.374  42.989  0.010 0.0000000000
130974  -29.280  43.669  0.146 0.0000000000
130975  -30.045  43.629  -0.104 0.0000000000
130976  -30.985  43.522  -0.362 0.0000000000
130977  -31.906  43.252  -0.562 0.0000000000
130978  -32.759  43.093  -0.752 0.0000000000
130979  -33.378  43.056  -0.971 0.0000000000
130988  -32.348  43.505  -1.083 0.0000000000
130989  -32.952  43.514  -1.358 0.0000000000
130990  -33.772  43.225  -1.508 0.0000000000
130991  -34.360  43.069  -1.919 0.0000000000
131001  -25.918  43.485  -3.134 0.0000000000
131002  -33.306  43.655  -1.868 0.0000000000
131003  -33.851  43.496  -2.277 0.0000000000
131004  -34.665  43.036  -2.554 0.0000000000
131005  -35.254  42.796  -2.994 0.0000000000
131012  -25.796  42.950  -3.327 0.0000000000
131013  -26.434  43.179  -3.503 0.0000000000
131014  -27.241  43.179  -3.804 0.0000000000
131015  -27.826  43.587  -3.987 0.0000000000
131016  -34.133  43.510  -2.961 0.0000000000
131017  -34.783  43.194  -3.312 0.0000000000
131018  -35.649  42.889  -3.599 0.0000000000
131019  -36.646  42.982  -3.852 0.0000000000
131020  -37.663  43.317  -3.745 0.0000000000
131021  -38.858  43.295  -3.568 0.0000000000
131022  -40.058  43.289  -3.542 0.0000000000
131023  -41.300  43.267  -3.545 0.0000000000
131024  -42.558  43.277  -3.494 0.0000000000
131034  -27.822  43.027  -4.212 0.0000000000
131035  -28.402  43.379  -4.481 0.0000000000
131036  -29.016  43.602  -4.801 0.0000000000
131037  -29.588  43.708  -5.011 0.0000000000
131038  -34.252  43.611  -3.597 0.0000000000
131039  -34.889  43.450  -4.048 0.0000000000
131040  -35.848  43.493  -4.324 0.0000000000
131041  -36.784  43.818  -4.330 0.0000000000
131042  -37.498  44.224  -4.159 0.0000000000
131048  -28.857  43.093  -4.949 0.0000000000
131049  -29.335  43.134  -5.248 0.0000000000
131050  -30.104  43.283  -5.538 0.0000000000
131051  -30.719  43.474  -5.892 0.0000000000
131055  -30.558  42.943  -6.078 0.0000000000
131056  -31.124  43.217  -6.518 0.0000000000
131057  -31.817  43.472  -6.814 0.0000000000
131058  -32.418  43.621  -6.933 0.0000000000
131061  -31.639  42.921  -7.097 0.0000000000
131062  -32.222  43.101  -7.317 0.0000000000
131063  -33.068  43.377  -7.511 0.0000000000
131064  -34.011  43.683  -7.749 0.0000000000
131065  -34.769  43.867  -7.866 0.0000000000
131068  -33.725  43.092  -8.189 0.0000000000
131069  -34.508  43.285  -8.352 0.0000000000
131070  -35.492  43.608  -8.364 0.0000000000
131071  -36.546  43.510  -8.503 0.0000000000
131072  -37.536  43.406  -8.497 0.0000000000
131073  -38.576  43.267  -8.439 0.0000000000
131074  -39.687  43.167  -8.470 0.0000000000
131075  -40.784  43.154  -8.538 0.0000000000
131076  -41.712  43.219  -8.617 0.0000000000
131755  -28.208  44.053  0.105 0.0000000000
131756  -28.824  43.848  0.056 0.0000000000
131764  -27.914  44.473  -0.763 0.0000000000
131765  -29.194  44.179  -0.605 0.0000000000
131766  -30.478  44.082  -0.908 0.0000000000
131767  -31.442  43.824  -1.052 0.0000000000
131768  -31.965  43.644  -1.090 0.0000000000
131778  -26.499  44.603  -2.062 0.0000000000
131779  -27.624  44.656  -1.896 0.0000000000
131780  -28.814  44.571  -1.772 0.0000000000
131781  -30.027  44.444  -1.735 0.0000000000
131782  -31.174  44.311  -1.734 0.0000000000
131783  -32.232  43.963  -1.620 0.0000000000
131784  -32.880  43.817  -1.816 0.0000000000
131793  -25.755  43.759  -2.806 0.0000000000
131794  -26.421  44.028  -3.009 0.0000000000
131795  -27.429  44.449  -2.904 0.0000000000
131796  -28.524  44.582  -2.863 0.0000000000
131797  -29.674  44.578  -2.792 0.0000000000
131798  -30.844  44.511  -2.703 0.0000000000
131799  -31.987  44.391  -2.572 0.0000000000
131800  -33.063  44.010  -2.430 0.0000000000
131801  -33.664  43.755  -2.731 0.0000000000
131811  -26.853  43.634  -3.474 0.0000000000
131812  -27.335  43.940  -3.534 0.0000000000
131813  -28.341  44.154  -3.850 0.0000000000
131814  -29.401  44.451  -3.807 0.0000000000
131815  -30.535  44.530  -3.776 0.0000000000
131816  -31.700  44.533  -3.635 0.0000000000
131817  -32.825  44.330  -3.462 0.0000000000
131818  -33.643  43.918  -3.256 0.0000000000
131819  -38.260  44.232  -3.768 0.0000000000
131820  -39.340  44.425  -3.616 0.0000000000
131821  -40.539  44.374  -3.495 0.0000000000
131822  -41.703  44.353  -3.386 0.0000000000
131823  -42.862  44.357  -3.243 0.0000000000
131833  -28.738  43.878  -4.431 0.0000000000
131834  -29.210  44.072  -4.488 0.0000000000
131835  -30.260  44.095  -4.837 0.0000000000
131836  -31.415  44.364  -4.719 0.0000000000
131837  -32.571  44.376  -4.563 0.0000000000
131838  -33.858  43.927  -4.377 0.0000000000
131839  -35.105  43.835  -4.869 0.0000000000
131840  -36.108  44.216  -4.923 0.0000000000
131841  -37.069  44.730  -4.800 0.0000000000
131842  -37.941  44.937  -4.294 0.0000000000
131843  -38.659  44.960  -3.936 0.0000000000
131846  -30.590  43.740  -5.499 0.0000000000
131847  -31.217  43.963  -5.784 0.0000000000
131848  -32.251  44.230  -5.604 0.0000000000
131849  -33.350  44.171  -5.514 0.0000000000
131850  -34.470  44.050  -5.571 0.0000000000
131851  -35.512  44.407  -5.646 0.0000000000
131852  -36.463  44.831  -5.589 0.0000000000
131854  -31.543  43.702  -6.395 0.0000000000
131855  -32.021  43.934  -6.384 0.0000000000
131856  -32.964  43.981  -6.512 0.0000000000
131857  -33.982  44.121  -6.401 0.0000000000
131858  -34.971  44.390  -6.482 0.0000000000
131859  -36.099  44.810  -6.559 0.0000000000
131861  -33.672  43.952  -7.110 0.0000000000
131862  -34.450  44.158  -7.217 0.0000000000
131863  -35.472  44.342  -7.486 0.0000000000
131864  -36.590  44.665  -7.521 0.0000000000
131865  -37.439  44.569  -7.718 0.0000000000
131866  -38.284  44.539  -7.679 0.0000000000
131867  -39.250  44.548  -7.657 0.0000000000
131868  -40.309  44.598  -7.720 0.0000000000
131869  -41.398  44.680  -7.827 0.0000000000
131870  -42.365  44.767  -8.008 0.0000000000
131873  -36.199  44.139  -8.080 0.0000000000
131874  -37.036  44.124  -8.167 0.0000000000
131875  -37.964  44.001  -8.133 0.0000000000
131876  -38.949  43.892  -8.061 0.0000000000
131877  -39.993  43.918  -8.180 0.0000000000
131878  -41.041  43.977  -8.314 0.0000000000
131879  -42.029  44.049  -8.427 0.0000000000
132678  -39.290  45.323  -3.971 0.0000000000
132679  -40.045  45.310  -3.752 0.0000000000
132680  -41.059  45.494  -3.688 0.0000000000
132681  -42.178  45.334  -3.472 0.0000000000
132682  -43.279  45.342  -3.408 0.0000000000
132688  -37.185  45.241  -5.499 0.0000000000
132689  -37.839  45.422  -5.075 0.0000000000
132690  -38.773  45.582  -4.617 0.0000000000
132691  -39.905  45.995  -4.459 0.0000000000
132692  -40.473  45.817  -4.015 0.0000000000
132695  -36.997  45.265  -6.215 0.0000000000
132696  -37.806  45.535  -5.937 0.0000000000
132697  -38.680  45.783  -5.650 0.0000000000
132698  -39.478  46.089  -5.375 0.0000000000
132701  -36.977  45.168  -6.991 0.0000000000
132702  -37.734  45.387  -6.734 0.0000000000
132703  -38.654  45.579  -6.563 0.0000000000
132704  -39.775  45.896  -6.398 0.0000000000
132705  -40.988  45.877  -6.703 0.0000000000
132706  -41.561  45.948  -6.845 0.0000000000
132709  -37.149  44.901  -7.400 0.0000000000
132710  -37.663  45.022  -7.330 0.0000000000
132711  -38.503  45.142  -7.255 0.0000000000
132712  -39.519  45.226  -7.181 0.0000000000
132713  -40.644  45.284  -7.193 0.0000000000
132714  -41.836  45.501  -7.291 0.0000000000
133441  -41.209  45.988  -3.924 0.0000000000
133442  -41.695  46.024  -3.861 0.0000000000
133443  -42.718  46.135  -3.784 0.0000000000
133444  -43.904  46.333  -3.789 0.0000000000
133447  -40.478  46.313  -4.875 0.0000000000
133448  -41.048  46.219  -4.391 0.0000000000
133449  -42.197  46.496  -4.410 0.0000000000
133450  -43.228  46.768  -4.346 0.0000000000
133451  -43.790  46.877  -4.162 0.0000000000
133453  -40.176  46.292  -5.337 0.0000000000
133454  -40.919  46.438  -5.402 0.0000000000
133455  -41.856  46.635  -5.309 0.0000000000
133456  -42.779  46.930  -5.051 0.0000000000
133460  -39.952  46.211  -5.823 0.0000000000
133461  -40.531  46.296  -6.061 0.0000000000
133462  -41.591  46.371  -6.360 0.0000000000
133463  -42.804  47.025  -6.164 0.0000000000
133469  -41.857  46.015  -6.913 0.0000000000
133470  -42.460  46.187  -7.014 0.0000000000
134204  -44.093  46.953  -4.049 0.0000000000
134207  -43.330  47.096  -4.807 0.0000000000
134208  -43.917  47.270  -4.540 0.0000000000
134209  -44.485  47.875  -4.662 0.0000000000
134212  -43.440  47.271  -5.308 0.0000000000
134213  -44.133  47.625  -5.341 0.0000000000
134220  -43.704  47.427  -5.900 0.0000000000
