#!ascii label  , from subject ab_data vox2ras=TkReg
1424
37517  -39.599  -41.785  31.198 0.0000000000
37518  -40.070  -41.880  31.228 0.0000000000
37530  -38.978  -42.030  30.380 0.0000000000
37531  -39.514  -42.049  30.668 0.0000000000
37532  -40.430  -42.253  30.593 0.0000000000
37549  -39.211  -42.248  29.880 0.0000000000
37550  -39.973  -42.399  29.897 0.0000000000
37562  -39.636  -42.363  29.273 0.0000000000
38552  -40.136  -41.083  32.247 0.0000000000
38572  -38.332  -41.234  31.339 0.0000000000
38573  -38.930  -41.362  31.458 0.0000000000
38574  -39.602  -41.412  31.677 0.0000000000
38575  -40.448  -41.557  31.825 0.0000000000
38593  -37.138  -41.410  30.260 0.0000000000
38594  -37.845  -41.476  30.730 0.0000000000
38595  -38.742  -41.732  30.856 0.0000000000
38596  -39.259  -41.699  31.184 0.0000000000
38611  -36.063  -41.254  29.023 0.0000000000
38612  -36.802  -41.478  29.484 0.0000000000
38613  -37.779  -41.763  29.696 0.0000000000
38614  -38.531  -41.963  30.083 0.0000000000
38624  -36.132  -41.223  28.149 0.0000000000
38625  -36.822  -41.471  28.415 0.0000000000
38626  -37.712  -41.728  28.685 0.0000000000
38627  -38.818  -42.171  28.956 0.0000000000
38637  -36.205  -41.132  27.658 0.0000000000
38638  -36.784  -41.197  27.483 0.0000000000
38639  -37.644  -41.428  27.739 0.0000000000
38640  -38.584  -41.640  27.892 0.0000000000
38652  -37.114  -40.971  26.911 0.0000000000
38653  -37.625  -41.053  27.003 0.0000000000
38654  -38.437  -41.184  27.093 0.0000000000
39744  -38.068  -40.158  32.051 0.0000000000
39745  -38.471  -40.261  32.100 0.0000000000
39746  -39.409  -40.574  32.221 0.0000000000
39767  -35.973  -40.481  30.782 0.0000000000
39768  -36.500  -40.453  31.147 0.0000000000
39769  -37.670  -40.479  31.678 0.0000000000
39770  -38.640  -40.854  31.778 0.0000000000
39771  -39.122  -41.083  31.817 0.0000000000
39779  -35.021  -40.367  30.049 0.0000000000
39780  -35.606  -40.559  30.341 0.0000000000
39781  -36.403  -40.980  30.415 0.0000000000
39782  -37.063  -41.033  30.891 0.0000000000
39787  -34.121  -40.305  29.047 0.0000000000
39788  -34.707  -40.470  29.427 0.0000000000
39789  -35.456  -40.789  29.564 0.0000000000
39790  -36.034  -41.060  29.778 0.0000000000
39794  -33.207  -40.232  27.909 0.0000000000
39795  -33.833  -40.387  28.313 0.0000000000
39796  -34.719  -40.665  28.452 0.0000000000
39797  -35.433  -40.926  28.715 0.0000000000
39803  -33.021  -40.256  27.124 0.0000000000
39804  -33.820  -40.552  27.280 0.0000000000
39805  -34.682  -40.732  27.471 0.0000000000
39806  -35.673  -40.979  27.643 0.0000000000
39807  -36.294  -41.061  27.374 0.0000000000
39814  -32.949  -40.312  26.103 0.0000000000
39815  -33.749  -40.541  26.308 0.0000000000
39816  -34.620  -40.673  26.468 0.0000000000
39817  -35.557  -40.786  26.613 0.0000000000
39818  -36.565  -40.890  26.743 0.0000000000
39819  -37.496  -40.783  26.420 0.0000000000
39820  -38.301  -40.769  26.409 0.0000000000
39840  -32.983  -40.197  25.219 0.0000000000
39841  -33.702  -40.360  25.386 0.0000000000
39842  -34.539  -40.490  25.514 0.0000000000
39843  -35.451  -40.562  25.638 0.0000000000
39844  -36.389  -40.593  25.766 0.0000000000
39845  -37.247  -40.572  25.832 0.0000000000
39846  -38.100  -40.418  25.685 0.0000000000
39868  -33.059  -40.015  24.598 0.0000000000
39869  -33.606  -40.149  24.678 0.0000000000
39870  -34.435  -40.233  24.531 0.0000000000
39871  -35.300  -40.361  24.800 0.0000000000
39872  -36.289  -40.310  24.717 0.0000000000
39873  -37.181  -40.337  25.115 0.0000000000
39874  -37.681  -40.332  25.344 0.0000000000
39889  -34.808  -40.143  23.923 0.0000000000
39890  -35.290  -40.225  24.113 0.0000000000
39891  -35.770  -40.262  24.328 0.0000000000
40938  -38.190  -39.618  32.149 0.0000000000
40939  -39.027  -39.624  32.337 0.0000000000
40940  -39.946  -39.523  32.506 0.0000000000
40952  -34.906  -39.266  30.873 0.0000000000
40953  -35.542  -39.803  31.025 0.0000000000
40954  -36.676  -39.603  31.627 0.0000000000
40955  -37.514  -39.354  31.923 0.0000000000
40959  -33.713  -39.298  30.017 0.0000000000
40960  -34.442  -39.691  30.253 0.0000000000
40961  -35.122  -40.123  30.458 0.0000000000
40964  -32.675  -39.279  29.089 0.0000000000
40965  -33.411  -39.687  29.307 0.0000000000
40966  -34.139  -40.062  29.547 0.0000000000
40969  -31.662  -39.102  28.091 0.0000000000
40970  -32.413  -39.604  28.227 0.0000000000
40971  -33.179  -40.027  28.472 0.0000000000
40974  -30.815  -38.870  27.078 0.0000000000
40975  -31.378  -39.266  27.363 0.0000000000
40976  -32.205  -39.930  26.826 0.0000000000
40981  -30.871  -39.118  26.488 0.0000000000
40982  -31.547  -39.597  26.238 0.0000000000
40983  -32.270  -39.998  25.752 0.0000000000
40998  -31.041  -39.365  25.671 0.0000000000
40999  -31.670  -39.690  25.246 0.0000000000
41000  -32.425  -39.950  24.861 0.0000000000
41024  -30.934  -39.335  24.667 0.0000000000
41025  -31.911  -39.650  24.276 0.0000000000
41026  -32.790  -39.767  24.129 0.0000000000
41027  -33.516  -39.905  24.135 0.0000000000
41028  -33.960  -40.057  24.245 0.0000000000
41029  -36.714  -40.046  24.117 0.0000000000
41030  -37.240  -40.031  24.371 0.0000000000
41031  -38.134  -39.979  24.796 0.0000000000
41052  -30.662  -39.033  23.957 0.0000000000
41053  -31.380  -39.165  23.444 0.0000000000
41054  -32.441  -39.486  23.409 0.0000000000
41055  -33.359  -39.675  23.460 0.0000000000
41056  -34.283  -39.930  23.655 0.0000000000
41057  -35.234  -39.993  23.487 0.0000000000
41058  -36.164  -40.030  23.745 0.0000000000
41059  -37.116  -39.806  23.680 0.0000000000
41060  -37.917  -39.658  23.889 0.0000000000
41074  -31.541  -38.913  22.734 0.0000000000
41075  -32.154  -39.114  22.498 0.0000000000
41076  -33.088  -39.432  22.652 0.0000000000
41077  -34.008  -39.623  22.734 0.0000000000
41078  -34.948  -39.698  22.788 0.0000000000
41079  -35.888  -39.731  22.837 0.0000000000
41080  -36.908  -39.606  22.855 0.0000000000
41081  -37.696  -39.527  23.154 0.0000000000
41088  -32.431  -38.944  21.915 0.0000000000
41089  -32.892  -39.134  21.921 0.0000000000
41090  -33.734  -39.309  21.951 0.0000000000
41091  -34.658  -39.399  22.003 0.0000000000
41092  -35.594  -39.459  22.071 0.0000000000
41093  -36.429  -39.436  22.202 0.0000000000
42068  -38.782  -38.889  32.186 0.0000000000
42069  -39.530  -38.745  32.256 0.0000000000
42079  -35.246  -38.738  31.180 0.0000000000
42080  -36.099  -38.710  31.508 0.0000000000
42081  -37.107  -38.554  31.705 0.0000000000
42082  -38.143  -38.472  31.872 0.0000000000
42083  -39.142  -38.108  31.849 0.0000000000
42084  -40.014  -37.965  31.829 0.0000000000
42088  -33.186  -38.474  30.132 0.0000000000
42089  -33.779  -38.713  30.407 0.0000000000
42090  -34.548  -38.715  30.813 0.0000000000
42093  -32.131  -38.408  29.277 0.0000000000
42094  -32.732  -38.737  29.636 0.0000000000
42095  -33.327  -39.008  29.955 0.0000000000
42098  -31.097  -38.331  28.258 0.0000000000
42099  -31.693  -38.637  28.635 0.0000000000
42100  -32.287  -38.955  29.017 0.0000000000
42104  -30.786  -38.491  27.603 0.0000000000
42105  -31.284  -38.794  28.023 0.0000000000
42110  -29.991  -38.158  26.198 0.0000000000
42111  -30.402  -38.458  26.747 0.0000000000
42124  -29.663  -38.064  25.415 0.0000000000
42125  -30.367  -38.797  25.678 0.0000000000
42141  -29.427  -37.906  24.514 0.0000000000
42142  -30.074  -38.656  24.454 0.0000000000
42166  -29.625  -38.136  23.620 0.0000000000
42167  -30.462  -38.647  23.304 0.0000000000
42168  -31.134  -38.711  22.803 0.0000000000
42187  -29.904  -38.115  22.671 0.0000000000
42188  -30.716  -38.329  22.262 0.0000000000
42189  -31.524  -38.652  22.158 0.0000000000
42190  -32.111  -38.766  21.856 0.0000000000
42191  -37.559  -39.373  22.626 0.0000000000
42200  -31.227  -38.255  21.624 0.0000000000
42201  -31.890  -38.347  21.317 0.0000000000
42202  -32.635  -38.658  21.411 0.0000000000
42203  -33.475  -38.821  21.324 0.0000000000
42204  -34.366  -38.954  21.301 0.0000000000
42205  -35.314  -39.015  21.351 0.0000000000
42206  -36.295  -39.045  21.496 0.0000000000
42207  -37.406  -39.094  21.926 0.0000000000
42220  -32.507  -38.205  20.801 0.0000000000
42221  -33.210  -38.327  20.743 0.0000000000
42222  -34.066  -38.424  20.677 0.0000000000
42223  -34.998  -38.479  20.671 0.0000000000
42224  -35.982  -38.532  20.724 0.0000000000
42225  -37.015  -38.542  20.875 0.0000000000
43129  -34.953  -38.034  31.025 0.0000000000
43130  -35.708  -37.887  31.175 0.0000000000
43131  -36.675  -37.767  31.257 0.0000000000
43132  -37.703  -37.670  31.275 0.0000000000
43133  -38.728  -37.544  31.264 0.0000000000
43134  -39.723  -37.451  31.203 0.0000000000
43141  -32.842  -38.080  30.091 0.0000000000
43142  -33.355  -37.840  30.334 0.0000000000
43143  -34.258  -37.740  30.630 0.0000000000
43144  -35.236  -37.331  30.615 0.0000000000
43145  -36.241  -37.170  30.606 0.0000000000
43146  -37.276  -37.103  30.600 0.0000000000
43147  -38.312  -37.029  30.577 0.0000000000
43148  -39.351  -36.916  30.587 0.0000000000
43153  -31.723  -37.904  29.171 0.0000000000
43154  -32.362  -37.814  29.707 0.0000000000
43155  -32.888  -37.572  30.044 0.0000000000
43160  -30.743  -37.800  28.128 0.0000000000
43161  -31.240  -37.864  28.678 0.0000000000
43168  -29.992  -37.156  27.039 0.0000000000
43169  -30.282  -37.680  27.288 0.0000000000
43177  -29.700  -37.414  26.343 0.0000000000
43178  -30.062  -37.935  26.670 0.0000000000
43191  -28.530  -36.502  24.675 0.0000000000
43192  -28.965  -37.083  25.107 0.0000000000
43207  -28.554  -36.726  24.072 0.0000000000
43208  -29.058  -37.420  23.908 0.0000000000
43222  -28.734  -36.956  23.134 0.0000000000
43223  -29.275  -37.595  22.942 0.0000000000
43235  -28.960  -37.169  22.225 0.0000000000
43236  -29.575  -37.604  22.100 0.0000000000
43237  -30.174  -37.868  21.942 0.0000000000
43249  -29.308  -37.266  21.558 0.0000000000
43250  -30.003  -37.418  21.288 0.0000000000
43251  -30.751  -37.822  21.372 0.0000000000
43252  -31.397  -37.950  21.069 0.0000000000
43266  -30.621  -37.391  20.735 0.0000000000
43267  -31.206  -37.574  20.630 0.0000000000
43268  -31.989  -37.742  20.397 0.0000000000
43269  -32.917  -37.832  20.226 0.0000000000
43270  -33.757  -37.888  20.126 0.0000000000
43271  -34.663  -37.915  20.028 0.0000000000
43272  -35.639  -37.967  19.999 0.0000000000
43273  -36.639  -38.014  20.077 0.0000000000
43293  -32.677  -37.423  19.720 0.0000000000
43294  -33.460  -37.460  19.571 0.0000000000
43295  -34.297  -37.499  19.450 0.0000000000
43296  -35.278  -37.369  19.173 0.0000000000
43297  -36.316  -37.507  19.351 0.0000000000
43318  -35.595  -36.917  18.649 0.0000000000
43319  -36.151  -37.023  18.738 0.0000000000
44212  -33.169  -37.348  30.090 0.0000000000
44213  -33.639  -37.146  30.152 0.0000000000
44214  -34.567  -36.854  30.065 0.0000000000
44215  -35.667  -36.521  29.938 0.0000000000
44216  -36.788  -36.417  30.169 0.0000000000
44217  -37.825  -36.302  30.270 0.0000000000
44218  -38.880  -36.173  30.326 0.0000000000
44225  -31.479  -37.486  28.925 0.0000000000
44226  -31.837  -37.230  29.294 0.0000000000
44227  -32.797  -36.944  29.730 0.0000000000
44228  -33.796  -36.528  29.529 0.0000000000
44229  -34.773  -36.250  29.199 0.0000000000
44230  -35.523  -35.813  29.438 0.0000000000
44237  -30.564  -37.331  27.926 0.0000000000
44238  -31.078  -37.041  28.543 0.0000000000
44239  -32.024  -36.524  28.994 0.0000000000
44240  -32.972  -36.143  29.088 0.0000000000
44241  -33.967  -36.083  28.772 0.0000000000
44242  -34.518  -35.808  28.733 0.0000000000
44250  -29.799  -36.687  26.836 0.0000000000
44251  -30.338  -36.832  27.575 0.0000000000
44252  -30.873  -36.368  28.018 0.0000000000
44263  -28.803  -35.978  25.782 0.0000000000
44264  -29.135  -36.460  25.997 0.0000000000
44277  -28.589  -36.213  25.246 0.0000000000
44278  -28.877  -36.592  25.458 0.0000000000
44292  -27.765  -35.505  23.840 0.0000000000
44293  -28.064  -35.995  24.231 0.0000000000
44303  -27.712  -35.701  23.364 0.0000000000
44304  -28.150  -36.338  23.284 0.0000000000
44311  -27.711  -35.964  22.496 0.0000000000
44312  -28.367  -36.561  22.320 0.0000000000
44322  -27.885  -36.189  21.456 0.0000000000
44323  -28.734  -36.811  21.274 0.0000000000
44324  -29.444  -37.130  20.910 0.0000000000
44335  -28.102  -36.456  20.172 0.0000000000
44336  -29.193  -36.868  20.192 0.0000000000
44337  -30.188  -36.988  20.303 0.0000000000
44338  -31.061  -37.178  20.097 0.0000000000
44339  -31.534  -37.386  20.128 0.0000000000
44347  -27.906  -36.445  18.832 0.0000000000
44348  -28.927  -36.693  19.153 0.0000000000
44349  -29.966  -36.791  19.300 0.0000000000
44350  -30.941  -36.921  19.327 0.0000000000
44351  -31.978  -37.110  19.417 0.0000000000
44352  -33.153  -37.033  19.032 0.0000000000
44353  -34.067  -37.147  18.898 0.0000000000
44354  -34.649  -37.210  18.960 0.0000000000
44361  -27.905  -36.243  17.703 0.0000000000
44362  -28.768  -36.568  18.043 0.0000000000
44363  -29.749  -36.741  18.262 0.0000000000
44364  -30.757  -36.783  18.376 0.0000000000
44365  -31.783  -36.677  18.415 0.0000000000
44366  -32.886  -36.684  18.289 0.0000000000
44367  -33.970  -36.656  18.236 0.0000000000
44368  -35.011  -36.715  18.470 0.0000000000
44369  -35.986  -36.571  18.295 0.0000000000
44379  -28.010  -35.981  16.761 0.0000000000
44380  -28.664  -36.374  17.014 0.0000000000
44381  -29.556  -36.650  17.216 0.0000000000
44382  -30.541  -36.757  17.370 0.0000000000
44383  -31.558  -36.632  17.464 0.0000000000
44384  -32.630  -36.455  17.440 0.0000000000
44385  -33.905  -36.136  17.277 0.0000000000
44386  -34.864  -36.138  17.633 0.0000000000
44387  -35.773  -36.155  17.744 0.0000000000
44404  -28.082  -35.848  16.345 0.0000000000
44405  -28.507  -35.975  16.139 0.0000000000
44406  -29.391  -36.356  16.254 0.0000000000
44407  -30.321  -36.575  16.386 0.0000000000
44408  -31.293  -36.617  16.497 0.0000000000
44409  -32.297  -36.482  16.547 0.0000000000
44410  -33.318  -36.196  16.487 0.0000000000
44430  -28.686  -35.710  15.608 0.0000000000
44431  -29.261  -35.827  15.400 0.0000000000
44432  -30.137  -36.230  15.494 0.0000000000
44433  -31.053  -36.431  15.561 0.0000000000
44434  -31.995  -36.501  15.630 0.0000000000
44435  -32.945  -36.355  15.624 0.0000000000
44446  -29.497  -35.618  14.873 0.0000000000
44447  -30.007  -35.788  14.678 0.0000000000
44448  -30.814  -36.156  14.743 0.0000000000
44449  -31.789  -36.265  14.665 0.0000000000
44450  -32.575  -36.339  14.934 0.0000000000
44464  -30.242  -35.568  14.206 0.0000000000
44465  -30.632  -35.774  14.126 0.0000000000
44466  -31.307  -36.007  14.084 0.0000000000
45283  -36.279  -35.661  29.920 0.0000000000
45284  -37.255  -35.454  30.254 0.0000000000
45293  -34.611  -35.222  28.696 0.0000000000
45294  -34.859  -35.377  28.999 0.0000000000
45295  -35.685  -34.969  29.745 0.0000000000
45304  -31.478  -36.294  28.394 0.0000000000
45305  -32.195  -35.925  28.448 0.0000000000
45306  -33.173  -35.738  28.342 0.0000000000
45307  -34.266  -35.462  28.360 0.0000000000
45308  -34.532  -35.567  28.693 0.0000000000
45319  -30.043  -36.368  27.185 0.0000000000
45320  -30.408  -36.076  27.481 0.0000000000
45321  -31.297  -35.781  27.807 0.0000000000
45322  -32.290  -35.497  27.760 0.0000000000
45323  -33.280  -35.462  27.592 0.0000000000
45324  -34.044  -35.283  27.455 0.0000000000
45337  -29.080  -35.700  26.150 0.0000000000
45338  -29.714  -35.895  26.785 0.0000000000
45339  -30.514  -35.453  27.127 0.0000000000
45340  -31.420  -35.212  27.168 0.0000000000
45341  -32.377  -35.167  27.020 0.0000000000
45342  -33.333  -35.238  26.752 0.0000000000
45343  -34.120  -35.305  26.561 0.0000000000
45354  -28.663  -35.495  25.601 0.0000000000
45355  -33.685  -35.303  26.207 0.0000000000
45356  -34.006  -35.465  25.996 0.0000000000
45370  -27.859  -35.219  24.191 0.0000000000
45371  -28.265  -35.414  24.863 0.0000000000
45380  -27.568  -35.095  23.530 0.0000000000
45387  -27.359  -35.222  22.704 0.0000000000
45394  -26.853  -34.898  21.054 0.0000000000
45395  -27.267  -35.467  21.744 0.0000000000
45398  -26.686  -35.062  20.042 0.0000000000
45399  -27.291  -35.694  20.678 0.0000000000
45402  -26.469  -35.180  18.925 0.0000000000
45403  -27.170  -35.876  19.524 0.0000000000
45406  -26.422  -35.162  17.756 0.0000000000
45407  -27.120  -35.839  18.340 0.0000000000
45409  -26.661  -35.048  16.652 0.0000000000
45410  -27.266  -35.677  17.225 0.0000000000
45411  -34.488  -35.806  16.713 0.0000000000
45412  -34.900  -35.753  16.909 0.0000000000
45413  -35.670  -35.711  17.052 0.0000000000
45414  -36.527  -35.797  17.130 0.0000000000
45419  -26.972  -34.873  15.764 0.0000000000
45420  -27.746  -35.550  16.102 0.0000000000
45421  -28.375  -35.663  15.744 0.0000000000
45422  -34.207  -35.844  16.325 0.0000000000
45423  -34.922  -35.570  16.254 0.0000000000
45424  -35.591  -35.434  16.362 0.0000000000
45425  -36.424  -35.376  16.302 0.0000000000
45441  -27.161  -34.697  15.309 0.0000000000
45442  -27.626  -34.990  15.333 0.0000000000
45443  -28.592  -35.336  15.132 0.0000000000
45444  -29.217  -35.518  14.969 0.0000000000
45445  -33.864  -35.960  15.551 0.0000000000
45446  -34.703  -35.504  15.543 0.0000000000
45447  -35.631  -35.144  15.584 0.0000000000
45448  -36.032  -35.173  15.971 0.0000000000
45466  -28.962  -35.071  14.582 0.0000000000
45467  -29.484  -35.274  14.442 0.0000000000
45468  -30.010  -35.467  14.270 0.0000000000
45469  -32.635  -36.083  14.267 0.0000000000
45470  -33.424  -35.999  14.604 0.0000000000
45471  -34.385  -35.528  14.702 0.0000000000
45472  -35.216  -35.117  14.765 0.0000000000
45487  -29.724  -35.045  14.014 0.0000000000
45488  -30.255  -35.180  13.758 0.0000000000
45489  -31.208  -35.555  13.500 0.0000000000
45490  -32.135  -35.802  13.632 0.0000000000
45491  -33.172  -35.702  13.628 0.0000000000
45492  -34.174  -35.409  13.683 0.0000000000
45493  -34.891  -35.167  14.062 0.0000000000
45506  -30.585  -34.719  13.183 0.0000000000
45507  -31.060  -34.925  12.964 0.0000000000
45508  -31.924  -35.215  12.758 0.0000000000
45509  -32.889  -35.371  12.809 0.0000000000
45510  -33.700  -35.328  12.943 0.0000000000
46300  -36.608  -34.614  30.191 0.0000000000
46308  -34.685  -34.788  28.770 0.0000000000
46309  -35.207  -34.338  29.381 0.0000000000
46310  -35.989  -33.919  29.931 0.0000000000
46316  -34.429  -34.617  28.193 0.0000000000
46325  -34.334  -34.644  27.384 0.0000000000
46335  -29.410  -35.411  26.419 0.0000000000
46336  -29.798  -35.127  26.626 0.0000000000
46337  -30.577  -34.822  26.688 0.0000000000
46338  -31.485  -34.722  26.551 0.0000000000
46339  -32.408  -34.798  26.335 0.0000000000
46340  -33.134  -34.957  26.135 0.0000000000
46341  -34.567  -34.714  26.594 0.0000000000
46344  -29.086  -34.982  26.102 0.0000000000
46345  -29.757  -34.473  26.248 0.0000000000
46346  -30.588  -34.227  26.155 0.0000000000
46347  -31.520  -34.296  25.904 0.0000000000
46348  -32.509  -34.468  25.666 0.0000000000
46349  -33.557  -34.988  25.716 0.0000000000
46350  -34.473  -35.220  25.724 0.0000000000
46356  -28.121  -34.828  24.574 0.0000000000
46357  -28.544  -34.727  25.248 0.0000000000
46358  -33.005  -34.351  25.283 0.0000000000
46359  -33.741  -34.633  25.091 0.0000000000
46367  -27.776  -34.477  23.960 0.0000000000
46371  -27.385  -34.438  22.985 0.0000000000
46374  -26.783  -34.225  21.263 0.0000000000
46375  -27.004  -34.551  21.984 0.0000000000
46377  -26.587  -34.233  20.483 0.0000000000
46380  -26.369  -34.270  19.413 0.0000000000
46383  -26.133  -34.294  18.286 0.0000000000
46390  -25.756  -33.635  16.714 0.0000000000
46391  -25.944  -34.182  17.087 0.0000000000
46398  -25.820  -33.824  16.433 0.0000000000
46399  -26.217  -34.299  16.060 0.0000000000
46400  -36.679  -35.190  15.900 0.0000000000
46401  -37.104  -35.230  15.867 0.0000000000
46409  -26.719  -34.315  15.217 0.0000000000
46410  -27.373  -34.558  14.908 0.0000000000
46411  -27.989  -34.800  14.795 0.0000000000
46412  -36.048  -34.874  15.330 0.0000000000
46413  -36.513  -34.952  15.510 0.0000000000
46414  -37.677  -34.745  15.161 0.0000000000
46431  -27.033  -34.168  14.584 0.0000000000
46432  -27.731  -34.331  14.191 0.0000000000
46433  -28.617  -34.771  14.385 0.0000000000
46434  -29.124  -34.939  14.322 0.0000000000
46435  -36.043  -34.695  14.807 0.0000000000
46436  -37.020  -34.337  14.522 0.0000000000
46437  -37.778  -34.163  14.517 0.0000000000
46451  -27.959  -34.100  13.665 0.0000000000
46452  -28.476  -34.310  13.761 0.0000000000
46453  -29.399  -34.670  13.835 0.0000000000
46454  -30.187  -34.429  13.275 0.0000000000
46455  -34.974  -34.934  13.371 0.0000000000
46456  -35.611  -34.696  13.841 0.0000000000
46457  -36.420  -34.281  13.872 0.0000000000
46465  -30.807  -34.270  12.784 0.0000000000
46466  -31.702  -34.236  12.227 0.0000000000
46467  -32.692  -34.755  12.090 0.0000000000
46468  -33.638  -34.904  12.244 0.0000000000
46469  -34.522  -34.864  12.658 0.0000000000
46470  -35.582  -34.367  12.717 0.0000000000
46471  -36.094  -34.303  13.309 0.0000000000
46475  -32.084  -33.643  11.862 0.0000000000
46476  -32.590  -33.901  11.747 0.0000000000
46477  -33.479  -34.163  11.690 0.0000000000
46478  -34.418  -34.334  11.853 0.0000000000
46479  -35.010  -34.371  12.159 0.0000000000
47336  -34.793  -33.686  28.949 0.0000000000
47337  -35.533  -33.327  29.599 0.0000000000
47338  -36.130  -33.097  29.992 0.0000000000
47341  -34.433  -33.693  28.118 0.0000000000
47347  -34.463  -33.773  27.302 0.0000000000
47362  -29.154  -34.372  25.661 0.0000000000
47363  -29.711  -33.925  25.636 0.0000000000
47364  -30.602  -33.768  25.481 0.0000000000
47365  -31.530  -33.904  25.257 0.0000000000
47366  -32.271  -34.039  25.082 0.0000000000
47373  -28.263  -34.341  24.595 0.0000000000
47374  -28.808  -33.913  24.993 0.0000000000
47375  -29.666  -33.444  24.831 0.0000000000
47376  -30.679  -33.392  24.806 0.0000000000
47377  -31.606  -33.481  24.703 0.0000000000
47378  -32.712  -33.767  24.739 0.0000000000
47387  -28.178  -33.836  24.185 0.0000000000
47388  -28.766  -33.389  24.266 0.0000000000
47389  -29.326  -33.059  24.132 0.0000000000
47393  -27.695  -33.749  23.390 0.0000000000
47397  -26.908  -33.951  21.662 0.0000000000
47398  -27.276  -33.577  22.243 0.0000000000
47401  -26.855  -33.481  21.076 0.0000000000
47402  -27.312  -32.991  21.502 0.0000000000
47406  -26.583  -33.429  19.891 0.0000000000
47413  -26.369  -33.388  18.686 0.0000000000
47420  -25.728  -33.302  16.969 0.0000000000
47421  -26.037  -33.412  17.665 0.0000000000
47426  -25.612  -33.250  16.276 0.0000000000
47427  -25.804  -33.702  15.939 0.0000000000
47430  -25.616  -33.265  15.487 0.0000000000
47431  -26.075  -33.774  15.376 0.0000000000
47447  -25.817  -33.392  14.934 0.0000000000
47448  -26.389  -33.630  14.566 0.0000000000
47449  -27.047  -33.854  14.103 0.0000000000
47450  -37.186  -34.069  14.184 0.0000000000
47451  -37.466  -33.910  14.132 0.0000000000
47467  -26.637  -33.343  13.667 0.0000000000
47468  -27.480  -33.721  13.546 0.0000000000
47469  -28.224  -33.801  13.344 0.0000000000
47470  -28.995  -33.931  13.341 0.0000000000
47471  -29.681  -34.042  13.225 0.0000000000
47472  -37.051  -33.933  13.870 0.0000000000
47473  -37.609  -33.494  13.465 0.0000000000
47482  -27.008  -33.208  13.011 0.0000000000
47483  -27.804  -33.278  12.933 0.0000000000
47484  -28.660  -33.321  12.922 0.0000000000
47485  -29.487  -33.457  12.880 0.0000000000
47486  -30.274  -33.698  12.789 0.0000000000
47487  -31.017  -33.513  12.430 0.0000000000
47488  -36.066  -33.826  12.234 0.0000000000
47489  -36.698  -33.767  12.869 0.0000000000
47490  -37.743  -32.958  12.548 0.0000000000
47499  -31.691  -33.234  12.022 0.0000000000
47500  -32.415  -33.120  11.721 0.0000000000
47501  -33.254  -33.231  11.538 0.0000000000
47502  -34.246  -33.417  11.434 0.0000000000
47503  -35.412  -33.685  11.680 0.0000000000
47504  -36.490  -33.333  11.866 0.0000000000
47505  -37.092  -33.207  12.160 0.0000000000
48402  -34.678  -32.670  28.687 0.0000000000
48403  -35.272  -32.445  29.461 0.0000000000
48404  -35.824  -32.633  29.875 0.0000000000
48432  -29.989  -33.048  24.323 0.0000000000
48433  -30.718  -32.916  24.186 0.0000000000
48434  -31.709  -32.853  24.181 0.0000000000
48446  -28.199  -33.364  23.713 0.0000000000
48447  -28.707  -32.942  23.609 0.0000000000
48448  -29.657  -32.658  23.569 0.0000000000
48449  -30.712  -32.404  23.319 0.0000000000
48450  -31.788  -32.079  23.311 0.0000000000
48461  -27.933  -33.031  23.028 0.0000000000
48462  -28.705  -32.580  22.755 0.0000000000
48463  -29.680  -32.231  22.472 0.0000000000
48464  -30.821  -31.831  22.177 0.0000000000
48465  -31.494  -31.776  22.511 0.0000000000
48469  -27.864  -32.751  22.062 0.0000000000
48470  -28.724  -32.383  21.671 0.0000000000
48471  -29.714  -32.016  21.280 0.0000000000
48472  -30.675  -31.740  20.798 0.0000000000
48475  -27.178  -32.901  21.001 0.0000000000
48476  -27.756  -32.549  20.996 0.0000000000
48477  -28.787  -32.231  20.482 0.0000000000
48478  -29.803  -31.934  20.095 0.0000000000
48479  -30.693  -31.704  19.703 0.0000000000
48486  -27.103  -32.832  20.339 0.0000000000
48487  -27.819  -32.323  19.760 0.0000000000
48488  -28.945  -31.882  19.111 0.0000000000
48489  -30.049  -31.722  19.202 0.0000000000
48490  -30.642  -31.627  19.099 0.0000000000
48497  -26.910  -32.665  19.142 0.0000000000
48498  -27.723  -31.960  18.351 0.0000000000
48499  -28.540  -31.712  18.340 0.0000000000
48505  -25.904  -32.885  17.238 0.0000000000
48506  -26.479  -32.372  17.582 0.0000000000
48507  -27.219  -31.853  17.591 0.0000000000
48514  -25.739  -32.462  16.577 0.0000000000
48515  -26.040  -32.010  16.765 0.0000000000
48529  -25.433  -32.529  15.576 0.0000000000
48552  -25.474  -32.830  14.716 0.0000000000
48553  -25.847  -33.256  14.547 0.0000000000
48569  -25.372  -32.336  13.809 0.0000000000
48570  -25.898  -33.041  13.997 0.0000000000
48583  -25.330  -31.987  13.187 0.0000000000
48584  -26.098  -32.464  12.845 0.0000000000
48585  -27.261  -32.732  12.446 0.0000000000
48586  -28.237  -32.769  12.406 0.0000000000
48587  -29.171  -32.835  12.419 0.0000000000
48588  -30.051  -32.989  12.449 0.0000000000
48589  -30.575  -33.186  12.437 0.0000000000
48590  -37.927  -32.550  12.021 0.0000000000
48604  -26.291  -31.947  12.176 0.0000000000
48605  -26.819  -32.085  12.013 0.0000000000
48606  -27.775  -32.138  11.912 0.0000000000
48607  -28.760  -32.230  11.862 0.0000000000
48608  -29.775  -32.303  11.882 0.0000000000
48609  -30.904  -32.539  12.070 0.0000000000
48610  -32.002  -32.366  11.810 0.0000000000
48611  -32.924  -32.323  11.661 0.0000000000
48612  -33.895  -32.371  11.444 0.0000000000
48613  -34.985  -32.490  11.241 0.0000000000
48614  -36.134  -32.548  11.312 0.0000000000
48615  -37.299  -32.540  11.643 0.0000000000
49629  -31.435  -31.677  22.139 0.0000000000
49640  -31.489  -31.621  21.463 0.0000000000
49652  -31.716  -31.709  20.118 0.0000000000
49665  -29.759  -31.611  18.538 0.0000000000
49666  -30.507  -31.539  18.560 0.0000000000
49667  -31.332  -31.597  18.864 0.0000000000
49668  -32.464  -31.630  18.930 0.0000000000
49683  -28.383  -31.599  17.808 0.0000000000
49684  -29.159  -31.512  17.953 0.0000000000
49685  -30.144  -31.379  17.764 0.0000000000
49686  -31.095  -31.313  17.804 0.0000000000
49687  -32.091  -31.393  17.896 0.0000000000
49699  -27.002  -31.638  17.071 0.0000000000
49700  -27.808  -31.563  17.191 0.0000000000
49701  -28.713  -31.318  17.072 0.0000000000
49702  -29.607  -31.094  16.872 0.0000000000
49703  -30.646  -30.971  16.858 0.0000000000
49704  -31.669  -30.844  16.973 0.0000000000
49705  -32.586  -30.729  17.293 0.0000000000
49717  -25.850  -31.759  16.290 0.0000000000
49718  -26.403  -31.516  16.413 0.0000000000
49719  -27.306  -31.212  16.278 0.0000000000
49720  -28.261  -31.046  16.213 0.0000000000
49721  -28.998  -30.877  16.369 0.0000000000
49741  -25.525  -31.615  15.604 0.0000000000
49742  -25.914  -31.271  15.860 0.0000000000
49760  -24.770  -31.045  14.000 0.0000000000
49761  -25.148  -31.707  14.618 0.0000000000
49772  -24.656  -30.823  13.311 0.0000000000
49773  -24.994  -31.572  13.598 0.0000000000
49787  -24.736  -30.721  12.786 0.0000000000
49788  -25.206  -31.321  12.627 0.0000000000
49789  -25.917  -31.702  12.215 0.0000000000
49801  -25.751  -31.156  11.874 0.0000000000
49802  -26.394  -31.441  11.701 0.0000000000
49803  -27.278  -31.431  11.370 0.0000000000
49804  -28.295  -31.622  11.317 0.0000000000
49805  -29.288  -31.678  11.261 0.0000000000
49806  -30.407  -31.436  11.327 0.0000000000
49807  -31.533  -31.544  11.591 0.0000000000
49808  -32.499  -31.508  11.650 0.0000000000
49809  -33.463  -31.424  11.648 0.0000000000
49810  -34.530  -31.351  11.546 0.0000000000
49811  -35.683  -31.417  11.329 0.0000000000
49812  -36.791  -31.536  11.232 0.0000000000
49813  -37.809  -31.541  11.351 0.0000000000
49828  -27.908  -31.083  10.831 0.0000000000
49829  -28.752  -31.141  10.711 0.0000000000
49830  -29.664  -31.063  10.788 0.0000000000
49831  -30.193  -30.930  10.896 0.0000000000
50838  -27.671  -30.025  21.777 0.0000000000
50839  -28.141  -29.915  21.784 0.0000000000
50852  -27.134  -30.122  21.139 0.0000000000
50853  -28.282  -29.932  21.056 0.0000000000
50854  -28.932  -29.713  20.544 0.0000000000
50871  -26.008  -29.990  19.978 0.0000000000
50872  -26.787  -30.079  20.113 0.0000000000
50873  -27.712  -30.005  20.132 0.0000000000
50874  -28.609  -29.773  19.978 0.0000000000
50887  -25.881  -29.844  19.200 0.0000000000
50888  -26.438  -29.980  19.243 0.0000000000
50889  -27.281  -29.949  19.189 0.0000000000
50890  -28.171  -29.776  19.161 0.0000000000
50908  -26.129  -29.825  18.648 0.0000000000
50909  -26.784  -29.783  18.265 0.0000000000
50910  -27.843  -29.607  18.142 0.0000000000
50911  -28.485  -29.545  18.502 0.0000000000
50928  -27.298  -29.450  17.518 0.0000000000
50929  -27.731  -29.316  17.436 0.0000000000
50930  -29.417  -30.725  16.152 0.0000000000
50931  -30.036  -30.549  15.974 0.0000000000
50932  -31.101  -30.264  16.009 0.0000000000
50933  -32.087  -29.873  16.444 0.0000000000
50934  -32.941  -30.015  17.210 0.0000000000
50951  -26.186  -31.024  15.738 0.0000000000
50952  -26.690  -30.758  15.610 0.0000000000
50953  -27.658  -30.505  15.340 0.0000000000
50954  -28.953  -30.257  15.417 0.0000000000
50955  -30.236  -29.413  15.044 0.0000000000
50956  -31.395  -29.352  15.599 0.0000000000
50957  -31.702  -29.266  16.024 0.0000000000
50978  -25.265  -31.077  15.004 0.0000000000
50979  -25.777  -30.472  15.199 0.0000000000
50980  -26.829  -29.971  14.840 0.0000000000
50981  -27.884  -29.625  14.466 0.0000000000
50982  -29.024  -29.149  14.418 0.0000000000
50983  -29.718  -28.751  14.466 0.0000000000
50997  -24.629  -30.447  13.858 0.0000000000
50998  -25.009  -30.502  14.496 0.0000000000
50999  -25.371  -30.036  14.681 0.0000000000
51011  -24.499  -30.142  13.441 0.0000000000
51022  -24.515  -30.229  12.892 0.0000000000
51023  -24.817  -30.409  12.377 0.0000000000
51024  -35.663  -29.735  11.669 0.0000000000
51025  -35.906  -29.769  11.721 0.0000000000
51036  -25.325  -30.530  11.837 0.0000000000
51037  -26.139  -30.556  11.241 0.0000000000
51038  -26.709  -31.016  11.221 0.0000000000
51039  -30.554  -30.759  10.941 0.0000000000
51040  -31.244  -30.705  11.143 0.0000000000
51041  -32.076  -30.819  11.365 0.0000000000
51042  -32.954  -30.703  11.461 0.0000000000
51043  -33.973  -30.444  11.605 0.0000000000
51044  -35.270  -30.109  11.684 0.0000000000
51045  -36.354  -30.384  11.528 0.0000000000
51046  -37.361  -30.648  11.330 0.0000000000
51059  -26.495  -30.127  10.795 0.0000000000
51060  -27.097  -30.510  10.741 0.0000000000
51061  -28.188  -30.426  10.455 0.0000000000
51062  -29.158  -30.498  10.346 0.0000000000
51063  -30.082  -30.479  10.546 0.0000000000
51064  -30.797  -30.342  10.702 0.0000000000
52085  -27.232  -28.860  25.146 0.0000000000
52086  -27.726  -29.053  25.129 0.0000000000
52087  -28.626  -29.246  25.077 0.0000000000
52088  -29.601  -29.276  24.955 0.0000000000
52089  -30.484  -29.224  24.764 0.0000000000
52098  -25.647  -28.571  24.052 0.0000000000
52099  -26.070  -28.876  24.225 0.0000000000
52100  -26.992  -29.115  24.497 0.0000000000
52101  -28.025  -29.384  24.280 0.0000000000
52102  -29.016  -29.457  24.144 0.0000000000
52103  -29.990  -29.410  24.004 0.0000000000
52104  -30.956  -29.301  23.933 0.0000000000
52113  -25.595  -28.941  23.581 0.0000000000
52114  -26.346  -29.425  23.481 0.0000000000
52115  -27.421  -29.560  23.396 0.0000000000
52116  -28.469  -29.566  23.291 0.0000000000
52117  -29.462  -29.485  23.144 0.0000000000
52118  -30.432  -29.368  23.018 0.0000000000
52119  -31.254  -29.135  22.929 0.0000000000
52126  -25.063  -29.142  22.134 0.0000000000
52127  -25.476  -29.394  22.560 0.0000000000
52128  -26.766  -29.949  22.299 0.0000000000
52129  -28.001  -29.810  22.408 0.0000000000
52130  -28.968  -29.598  22.312 0.0000000000
52131  -29.950  -29.375  22.110 0.0000000000
52132  -30.917  -29.091  22.023 0.0000000000
52133  -31.452  -28.933  22.265 0.0000000000
52145  -25.166  -29.239  21.550 0.0000000000
52146  -25.896  -29.836  21.609 0.0000000000
52147  -26.496  -30.036  21.504 0.0000000000
52148  -28.558  -29.769  21.757 0.0000000000
52149  -29.394  -29.589  21.111 0.0000000000
52150  -30.572  -29.266  21.051 0.0000000000
52151  -31.469  -29.135  21.067 0.0000000000
52169  -25.099  -29.086  20.421 0.0000000000
52170  -25.632  -29.648  20.698 0.0000000000
52171  -26.289  -30.013  20.863 0.0000000000
52172  -29.432  -29.515  19.924 0.0000000000
52173  -30.360  -29.318  19.988 0.0000000000
52174  -31.340  -29.289  20.004 0.0000000000
52192  -25.036  -28.996  19.344 0.0000000000
52193  -25.514  -29.553  19.684 0.0000000000
52194  -29.096  -29.497  18.877 0.0000000000
52195  -30.181  -29.376  18.885 0.0000000000
52196  -31.180  -29.330  18.891 0.0000000000
52217  -24.887  -28.864  18.287 0.0000000000
52218  -25.614  -29.468  18.419 0.0000000000
52219  -26.199  -29.676  18.096 0.0000000000
52220  -28.142  -29.182  17.334 0.0000000000
52221  -28.838  -29.219  17.725 0.0000000000
52222  -29.916  -29.142  17.816 0.0000000000
52223  -30.929  -29.095  17.816 0.0000000000
52224  -31.932  -29.085  17.847 0.0000000000
52242  -24.742  -28.644  17.653 0.0000000000
52243  -25.278  -28.977  17.022 0.0000000000
52244  -26.492  -29.343  17.094 0.0000000000
52245  -27.677  -28.985  16.706 0.0000000000
52246  -28.625  -28.631  16.659 0.0000000000
52247  -29.653  -28.369  16.836 0.0000000000
52248  -30.582  -28.404  17.028 0.0000000000
52249  -31.507  -28.618  16.696 0.0000000000
52250  -32.357  -29.343  17.149 0.0000000000
52264  -25.496  -28.793  15.716 0.0000000000
52265  -26.226  -29.037  15.795 0.0000000000
52266  -27.210  -28.656  15.618 0.0000000000
52267  -28.278  -28.307  15.568 0.0000000000
52268  -29.285  -28.102  15.759 0.0000000000
52269  -31.042  -28.603  15.049 0.0000000000
52270  -31.484  -28.693  15.777 0.0000000000
52271  -31.809  -29.157  16.386 0.0000000000
52283  -25.314  -28.969  14.978 0.0000000000
52284  -26.006  -29.418  15.120 0.0000000000
52285  -27.002  -29.129  14.856 0.0000000000
52286  -28.059  -28.696  14.650 0.0000000000
52287  -29.277  -28.194  14.671 0.0000000000
52288  -30.227  -28.361  14.623 0.0000000000
52296  -24.635  -29.625  13.947 0.0000000000
52297  -25.040  -29.464  14.570 0.0000000000
52298  -25.550  -29.644  14.783 0.0000000000
52306  -24.408  -29.510  13.166 0.0000000000
52316  -24.568  -29.587  12.389 0.0000000000
52317  -24.908  -29.925  11.875 0.0000000000
52318  -35.829  -29.413  11.701 0.0000000000
52319  -36.528  -29.404  11.844 0.0000000000
52331  -24.846  -29.337  11.805 0.0000000000
52332  -25.473  -29.589  11.329 0.0000000000
52333  -26.134  -29.824  10.870 0.0000000000
52334  -31.818  -30.403  11.071 0.0000000000
52335  -32.392  -30.245  11.056 0.0000000000
52336  -33.328  -30.000  11.111 0.0000000000
52337  -34.460  -29.524  11.144 0.0000000000
52338  -35.334  -29.358  11.469 0.0000000000
52339  -37.051  -29.888  11.647 0.0000000000
52349  -26.054  -29.211  10.773 0.0000000000
52350  -26.681  -29.541  10.524 0.0000000000
52351  -27.604  -29.530  10.230 0.0000000000
52352  -28.623  -29.778  10.039 0.0000000000
52353  -29.579  -29.888  10.013 0.0000000000
52354  -30.513  -29.889  10.202 0.0000000000
52355  -31.557  -29.980  10.570 0.0000000000
52356  -32.658  -29.772  10.487 0.0000000000
52357  -33.604  -29.561  10.458 0.0000000000
52358  -34.278  -29.247  10.295 0.0000000000
52362  -28.209  -29.067  9.762 0.0000000000
52363  -29.041  -29.219  9.562 0.0000000000
52364  -30.013  -29.352  9.554 0.0000000000
52365  -31.017  -29.396  9.696 0.0000000000
52366  -32.046  -29.450  9.754 0.0000000000
52367  -33.029  -29.431  9.737 0.0000000000
52368  -33.822  -29.226  9.780 0.0000000000
52369  -34.256  -29.064  9.829 0.0000000000
53337  -27.988  -28.118  26.213 0.0000000000
53338  -28.810  -28.192  26.334 0.0000000000
53339  -29.844  -28.287  26.472 0.0000000000
53340  -30.989  -28.305  26.358 0.0000000000
53341  -32.058  -28.096  26.180 0.0000000000
53342  -32.647  -27.857  26.157 0.0000000000
53356  -26.132  -28.024  25.247 0.0000000000
53357  -26.678  -28.219  25.472 0.0000000000
53358  -27.363  -28.428  25.672 0.0000000000
53359  -28.278  -28.696  25.754 0.0000000000
53360  -29.229  -28.852  25.792 0.0000000000
53361  -30.286  -28.896  25.664 0.0000000000
53362  -31.545  -28.820  25.111 0.0000000000
53363  -32.826  -28.111  25.478 0.0000000000
53364  -33.421  -27.796  25.193 0.0000000000
53372  -25.716  -28.177  24.564 0.0000000000
53373  -26.387  -28.560  24.894 0.0000000000
53374  -26.904  -28.682  25.173 0.0000000000
53375  -31.796  -28.890  23.688 0.0000000000
53376  -32.570  -28.478  24.282 0.0000000000
53377  -33.332  -27.998  24.580 0.0000000000
53385  -24.790  -28.010  23.192 0.0000000000
53386  -25.255  -28.215  23.800 0.0000000000
53387  -31.850  -28.783  22.699 0.0000000000
53388  -32.503  -28.517  23.145 0.0000000000
53389  -33.266  -28.149  23.563 0.0000000000
53400  -24.774  -28.581  22.245 0.0000000000
53401  -25.084  -28.704  23.120 0.0000000000
53402  -31.469  -28.956  21.758 0.0000000000
53403  -31.818  -28.781  21.977 0.0000000000
53404  -32.390  -28.639  22.196 0.0000000000
53420  -24.742  -28.473  21.097 0.0000000000
53421  -31.771  -28.973  21.480 0.0000000000
53437  -24.816  -28.340  20.098 0.0000000000
53454  -24.761  -28.229  19.115 0.0000000000
53471  -24.521  -28.200  18.163 0.0000000000
53484  -24.570  -28.260  17.129 0.0000000000
53485  -24.972  -28.522  16.311 0.0000000000
53486  -30.303  -28.109  16.497 0.0000000000
53487  -30.809  -28.023  16.185 0.0000000000
53488  -31.299  -28.102  15.786 0.0000000000
53497  -24.617  -28.064  16.171 0.0000000000
53498  -24.958  -28.515  15.569 0.0000000000
53499  -30.102  -27.904  15.924 0.0000000000
53500  -30.681  -27.853  15.198 0.0000000000
53501  -31.223  -28.233  15.368 0.0000000000
53508  -24.632  -28.132  15.341 0.0000000000
53509  -24.876  -28.615  15.013 0.0000000000
53510  -29.847  -27.722  15.142 0.0000000000
53511  -30.020  -27.849  14.729 0.0000000000
53518  -24.690  -28.568  14.505 0.0000000000
53519  -24.956  -28.900  14.754 0.0000000000
53527  -24.455  -28.655  13.573 0.0000000000
53536  -24.411  -28.731  12.714 0.0000000000
53537  -35.745  -28.950  11.571 0.0000000000
53538  -36.402  -28.767  11.806 0.0000000000
53547  -24.615  -28.863  12.083 0.0000000000
53548  -25.004  -28.678  11.561 0.0000000000
53549  -34.793  -29.071  10.552 0.0000000000
53550  -35.324  -28.907  11.030 0.0000000000
53551  -36.078  -28.578  11.228 0.0000000000
53558  -25.613  -28.569  10.942 0.0000000000
53559  -26.429  -28.514  10.318 0.0000000000
53560  -27.019  -29.016  10.201 0.0000000000
53561  -34.647  -28.929  9.918 0.0000000000
53562  -35.211  -28.727  10.174 0.0000000000
53563  -35.819  -28.441  10.417 0.0000000000
53568  -26.736  -28.037  9.899 0.0000000000
53569  -27.361  -28.470  9.752 0.0000000000
53570  -28.439  -28.340  9.206 0.0000000000
53571  -29.467  -28.683  9.044 0.0000000000
53572  -30.472  -28.836  8.961 0.0000000000
53573  -31.506  -28.954  8.972 0.0000000000
53574  -32.522  -29.068  8.989 0.0000000000
53575  -33.427  -28.976  9.109 0.0000000000
53576  -34.201  -28.772  9.355 0.0000000000
53577  -34.945  -28.430  9.391 0.0000000000
53578  -35.544  -28.318  9.753 0.0000000000
53583  -28.537  -27.865  8.885 0.0000000000
53584  -29.019  -27.964  8.739 0.0000000000
53585  -29.911  -28.138  8.497 0.0000000000
53586  -30.973  -28.235  8.206 0.0000000000
53587  -32.040  -28.541  8.304 0.0000000000
53588  -33.063  -28.594  8.294 0.0000000000
53589  -33.833  -28.534  8.635 0.0000000000
53590  -34.431  -28.329  8.824 0.0000000000
53595  -31.189  -27.816  7.728 0.0000000000
53596  -31.695  -28.023  7.697 0.0000000000
53597  -32.495  -28.222  7.745 0.0000000000
54558  -30.854  -26.705  27.031 0.0000000000
54559  -31.272  -26.829  27.063 0.0000000000
54560  -31.981  -26.852  27.094 0.0000000000
54573  -26.934  -27.069  26.075 0.0000000000
54574  -27.349  -27.511  26.181 0.0000000000
54575  -28.323  -27.416  26.471 0.0000000000
54576  -29.325  -27.388  26.645 0.0000000000
54577  -30.508  -27.275  26.886 0.0000000000
54578  -31.560  -27.485  26.759 0.0000000000
54579  -32.573  -27.304  26.631 0.0000000000
54580  -33.278  -27.165  26.372 0.0000000000
54588  -25.804  -27.392  25.099 0.0000000000
54589  -26.560  -27.435  25.702 0.0000000000
54590  -26.936  -27.944  25.845 0.0000000000
54591  -33.033  -27.650  26.137 0.0000000000
54592  -33.620  -27.394  25.729 0.0000000000
54602  -24.763  -26.767  24.047 0.0000000000
54603  -25.166  -27.307  24.298 0.0000000000
54604  -33.836  -27.516  24.882 0.0000000000
54614  -24.630  -27.173  23.533 0.0000000000
54615  -24.949  -27.686  23.711 0.0000000000
54630  -24.431  -27.484  22.594 0.0000000000
54646  -24.417  -27.632  21.561 0.0000000000
54660  -24.578  -27.716  20.686 0.0000000000
54672  -24.809  -27.475  19.885 0.0000000000
54684  -24.727  -27.428  18.833 0.0000000000
54690  -24.470  -27.438  17.817 0.0000000000
54697  -24.462  -27.406  16.806 0.0000000000
54704  -24.428  -27.405  15.839 0.0000000000
54711  -24.452  -27.549  14.919 0.0000000000
54720  -24.408  -27.677  14.011 0.0000000000
54731  -24.383  -27.779  13.066 0.0000000000
54741  -24.619  -27.970  12.108 0.0000000000
54742  -25.160  -27.738  11.309 0.0000000000
54749  -25.773  -27.626  10.634 0.0000000000
54750  -26.381  -27.524  10.116 0.0000000000
54751  -36.501  -28.107  10.595 0.0000000000
54757  -26.920  -27.528  9.623 0.0000000000
54758  -27.722  -27.531  9.123 0.0000000000
54759  -28.273  -27.781  8.958 0.0000000000
54760  -35.463  -28.000  9.244 0.0000000000
54761  -36.130  -27.838  9.625 0.0000000000
54767  -27.913  -27.047  8.784 0.0000000000
54768  -28.449  -27.339  8.684 0.0000000000
54769  -29.401  -27.295  8.291 0.0000000000
54770  -30.248  -27.583  8.025 0.0000000000
54771  -30.821  -27.633  7.749 0.0000000000
54772  -33.636  -28.345  8.117 0.0000000000
54773  -34.168  -28.122  8.174 0.0000000000
54774  -34.979  -27.834  8.570 0.0000000000
54775  -35.675  -27.618  8.901 0.0000000000
54780  -29.928  -27.011  7.863 0.0000000000
54781  -30.490  -27.096  7.611 0.0000000000
54782  -31.282  -27.289  7.330 0.0000000000
54783  -32.283  -27.640  7.239 0.0000000000
54784  -33.397  -27.910  7.537 0.0000000000
54785  -34.533  -27.461  7.627 0.0000000000
54786  -35.118  -27.443  8.022 0.0000000000
54801  -33.928  -27.172  6.912 0.0000000000
54802  -34.458  -27.048  7.112 0.0000000000
55722  -31.084  -26.341  27.130 0.0000000000
55723  -31.688  -26.218  27.281 0.0000000000
55724  -32.808  -26.195  27.203 0.0000000000
55725  -33.549  -25.908  27.024 0.0000000000
55730  -27.229  -26.789  26.199 0.0000000000
55731  -27.832  -26.617  26.374 0.0000000000
55732  -28.783  -26.536  26.498 0.0000000000
55733  -29.773  -26.432  26.692 0.0000000000
55734  -30.582  -26.322  26.954 0.0000000000
55735  -33.148  -26.805  26.716 0.0000000000
55736  -33.898  -26.452  26.454 0.0000000000
55744  -26.143  -26.651  25.432 0.0000000000
55745  -26.833  -26.485  25.878 0.0000000000
55746  -27.397  -26.256  26.108 0.0000000000
55747  -34.161  -26.872  25.719 0.0000000000
55759  -25.017  -26.298  24.440 0.0000000000
55760  -25.574  -26.563  24.938 0.0000000000
55774  -23.868  -25.868  23.256 0.0000000000
55775  -24.418  -26.203  23.801 0.0000000000
55790  -23.618  -26.021  22.520 0.0000000000
55791  -24.095  -26.629  22.981 0.0000000000
55806  -23.608  -26.079  21.602 0.0000000000
55807  -23.978  -26.802  22.005 0.0000000000
55823  -23.666  -25.942  21.002 0.0000000000
55824  -24.250  -26.635  20.782 0.0000000000
55837  -25.021  -26.532  19.565 0.0000000000
55838  -25.940  -26.142  19.498 0.0000000000
55839  -26.412  -26.093  19.450 0.0000000000
55848  -24.913  -26.753  18.399 0.0000000000
55849  -25.866  -26.396  18.842 0.0000000000
55850  -26.284  -26.268  19.300 0.0000000000
55856  -24.688  -26.738  17.411 0.0000000000
55857  -25.304  -26.365  17.768 0.0000000000
55863  -24.614  -26.486  16.430 0.0000000000
55864  -24.958  -26.315  17.130 0.0000000000
55870  -24.392  -26.663  15.342 0.0000000000
55876  -24.397  -26.769  14.442 0.0000000000
55888  -24.528  -26.689  13.538 0.0000000000
55889  -24.960  -26.212  12.893 0.0000000000
55900  -24.673  -26.999  12.552 0.0000000000
55901  -25.183  -26.400  12.112 0.0000000000
55908  -24.904  -27.088  11.787 0.0000000000
55909  -25.524  -26.556  11.192 0.0000000000
55910  -26.171  -26.169  10.698 0.0000000000
55918  -26.030  -26.859  10.467 0.0000000000
55919  -26.604  -26.545  9.983 0.0000000000
55920  -27.162  -26.290  9.502 0.0000000000
55929  -27.115  -26.910  9.363 0.0000000000
55930  -27.555  -26.634  8.980 0.0000000000
55941  -28.100  -26.577  8.652 0.0000000000
55942  -28.760  -26.525  8.307 0.0000000000
55943  -29.483  -26.485  7.871 0.0000000000
55944  -35.507  -27.410  8.349 0.0000000000
55945  -36.294  -27.095  8.709 0.0000000000
55958  -30.069  -26.556  7.587 0.0000000000
55959  -30.637  -26.408  7.214 0.0000000000
55961  -34.751  -27.002  7.263 0.0000000000
55962  -35.391  -26.995  7.615 0.0000000000
56995  -31.085  -25.587  27.151 0.0000000000
56996  -31.967  -25.366  27.416 0.0000000000
56997  -32.710  -25.078  27.415 0.0000000000
56998  -33.490  -25.238  27.272 0.0000000000
57011  -27.738  -26.035  26.127 0.0000000000
57012  -28.277  -25.891  26.150 0.0000000000
57013  -29.286  -25.499  26.218 0.0000000000
57014  -30.254  -25.550  26.686 0.0000000000
57015  -33.961  -25.659  26.934 0.0000000000
57031  -25.923  -26.140  25.223 0.0000000000
57032  -26.440  -25.855  25.429 0.0000000000
57033  -27.557  -25.491  25.611 0.0000000000
57034  -28.592  -25.274  25.730 0.0000000000
57035  -29.107  -25.015  25.742 0.0000000000
57051  -24.856  -25.357  24.302 0.0000000000
57052  -25.711  -25.507  24.885 0.0000000000
57053  -26.730  -25.017  25.094 0.0000000000
57054  -27.379  -24.854  25.061 0.0000000000
57075  -23.601  -25.141  22.957 0.0000000000
57076  -24.204  -25.165  23.661 0.0000000000
57093  -23.347  -25.294  22.088 0.0000000000
57109  -23.312  -25.438  21.292 0.0000000000
57126  -23.463  -25.545  20.789 0.0000000000
57127  -23.842  -25.870  20.601 0.0000000000
57138  -23.582  -25.404  20.375 0.0000000000
57139  -24.269  -25.750  20.004 0.0000000000
57140  -25.344  -25.723  19.583 0.0000000000
57141  -26.427  -25.644  19.514 0.0000000000
57142  -26.921  -25.301  19.478 0.0000000000
57149  -26.455  -26.244  18.603 0.0000000000
57150  -26.779  -26.176  19.135 0.0000000000
57151  -27.431  -25.530  19.265 0.0000000000
57152  -27.990  -25.278  19.156 0.0000000000
57158  -26.096  -26.103  17.978 0.0000000000
57159  -26.923  -26.091  18.304 0.0000000000
57160  -27.708  -26.040  18.761 0.0000000000
57161  -28.282  -25.550  19.012 0.0000000000
57168  -24.898  -25.904  16.253 0.0000000000
57169  -25.435  -25.858  16.876 0.0000000000
57170  -26.573  -25.756  17.375 0.0000000000
57171  -27.579  -25.723  17.821 0.0000000000
57172  -28.253  -25.557  18.333 0.0000000000
57179  -24.650  -25.912  15.668 0.0000000000
57180  -25.157  -25.583  15.998 0.0000000000
57192  -24.479  -25.937  14.754 0.0000000000
57193  -24.980  -25.335  15.183 0.0000000000
57206  -24.488  -26.143  14.114 0.0000000000
57207  -25.116  -25.430  13.851 0.0000000000
57208  -25.876  -24.892  13.716 0.0000000000
57219  -25.538  -25.690  12.525 0.0000000000
57220  -26.022  -25.010  13.019 0.0000000000
57233  -25.609  -25.924  11.803 0.0000000000
57234  -26.493  -25.354  11.593 0.0000000000
57235  -27.705  -24.915  11.067 0.0000000000
57236  -28.347  -24.724  10.917 0.0000000000
57248  -26.598  -25.886  10.591 0.0000000000
57249  -27.238  -25.602  10.184 0.0000000000
57250  -28.106  -24.894  10.304 0.0000000000
57264  -27.569  -25.892  9.184 0.0000000000
57265  -27.994  -25.278  9.473 0.0000000000
57282  -27.823  -26.185  8.815 0.0000000000
57283  -28.287  -25.716  8.680 0.0000000000
57284  -29.083  -25.717  8.011 0.0000000000
57300  -29.876  -25.753  7.479 0.0000000000
58290  -31.471  -24.771  27.250 0.0000000000
58291  -32.177  -24.287  27.438 0.0000000000
58292  -33.140  -24.267  27.455 0.0000000000
58293  -34.021  -24.355  27.385 0.0000000000
58311  -30.016  -24.861  26.344 0.0000000000
58312  -30.771  -24.557  26.808 0.0000000000
58313  -31.461  -24.073  27.204 0.0000000000
58329  -28.380  -24.910  25.298 0.0000000000
58330  -28.965  -24.800  25.379 0.0000000000
58331  -29.625  -24.492  25.612 0.0000000000
58332  -30.274  -24.261  26.179 0.0000000000
58343  -25.417  -24.717  24.433 0.0000000000
58344  -26.248  -24.303  24.467 0.0000000000
58345  -27.231  -24.406  24.613 0.0000000000
58346  -28.011  -24.607  24.808 0.0000000000
58347  -28.824  -24.510  24.882 0.0000000000
58348  -29.238  -24.476  25.115 0.0000000000
58361  -24.006  -24.095  23.293 0.0000000000
58362  -24.882  -24.283  23.997 0.0000000000
58363  -25.580  -24.182  24.216 0.0000000000
58371  -23.377  -24.318  22.457 0.0000000000
58383  -22.577  -24.065  21.032 0.0000000000
58384  -23.023  -24.624  21.597 0.0000000000
58401  -22.669  -24.256  20.210 0.0000000000
58402  -23.002  -24.967  20.705 0.0000000000
58413  -22.813  -24.280  19.748 0.0000000000
58414  -23.398  -24.781  19.750 0.0000000000
58415  -24.580  -25.152  19.382 0.0000000000
58416  -25.643  -25.055  19.404 0.0000000000
58417  -26.521  -24.964  19.453 0.0000000000
58418  -27.134  -25.052  19.414 0.0000000000
58425  -23.922  -24.511  18.843 0.0000000000
58426  -24.906  -24.657  18.805 0.0000000000
58427  -25.903  -24.394  18.828 0.0000000000
58428  -26.894  -24.577  19.129 0.0000000000
58429  -27.658  -24.903  19.210 0.0000000000
58430  -28.300  -24.962  19.028 0.0000000000
58439  -24.317  -24.253  18.263 0.0000000000
58440  -25.085  -24.189  18.211 0.0000000000
58441  -25.575  -24.004  18.282 0.0000000000
58442  -28.905  -25.063  18.453 0.0000000000
58443  -29.684  -24.789  17.611 0.0000000000
58444  -30.321  -24.680  17.113 0.0000000000
58454  -25.575  -25.491  16.276 0.0000000000
58455  -26.127  -25.403  16.481 0.0000000000
58456  -27.132  -25.322  16.761 0.0000000000
58457  -28.506  -25.228  17.157 0.0000000000
58458  -29.682  -24.690  16.429 0.0000000000
58459  -30.346  -24.652  16.657 0.0000000000
58474  -25.602  -25.166  15.811 0.0000000000
58475  -26.398  -24.895  15.841 0.0000000000
58476  -27.445  -24.893  15.841 0.0000000000
58477  -28.496  -24.735  15.623 0.0000000000
58478  -29.244  -24.307  15.142 0.0000000000
58496  -25.658  -24.820  14.988 0.0000000000
58497  -26.563  -24.612  14.932 0.0000000000
58498  -27.495  -24.517  14.742 0.0000000000
58499  -28.372  -24.372  14.463 0.0000000000
58500  -29.103  -24.202  14.134 0.0000000000
58501  -31.608  -24.238  14.602 0.0000000000
58502  -32.115  -24.227  14.384 0.0000000000
58517  -25.912  -24.760  14.248 0.0000000000
58518  -26.580  -24.569  13.857 0.0000000000
58519  -27.549  -24.408  13.673 0.0000000000
58520  -28.393  -24.365  13.474 0.0000000000
58521  -29.194  -24.400  13.307 0.0000000000
58522  -30.051  -24.483  13.363 0.0000000000
58523  -31.172  -24.421  13.809 0.0000000000
58524  -32.267  -24.708  13.463 0.0000000000
58539  -26.865  -24.650  12.818 0.0000000000
58540  -27.680  -24.519  12.769 0.0000000000
58541  -28.506  -24.553  12.590 0.0000000000
58542  -29.434  -24.704  12.522 0.0000000000
58543  -30.457  -24.880  12.627 0.0000000000
58544  -31.512  -25.165  12.677 0.0000000000
58545  -32.538  -25.161  12.553 0.0000000000
58560  -27.135  -24.690  12.229 0.0000000000
58561  -27.670  -24.685  11.935 0.0000000000
58562  -28.633  -24.684  11.619 0.0000000000
58563  -29.759  -24.788  11.651 0.0000000000
58564  -30.832  -24.872  11.724 0.0000000000
58565  -31.848  -24.968  11.683 0.0000000000
58566  -32.818  -24.917  11.585 0.0000000000
58581  -29.008  -24.602  10.664 0.0000000000
58582  -30.164  -24.586  10.774 0.0000000000
58583  -31.188  -24.572  10.868 0.0000000000
58584  -32.119  -24.536  10.740 0.0000000000
58598  -28.643  -24.733  9.615 0.0000000000
58599  -29.572  -24.404  9.758 0.0000000000
58600  -30.642  -24.113  9.964 0.0000000000
58601  -31.454  -24.172  10.290 0.0000000000
58610  -28.433  -25.059  9.038 0.0000000000
58611  -29.112  -24.781  8.581 0.0000000000
58612  -30.110  -24.074  8.963 0.0000000000
58618  -29.515  -25.153  7.822 0.0000000000
59673  -31.895  -23.199  27.317 0.0000000000
59674  -32.798  -23.295  27.576 0.0000000000
59675  -33.728  -23.369  27.592 0.0000000000
59686  -30.671  -23.835  26.356 0.0000000000
59687  -31.185  -23.591  26.786 0.0000000000
59690  -29.925  -23.909  25.147 0.0000000000
59691  -30.398  -23.619  25.577 0.0000000000
59692  -30.926  -23.248  26.184 0.0000000000
59697  -26.515  -23.672  24.022 0.0000000000
59698  -27.091  -23.759  24.104 0.0000000000
59699  -27.910  -23.890  24.155 0.0000000000
59700  -28.721  -23.975  24.295 0.0000000000
59701  -29.497  -23.979  24.688 0.0000000000
59702  -30.172  -23.521  24.715 0.0000000000
59710  -24.176  -23.382  23.137 0.0000000000
59711  -24.779  -23.301  23.402 0.0000000000
59712  -25.864  -23.492  23.797 0.0000000000
59713  -26.884  -23.259  23.575 0.0000000000
59714  -27.747  -23.236  23.583 0.0000000000
59715  -28.603  -23.335  23.618 0.0000000000
59716  -29.400  -23.410  23.799 0.0000000000
59717  -29.966  -23.384  24.082 0.0000000000
59720  -23.729  -23.284  22.674 0.0000000000
59721  -24.338  -22.966  22.959 0.0000000000
59724  -22.639  -23.267  21.090 0.0000000000
59725  -23.025  -23.517  21.805 0.0000000000
59736  -22.506  -23.478  20.451 0.0000000000
59743  -22.579  -23.661  19.583 0.0000000000
59744  -22.916  -24.242  19.505 0.0000000000
59751  -22.631  -23.356  18.625 0.0000000000
59752  -23.110  -24.092  19.030 0.0000000000
59753  -25.926  -23.872  18.331 0.0000000000
59754  -26.574  -23.999  18.628 0.0000000000
59755  -27.421  -24.290  18.830 0.0000000000
59756  -27.938  -24.618  18.911 0.0000000000
59762  -22.588  -23.108  17.778 0.0000000000
59763  -23.411  -23.786  17.996 0.0000000000
59764  -24.408  -23.830  17.670 0.0000000000
59765  -25.385  -23.622  17.729 0.0000000000
59766  -26.203  -23.542  18.043 0.0000000000
59767  -27.051  -23.577  18.359 0.0000000000
59768  -28.197  -24.130  18.508 0.0000000000
59769  -29.350  -24.121  18.118 0.0000000000
59770  -30.548  -24.058  17.630 0.0000000000
59771  -31.420  -23.417  17.374 0.0000000000
59779  -22.597  -22.812  17.298 0.0000000000
59780  -22.972  -23.159  17.153 0.0000000000
59781  -23.773  -23.381  17.068 0.0000000000
59782  -24.617  -23.334  17.121 0.0000000000
59783  -30.354  -24.486  16.231 0.0000000000
59784  -30.830  -24.460  16.708 0.0000000000
59785  -31.548  -24.031  16.937 0.0000000000
59799  -30.050  -24.277  15.518 0.0000000000
59800  -30.732  -24.310  15.736 0.0000000000
59801  -31.418  -24.177  16.012 0.0000000000
59815  -29.812  -24.150  14.608 0.0000000000
59816  -30.485  -24.189  14.893 0.0000000000
59817  -31.174  -24.212  14.968 0.0000000000
59818  -31.890  -24.139  15.238 0.0000000000
59830  -29.698  -24.197  13.879 0.0000000000
59831  -30.346  -24.185  14.134 0.0000000000
59832  -30.799  -24.235  14.441 0.0000000000
59867  -31.865  -24.059  10.213 0.0000000000
59880  -30.723  -23.819  9.295 0.0000000000
60926  -31.996  -22.285  27.141 0.0000000000
60927  -32.604  -22.334  27.481 0.0000000000
60928  -33.444  -22.380  27.745 0.0000000000
60933  -31.439  -22.621  26.573 0.0000000000
60936  -30.607  -23.045  24.855 0.0000000000
60937  -30.976  -22.576  25.538 0.0000000000
60942  -30.493  -23.001  24.097 0.0000000000
60943  -30.971  -22.433  24.438 0.0000000000
60950  -24.883  -22.697  22.840 0.0000000000
60951  -25.628  -22.729  22.999 0.0000000000
60952  -26.578  -22.743  23.024 0.0000000000
60953  -27.516  -22.674  23.006 0.0000000000
60954  -28.433  -22.710  22.992 0.0000000000
60955  -29.320  -22.847  23.003 0.0000000000
60956  -30.163  -22.898  23.286 0.0000000000
60957  -30.909  -22.474  23.473 0.0000000000
60960  -23.602  -22.727  21.970 0.0000000000
60961  -24.396  -22.537  22.307 0.0000000000
60962  -25.403  -22.232  22.259 0.0000000000
60963  -26.329  -22.192  22.448 0.0000000000
60964  -27.248  -22.187  22.489 0.0000000000
60965  -28.185  -22.193  22.450 0.0000000000
60966  -29.124  -22.277  22.376 0.0000000000
60967  -30.046  -22.345  22.477 0.0000000000
60968  -30.715  -22.322  22.734 0.0000000000
60971  -22.656  -22.801  20.672 0.0000000000
60972  -23.145  -22.569  21.229 0.0000000000
60973  -24.121  -22.112  21.447 0.0000000000
60974  -24.887  -22.017  21.771 0.0000000000
60982  -22.553  -22.760  20.022 0.0000000000
60983  -22.982  -22.103  20.383 0.0000000000
60984  -23.597  -21.876  20.822 0.0000000000
60989  -22.507  -22.540  19.192 0.0000000000
60990  -22.745  -22.084  19.745 0.0000000000
60998  -22.388  -22.507  18.366 0.0000000000
61007  -22.380  -22.363  17.609 0.0000000000
61008  -25.843  -23.245  17.558 0.0000000000
61009  -26.389  -23.072  17.636 0.0000000000
61010  -27.392  -22.924  17.866 0.0000000000
61011  -28.589  -23.110  18.080 0.0000000000
61012  -29.695  -23.095  18.019 0.0000000000
61013  -30.657  -22.926  17.760 0.0000000000
61024  -22.639  -22.436  16.821 0.0000000000
61025  -23.320  -22.793  16.451 0.0000000000
61026  -24.216  -22.956  16.396 0.0000000000
61027  -25.387  -22.776  16.907 0.0000000000
61028  -26.397  -22.338  17.276 0.0000000000
61029  -27.131  -22.048  17.380 0.0000000000
61044  -22.882  -22.150  16.012 0.0000000000
61045  -23.681  -22.329  15.615 0.0000000000
61046  -24.649  -22.442  15.844 0.0000000000
61047  -25.321  -22.040  16.098 0.0000000000
61059  -24.333  -22.097  15.149 0.0000000000
61060  -25.048  -21.993  15.353 0.0000000000
61061  -25.477  -21.766  15.645 0.0000000000
62160  -31.864  -21.877  26.721 0.0000000000
62161  -32.426  -21.517  27.063 0.0000000000
62162  -33.258  -21.417  27.552 0.0000000000
62165  -31.518  -21.666  26.042 0.0000000000
62166  -32.061  -21.386  26.513 0.0000000000
62169  -31.507  -21.670  24.966 0.0000000000
62170  -31.911  -21.229  24.823 0.0000000000
62175  -31.531  -21.945  23.837 0.0000000000
62176  -32.067  -21.400  24.268 0.0000000000
62183  -31.415  -21.967  22.843 0.0000000000
62184  -32.120  -21.477  23.283 0.0000000000
62187  -25.438  -21.591  21.795 0.0000000000
62188  -26.118  -21.459  22.112 0.0000000000
62189  -26.965  -21.445  22.425 0.0000000000
62190  -27.914  -21.564  22.429 0.0000000000
62191  -28.875  -21.647  22.303 0.0000000000
62192  -29.885  -21.628  22.298 0.0000000000
62193  -30.908  -21.641  22.168 0.0000000000
62194  -31.908  -21.281  22.314 0.0000000000
62198  -24.184  -21.464  20.879 0.0000000000
62199  -24.889  -21.328  21.357 0.0000000000
62207  -23.020  -21.679  19.872 0.0000000000
62208  -23.633  -21.228  20.095 0.0000000000
62210  -22.448  -22.001  18.767 0.0000000000
62211  -22.859  -21.408  19.203 0.0000000000
62212  -23.370  -20.947  19.484 0.0000000000
62214  -22.416  -21.576  18.264 0.0000000000
62215  -22.719  -21.088  18.606 0.0000000000
62222  -22.439  -21.608  17.291 0.0000000000
62223  -27.872  -22.261  17.677 0.0000000000
62224  -28.710  -22.096  17.642 0.0000000000
62225  -29.756  -21.982  17.619 0.0000000000
62239  -22.555  -21.632  16.483 0.0000000000
62240  -25.818  -21.959  16.704 0.0000000000
62241  -26.523  -21.638  16.834 0.0000000000
62242  -27.574  -21.363  17.110 0.0000000000
62243  -28.747  -20.933  17.041 0.0000000000
62265  -22.658  -21.527  15.909 0.0000000000
62266  -23.009  -21.637  15.394 0.0000000000
62267  -25.862  -21.575  16.109 0.0000000000
62268  -26.728  -21.308  16.031 0.0000000000
62269  -27.868  -20.940  15.911 0.0000000000
62270  -28.496  -20.688  16.306 0.0000000000
62280  -23.726  -21.576  14.744 0.0000000000
62281  -24.709  -21.702  14.639 0.0000000000
62282  -25.791  -21.562  15.074 0.0000000000
62294  -24.286  -21.202  14.046 0.0000000000
63434  -32.384  -21.035  26.622 0.0000000000
63435  -33.057  -20.500  26.723 0.0000000000
63443  -31.710  -21.307  25.568 0.0000000000
63444  -32.084  -20.860  25.944 0.0000000000
63445  -32.874  -20.142  25.470 0.0000000000
63448  -31.865  -21.131  25.244 0.0000000000
63449  -32.293  -20.775  24.863 0.0000000000
63450  -33.119  -20.344  24.480 0.0000000000
63458  -32.677  -20.914  23.899 0.0000000000
63477  -25.647  -20.708  21.868 0.0000000000
63478  -26.599  -20.439  22.682 0.0000000000
63479  -27.621  -20.844  22.836 0.0000000000
63480  -28.609  -21.095  22.698 0.0000000000
63481  -29.622  -21.104  22.482 0.0000000000
63482  -30.743  -20.677  21.977 0.0000000000
63489  -24.512  -20.715  20.768 0.0000000000
63490  -25.033  -20.520  21.369 0.0000000000
63501  -24.228  -20.460  20.105 0.0000000000
63503  -23.262  -20.795  19.179 0.0000000000
63504  -23.735  -20.428  19.415 0.0000000000
63506  -22.650  -20.973  18.329 0.0000000000
63507  -23.123  -20.498  18.562 0.0000000000
63508  -23.656  -20.075  18.923 0.0000000000
63510  -22.586  -20.893  17.819 0.0000000000
63511  -22.901  -20.267  17.531 0.0000000000
63517  -22.653  -20.826  16.887 0.0000000000
63518  -22.837  -20.274  16.997 0.0000000000
63541  -22.550  -21.109  16.218 0.0000000000
63542  -22.615  -20.962  15.701 0.0000000000
63564  -22.955  -20.848  14.945 0.0000000000
63578  -23.627  -20.650  14.157 0.0000000000
64891  -25.866  -19.765  22.371 0.0000000000
64903  -24.819  -19.968  21.118 0.0000000000
64904  -25.285  -19.880  21.700 0.0000000000
64917  -24.569  -19.996  20.526 0.0000000000
64920  -24.372  -19.853  19.869 0.0000000000
64922  -23.680  -19.820  18.579 0.0000000000
64923  -24.081  -19.638  19.114 0.0000000000
64925  -23.499  -19.645  17.874 0.0000000000
64926  -24.003  -19.333  18.422 0.0000000000
64928  -22.761  -20.284  16.596 0.0000000000
64929  -23.073  -19.806  16.984 0.0000000000
64938  -22.626  -20.622  16.243 0.0000000000
64939  -22.763  -19.990  15.898 0.0000000000
64958  -23.125  -19.835  14.730 0.0000000000
66218  -25.524  -19.213  22.000 0.0000000000
66219  -26.092  -18.847  22.546 0.0000000000
66238  -24.746  -19.609  20.861 0.0000000000
66239  -25.040  -19.165  21.249 0.0000000000
66240  -25.695  -18.533  21.791 0.0000000000
66257  -24.673  -19.381  20.467 0.0000000000
66258  -24.959  -18.701  20.447 0.0000000000
66262  -24.539  -19.110  19.749 0.0000000000
66263  -24.959  -18.436  19.611 0.0000000000
66265  -24.446  -18.891  18.885 0.0000000000
66266  -24.935  -18.269  18.704 0.0000000000
66268  -23.562  -19.309  17.303 0.0000000000
66269  -24.234  -18.711  17.689 0.0000000000
66270  -24.968  -18.093  18.038 0.0000000000
66272  -23.433  -19.157  16.654 0.0000000000
66273  -23.981  -18.441  16.390 0.0000000000
66275  -23.269  -18.988  15.583 0.0000000000
67559  -25.410  -18.394  21.066 0.0000000000
67560  -26.062  -17.759  21.317 0.0000000000
67578  -25.475  -18.016  20.377 0.0000000000
67579  -26.237  -17.351  20.220 0.0000000000
67587  -25.524  -17.826  19.441 0.0000000000
67588  -26.180  -17.372  19.138 0.0000000000
67590  -25.517  -17.764  18.536 0.0000000000
67591  -26.102  -17.354  18.234 0.0000000000
67593  -24.815  -18.112  17.600 0.0000000000
67594  -25.372  -17.721  17.648 0.0000000000
67595  -26.040  -17.286  17.412 0.0000000000
67598  -24.731  -18.032  17.011 0.0000000000
68791  -26.824  -16.891  19.630 0.0000000000
68800  -26.740  -16.939  18.756 0.0000000000
68804  -26.628  -16.902  17.919 0.0000000000
