#!ascii label  , from subject ab_data vox2ras=TkReg
1108
64050  -32.836  -20.391  -15.734 0.0000000000
64051  -33.609  -20.350  -15.399 0.0000000000
64052  -34.464  -20.413  -15.184 0.0000000000
64053  -35.392  -20.396  -15.212 0.0000000000
64054  -36.279  -20.348  -15.563 0.0000000000
64055  -36.854  -20.024  -15.908 0.0000000000
64077  -32.213  -20.505  -16.350 0.0000000000
64078  -36.729  -20.691  -16.010 0.0000000000
64079  -37.141  -20.350  -16.501 0.0000000000
64103  -37.412  -20.334  -17.372 0.0000000000
65476  -35.370  -18.707  -14.746 0.0000000000
65477  -35.810  -18.642  -14.880 0.0000000000
65484  -33.214  -19.463  -15.463 0.0000000000
65485  -34.043  -19.514  -15.022 0.0000000000
65486  -34.970  -19.549  -14.823 0.0000000000
65487  -35.932  -19.243  -15.038 0.0000000000
65488  -36.689  -19.271  -15.599 0.0000000000
65489  -37.181  -19.321  -16.209 0.0000000000
65497  -32.013  -19.609  -16.768 0.0000000000
65498  -32.555  -19.522  -16.075 0.0000000000
65499  -37.428  -19.381  -17.039 0.0000000000
65512  -37.322  -19.348  -18.025 0.0000000000
65529  -36.913  -19.289  -19.117 0.0000000000
66786  -34.291  -17.904  -14.772 0.0000000000
66787  -35.010  -17.960  -14.598 0.0000000000
66788  -35.834  -18.013  -14.837 0.0000000000
66789  -36.260  -17.644  -15.044 0.0000000000
66803  -32.876  -18.534  -15.769 0.0000000000
66804  -33.667  -18.436  -15.138 0.0000000000
66805  -34.545  -18.701  -14.747 0.0000000000
66806  -36.041  -18.544  -14.974 0.0000000000
66807  -36.470  -18.214  -15.271 0.0000000000
66808  -37.106  -18.353  -15.923 0.0000000000
66819  -31.845  -18.768  -17.126 0.0000000000
66820  -32.310  -18.629  -16.465 0.0000000000
66821  -37.379  -18.414  -16.718 0.0000000000
66831  -37.318  -18.400  -17.680 0.0000000000
66845  -36.868  -18.313  -18.642 0.0000000000
68073  -33.732  -17.205  -15.012 0.0000000000
68074  -34.561  -17.161  -14.615 0.0000000000
68075  -35.385  -17.163  -14.623 0.0000000000
68076  -36.080  -17.123  -14.860 0.0000000000
68092  -32.571  -17.477  -16.199 0.0000000000
68093  -33.186  -17.675  -15.540 0.0000000000
68094  -36.535  -17.183  -15.262 0.0000000000
68095  -36.996  -17.344  -15.748 0.0000000000
68108  -31.713  -18.108  -17.406 0.0000000000
68109  -32.005  -17.857  -16.891 0.0000000000
68110  -37.297  -17.439  -16.464 0.0000000000
68120  -31.441  -17.723  -17.938 0.0000000000
68121  -31.738  -17.447  -17.351 0.0000000000
68122  -37.351  -17.490  -17.357 0.0000000000
68130  -36.356  -17.231  -19.256 0.0000000000
68131  -37.069  -17.397  -18.329 0.0000000000
68150  -37.753  -16.387  -20.139 0.0000000000
69303  -33.503  -16.159  -15.153 0.0000000000
69304  -34.114  -16.335  -14.716 0.0000000000
69305  -34.925  -16.343  -14.585 0.0000000000
69306  -35.714  -16.333  -14.743 0.0000000000
69321  -32.595  -16.213  -16.269 0.0000000000
69322  -33.066  -16.714  -15.596 0.0000000000
69323  -36.361  -16.340  -15.090 0.0000000000
69324  -36.869  -16.378  -15.597 0.0000000000
69335  -32.045  -16.724  -17.009 0.0000000000
69336  -37.253  -16.420  -16.253 0.0000000000
69346  -31.320  -16.622  -18.338 0.0000000000
69347  -31.585  -16.842  -17.664 0.0000000000
69348  -37.393  -16.528  -17.126 0.0000000000
69357  -30.897  -16.783  -19.124 0.0000000000
69358  -36.768  -16.211  -18.875 0.0000000000
69359  -37.260  -16.682  -17.950 0.0000000000
69375  -37.365  -15.846  -20.314 0.0000000000
69376  -38.144  -16.001  -19.837 0.0000000000
69379  -41.833  -15.900  -19.070 0.0000000000
70556  -33.442  -15.575  -15.239 0.0000000000
70557  -33.779  -15.569  -14.906 0.0000000000
70558  -34.438  -15.541  -14.645 0.0000000000
70559  -35.254  -15.519  -14.659 0.0000000000
70573  -32.649  -15.318  -16.317 0.0000000000
70574  -33.035  -15.544  -15.678 0.0000000000
70575  -35.997  -15.506  -14.929 0.0000000000
70576  -36.598  -15.484  -15.392 0.0000000000
70588  -32.328  -15.513  -17.000 0.0000000000
70589  -37.141  -15.438  -15.946 0.0000000000
70598  -31.451  -16.004  -18.363 0.0000000000
70599  -31.690  -15.781  -17.954 0.0000000000
70600  -37.400  -15.329  -16.928 0.0000000000
70610  -31.314  -15.639  -18.843 0.0000000000
70611  -31.585  -15.409  -18.432 0.0000000000
70612  -36.936  -15.118  -18.802 0.0000000000
70613  -37.256  -15.733  -17.986 0.0000000000
70623  -30.388  -15.432  -20.468 0.0000000000
70624  -30.545  -16.016  -19.720 0.0000000000
70625  -36.592  -15.256  -19.594 0.0000000000
70626  -37.347  -15.302  -20.360 0.0000000000
70627  -37.897  -15.190  -20.193 0.0000000000
70628  -38.857  -15.431  -19.728 0.0000000000
70629  -39.985  -15.657  -19.254 0.0000000000
70630  -41.149  -15.629  -19.190 0.0000000000
70631  -42.279  -15.445  -19.582 0.0000000000
70632  -42.901  -15.927  -19.453 0.0000000000
70642  -36.532  -15.263  -20.181 0.0000000000
70643  -36.874  -15.260  -20.423 0.0000000000
70644  -37.400  -15.023  -20.358 0.0000000000
70645  -42.721  -15.077  -20.098 0.0000000000
70646  -43.313  -15.550  -20.070 0.0000000000
71768  -33.457  -15.026  -15.266 0.0000000000
71769  -33.934  -14.790  -14.803 0.0000000000
71770  -34.698  -14.695  -14.594 0.0000000000
71771  -35.527  -14.700  -14.751 0.0000000000
71784  -32.795  -14.922  -16.087 0.0000000000
71785  -33.058  -14.449  -15.820 0.0000000000
71786  -36.209  -14.653  -15.133 0.0000000000
71787  -36.789  -14.555  -15.624 0.0000000000
71803  -32.589  -14.410  -16.682 0.0000000000
71804  -32.890  -13.710  -16.265 0.0000000000
71805  -37.267  -14.423  -16.248 0.0000000000
71815  -32.162  -14.622  -17.750 0.0000000000
71816  -37.532  -14.215  -17.018 0.0000000000
71825  -31.454  -14.623  -19.189 0.0000000000
71826  -31.710  -14.840  -18.538 0.0000000000
71827  -37.035  -14.671  -18.792 0.0000000000
71828  -37.332  -14.473  -18.207 0.0000000000
71836  -30.606  -14.935  -20.418 0.0000000000
71837  -30.893  -14.752  -20.001 0.0000000000
71838  -36.853  -14.419  -19.285 0.0000000000
71839  -37.126  -13.919  -18.940 0.0000000000
71840  -38.011  -14.800  -20.303 0.0000000000
71841  -38.475  -14.763  -20.155 0.0000000000
71842  -39.486  -14.777  -19.855 0.0000000000
71843  -40.593  -14.829  -19.696 0.0000000000
71844  -41.520  -14.907  -19.752 0.0000000000
71854  -30.500  -14.668  -20.857 0.0000000000
71855  -30.761  -14.263  -20.551 0.0000000000
71856  -36.554  -14.488  -19.985 0.0000000000
71857  -36.831  -14.406  -20.387 0.0000000000
71858  -37.700  -14.424  -20.422 0.0000000000
71859  -38.874  -14.055  -20.388 0.0000000000
71860  -40.069  -14.122  -20.390 0.0000000000
71861  -41.225  -14.268  -20.375 0.0000000000
71862  -42.192  -14.651  -20.285 0.0000000000
71863  -42.989  -14.815  -20.597 0.0000000000
71875  -41.862  -14.073  -20.807 0.0000000000
71876  -42.539  -14.233  -21.064 0.0000000000
73169  -33.551  -14.256  -15.259 0.0000000000
73170  -34.082  -13.717  -14.828 0.0000000000
73171  -35.002  -13.913  -14.551 0.0000000000
73172  -35.758  -13.905  -14.823 0.0000000000
73181  -33.320  -13.349  -15.708 0.0000000000
73182  -33.780  -12.991  -15.241 0.0000000000
73183  -36.373  -13.754  -15.234 0.0000000000
73184  -36.949  -13.559  -15.745 0.0000000000
73198  -32.777  -13.342  -16.871 0.0000000000
73199  -32.990  -13.106  -16.443 0.0000000000
73200  -37.391  -13.421  -16.463 0.0000000000
73215  -32.470  -13.527  -17.634 0.0000000000
73216  -37.602  -13.369  -17.432 0.0000000000
73227  -31.687  -14.203  -18.996 0.0000000000
73228  -32.020  -13.676  -18.703 0.0000000000
73229  -37.486  -13.342  -18.535 0.0000000000
73240  -31.506  -13.703  -19.595 0.0000000000
73241  -31.857  -13.238  -19.332 0.0000000000
73242  -36.636  -14.043  -19.848 0.0000000000
73243  -37.103  -13.523  -19.697 0.0000000000
73255  -30.734  -14.059  -20.853 0.0000000000
73256  -30.949  -13.655  -20.613 0.0000000000
73257  -36.733  -13.940  -20.189 0.0000000000
73258  -37.380  -13.396  -20.742 0.0000000000
73259  -38.223  -13.422  -20.983 0.0000000000
73260  -39.412  -13.394  -21.292 0.0000000000
73261  -40.744  -13.620  -21.029 0.0000000000
73262  -41.427  -13.835  -20.907 0.0000000000
73276  -30.667  -13.701  -21.473 0.0000000000
73277  -30.839  -13.405  -21.082 0.0000000000
73278  -37.844  -12.905  -21.433 0.0000000000
73279  -38.498  -12.890  -21.814 0.0000000000
74532  -34.668  -13.356  -14.741 0.0000000000
74533  -35.213  -13.225  -14.752 0.0000000000
74534  -35.892  -13.192  -14.915 0.0000000000
74560  -33.596  -12.370  -15.670 0.0000000000
74561  -34.384  -12.635  -15.024 0.0000000000
74562  -35.420  -12.475  -14.955 0.0000000000
74563  -36.360  -12.670  -15.277 0.0000000000
74564  -37.064  -12.542  -15.922 0.0000000000
74574  -32.959  -12.839  -16.845 0.0000000000
74575  -33.166  -12.393  -16.623 0.0000000000
74576  -37.499  -12.432  -16.708 0.0000000000
74592  -32.862  -12.545  -17.430 0.0000000000
74593  -33.075  -12.088  -17.259 0.0000000000
74594  -37.840  -12.280  -17.744 0.0000000000
74595  -38.203  -11.657  -18.277 0.0000000000
74612  -32.503  -12.641  -18.436 0.0000000000
74613  -37.926  -12.476  -19.122 0.0000000000
74614  -38.507  -11.445  -19.019 0.0000000000
74626  -31.731  -12.934  -19.692 0.0000000000
74627  -32.086  -12.659  -19.362 0.0000000000
74628  -37.622  -12.705  -20.416 0.0000000000
74629  -38.422  -12.024  -20.088 0.0000000000
74640  -31.459  -12.654  -20.393 0.0000000000
74641  -31.792  -12.501  -19.890 0.0000000000
74642  -37.723  -12.784  -21.271 0.0000000000
74643  -38.111  -12.265  -21.207 0.0000000000
74658  -30.746  -13.009  -21.776 0.0000000000
74659  -30.951  -12.929  -21.230 0.0000000000
74660  -37.686  -12.810  -21.426 0.0000000000
74661  -38.173  -12.388  -22.015 0.0000000000
74662  -38.583  -12.539  -22.363 0.0000000000
74680  -30.606  -13.086  -22.422 0.0000000000
74681  -30.903  -12.461  -22.073 0.0000000000
74682  -38.283  -12.021  -22.670 0.0000000000
74683  -38.687  -12.243  -22.944 0.0000000000
75863  -33.967  -11.574  -15.548 0.0000000000
75864  -34.781  -11.668  -15.210 0.0000000000
75865  -35.684  -11.646  -15.233 0.0000000000
75866  -36.521  -11.630  -15.610 0.0000000000
75867  -37.151  -11.588  -16.160 0.0000000000
75897  -33.476  -11.464  -16.332 0.0000000000
75898  -37.598  -11.447  -16.822 0.0000000000
75915  -33.018  -11.939  -17.569 0.0000000000
75916  -33.187  -11.484  -17.362 0.0000000000
75917  -37.979  -11.138  -17.512 0.0000000000
75918  -38.393  -10.832  -18.167 0.0000000000
75945  -32.871  -11.643  -18.174 0.0000000000
75946  -33.082  -11.141  -17.937 0.0000000000
75947  -38.875  -10.573  -18.782 0.0000000000
75978  -32.477  -11.760  -19.224 0.0000000000
75979  -39.311  -11.067  -19.714 0.0000000000
75980  -39.894  -10.665  -19.980 0.0000000000
76011  -31.607  -11.976  -20.708 0.0000000000
76012  -31.938  -11.839  -20.204 0.0000000000
76013  -38.904  -11.705  -20.986 0.0000000000
76014  -40.021  -11.018  -20.725 0.0000000000
76015  -40.602  -10.684  -21.059 0.0000000000
76042  -31.418  -11.901  -21.416 0.0000000000
76043  -31.716  -11.611  -20.882 0.0000000000
76044  -38.383  -11.908  -22.039 0.0000000000
76045  -39.327  -11.517  -21.955 0.0000000000
76046  -40.584  -10.996  -21.818 0.0000000000
76047  -41.195  -10.762  -22.261 0.0000000000
76061  -31.239  -11.764  -22.620 0.0000000000
76062  -38.168  -12.091  -22.464 0.0000000000
76063  -38.707  -11.837  -22.895 0.0000000000
76064  -39.766  -11.374  -22.964 0.0000000000
76065  -40.773  -10.992  -22.911 0.0000000000
77233  -34.351  -10.971  -15.524 0.0000000000
77234  -35.002  -10.845  -15.361 0.0000000000
77235  -35.850  -10.731  -15.486 0.0000000000
77236  -36.702  -10.666  -15.868 0.0000000000
77237  -37.276  -10.872  -16.314 0.0000000000
77262  -33.762  -10.513  -15.955 0.0000000000
77263  -37.094  -10.282  -16.242 0.0000000000
77264  -37.561  -10.433  -16.786 0.0000000000
77286  -33.447  -10.548  -17.050 0.0000000000
77287  -38.051  -10.186  -17.498 0.0000000000
77288  -38.515  -9.962  -18.145 0.0000000000
77311  -33.009  -10.786  -18.331 0.0000000000
77312  -33.223  -10.660  -17.839 0.0000000000
77313  -39.149  -9.704  -18.693 0.0000000000
77314  -39.541  -9.465  -18.976 0.0000000000
77340  -32.725  -10.848  -19.020 0.0000000000
77341  -39.360  -10.368  -19.108 0.0000000000
77342  -39.939  -9.993  -19.494 0.0000000000
77343  -40.391  -9.565  -19.966 0.0000000000
77370  -32.418  -10.844  -20.021 0.0000000000
77371  -40.184  -10.462  -20.156 0.0000000000
77372  -40.728  -10.069  -20.597 0.0000000000
77373  -41.214  -9.660  -21.128 0.0000000000
77401  -31.635  -11.185  -22.242 0.0000000000
77402  -32.067  -10.887  -21.289 0.0000000000
77403  -40.919  -10.504  -21.252 0.0000000000
77404  -41.551  -10.128  -21.702 0.0000000000
77405  -42.057  -9.599  -22.226 0.0000000000
77419  -31.935  -10.348  -22.687 0.0000000000
77420  -41.608  -10.593  -22.759 0.0000000000
77421  -42.227  -10.002  -22.665 0.0000000000
77436  -41.277  -10.899  -23.704 0.0000000000
77437  -42.144  -10.443  -23.541 0.0000000000
77448  -40.932  -11.113  -24.339 0.0000000000
77449  -41.887  -10.807  -24.735 0.0000000000
77450  -42.722  -10.241  -25.111 0.0000000000
77461  -42.483  -10.441  -25.788 0.0000000000
78521  -34.374  -10.312  -15.563 0.0000000000
78522  -35.037  -9.839  -15.452 0.0000000000
78523  -36.044  -9.839  -15.649 0.0000000000
78524  -36.690  -9.815  -16.014 0.0000000000
78539  -34.102  -9.523  -15.819 0.0000000000
78540  -34.660  -8.934  -15.742 0.0000000000
78541  -37.127  -9.671  -16.397 0.0000000000
78542  -37.579  -9.470  -16.950 0.0000000000
78558  -33.622  -9.498  -16.742 0.0000000000
78559  -38.107  -9.278  -17.622 0.0000000000
78560  -38.578  -9.168  -18.184 0.0000000000
78575  -33.169  -10.317  -18.248 0.0000000000
78576  -33.319  -9.672  -18.007 0.0000000000
78577  -38.907  -8.967  -18.487 0.0000000000
78578  -39.289  -9.025  -18.751 0.0000000000
78595  -33.017  -10.142  -18.746 0.0000000000
78596  -33.224  -9.302  -19.200 0.0000000000
78597  -39.715  -9.079  -19.108 0.0000000000
78598  -40.198  -9.042  -19.595 0.0000000000
78621  -32.863  -10.011  -19.671 0.0000000000
78622  -33.363  -9.211  -20.281 0.0000000000
78623  -40.629  -9.070  -20.278 0.0000000000
78624  -41.061  -9.168  -20.868 0.0000000000
78655  -32.782  -9.910  -20.779 0.0000000000
78656  -33.362  -9.055  -21.335 0.0000000000
78657  -41.460  -9.163  -21.395 0.0000000000
78658  -41.871  -9.004  -22.003 0.0000000000
78682  -32.734  -9.601  -22.081 0.0000000000
78683  -33.330  -8.806  -22.153 0.0000000000
78684  -42.302  -9.128  -22.710 0.0000000000
78697  -32.536  -9.413  -23.549 0.0000000000
78698  -33.143  -8.919  -22.831 0.0000000000
78699  -42.602  -9.501  -23.571 0.0000000000
78700  -42.930  -9.162  -23.974 0.0000000000
78710  -42.474  -10.169  -24.064 0.0000000000
78711  -42.902  -9.664  -24.487 0.0000000000
78721  -43.252  -9.716  -25.503 0.0000000000
79733  -35.496  -9.015  -15.705 0.0000000000
79734  -36.319  -9.163  -15.952 0.0000000000
79735  -36.758  -9.344  -16.186 0.0000000000
79744  -34.063  -8.401  -16.434 0.0000000000
79745  -34.968  -8.253  -16.054 0.0000000000
79746  -35.912  -8.413  -16.173 0.0000000000
79747  -36.883  -8.765  -16.460 0.0000000000
79748  -37.538  -8.557  -17.195 0.0000000000
79761  -33.532  -8.469  -17.480 0.0000000000
79762  -38.070  -8.373  -18.069 0.0000000000
79763  -38.580  -8.691  -18.358 0.0000000000
79775  -33.360  -8.448  -18.669 0.0000000000
79776  -38.188  -7.885  -18.488 0.0000000000
79777  -38.775  -8.263  -18.772 0.0000000000
79778  -39.342  -8.663  -18.975 0.0000000000
79789  -33.469  -8.380  -19.793 0.0000000000
79790  -39.019  -7.849  -19.265 0.0000000000
79791  -39.526  -8.288  -19.403 0.0000000000
79792  -40.210  -8.281  -20.057 0.0000000000
79804  -33.612  -8.318  -20.843 0.0000000000
79805  -40.818  -8.246  -20.886 0.0000000000
79806  -41.228  -8.703  -21.200 0.0000000000
79822  -33.697  -8.230  -21.820 0.0000000000
79823  -41.024  -7.821  -21.370 0.0000000000
79824  -41.486  -8.217  -21.731 0.0000000000
79825  -41.798  -8.493  -22.072 0.0000000000
79845  -33.683  -8.290  -22.725 0.0000000000
79846  -41.702  -7.805  -22.271 0.0000000000
79847  -42.038  -8.219  -22.489 0.0000000000
79868  -32.864  -8.872  -24.064 0.0000000000
79869  -33.353  -8.505  -23.692 0.0000000000
79870  -42.658  -8.399  -23.505 0.0000000000
79871  -42.869  -8.904  -23.770 0.0000000000
79880  -32.650  -9.154  -24.467 0.0000000000
79881  -33.109  -8.612  -24.637 0.0000000000
79882  -42.903  -8.164  -23.981 0.0000000000
79883  -43.068  -8.579  -24.183 0.0000000000
79893  -33.368  -8.523  -25.664 0.0000000000
79894  -43.428  -8.748  -25.035 0.0000000000
79904  -33.518  -8.747  -26.956 0.0000000000
79905  -43.816  -8.762  -26.180 0.0000000000
79915  -33.905  -8.784  -28.059 0.0000000000
79916  -34.460  -8.505  -28.577 0.0000000000
79930  -34.914  -8.881  -29.339 0.0000000000
79944  -35.943  -8.433  -30.528 0.0000000000
80970  -34.062  -7.794  -16.648 0.0000000000
80971  -34.485  -7.581  -16.584 0.0000000000
80972  -35.441  -7.650  -16.480 0.0000000000
80973  -36.351  -7.786  -16.627 0.0000000000
80974  -37.054  -7.978  -16.841 0.0000000000
80983  -33.837  -7.489  -17.071 0.0000000000
80984  -34.303  -6.813  -16.995 0.0000000000
80985  -36.774  -7.448  -16.970 0.0000000000
80986  -37.322  -7.584  -17.470 0.0000000000
80995  -33.432  -7.402  -18.157 0.0000000000
80996  -37.770  -7.429  -18.280 0.0000000000
80997  -38.248  -7.414  -18.771 0.0000000000
81006  -33.319  -7.439  -19.318 0.0000000000
81007  -38.655  -7.405  -19.224 0.0000000000
81008  -39.145  -7.405  -19.679 0.0000000000
81009  -39.697  -7.716  -19.956 0.0000000000
81019  -33.473  -7.447  -20.396 0.0000000000
81020  -39.473  -7.178  -20.186 0.0000000000
81021  -40.041  -7.435  -20.566 0.0000000000
81033  -33.747  -7.425  -21.408 0.0000000000
81034  -40.595  -7.308  -21.270 0.0000000000
81035  -41.100  -7.503  -21.681 0.0000000000
81052  -34.125  -7.410  -22.468 0.0000000000
81053  -34.482  -7.098  -23.216 0.0000000000
81054  -40.864  -6.924  -21.859 0.0000000000
81055  -41.393  -7.248  -22.288 0.0000000000
81056  -41.801  -7.525  -22.649 0.0000000000
81081  -34.089  -7.724  -23.437 0.0000000000
81082  -34.457  -7.102  -23.904 0.0000000000
81083  -41.669  -7.038  -22.903 0.0000000000
81084  -42.154  -7.282  -23.330 0.0000000000
81094  -33.944  -7.747  -24.723 0.0000000000
81095  -34.673  -6.848  -24.700 0.0000000000
81096  -42.832  -7.587  -24.339 0.0000000000
81097  -43.233  -8.113  -24.729 0.0000000000
81109  -33.985  -7.810  -26.224 0.0000000000
81110  -34.682  -7.161  -25.697 0.0000000000
81111  -42.978  -7.124  -25.047 0.0000000000
81112  -43.411  -7.634  -25.440 0.0000000000
81124  -34.154  -7.978  -27.467 0.0000000000
81125  -34.677  -7.247  -26.924 0.0000000000
81140  -34.325  -8.167  -28.149 0.0000000000
81141  -35.035  -7.612  -28.406 0.0000000000
81142  -35.820  -7.189  -28.558 0.0000000000
81154  -35.773  -8.225  -29.619 0.0000000000
81155  -36.068  -7.435  -29.188 0.0000000000
81166  -36.022  -8.413  -30.185 0.0000000000
81167  -36.248  -7.720  -30.473 0.0000000000
82150  -35.072  -6.866  -16.761 0.0000000000
82151  -35.921  -7.078  -16.801 0.0000000000
82152  -36.410  -7.257  -16.890 0.0000000000
82164  -33.769  -6.231  -17.704 0.0000000000
82165  -34.720  -6.084  -17.221 0.0000000000
82166  -35.661  -6.307  -17.148 0.0000000000
82167  -36.562  -6.781  -17.274 0.0000000000
82168  -37.205  -6.689  -17.941 0.0000000000
82178  -33.407  -6.419  -18.878 0.0000000000
82179  -37.842  -6.496  -18.743 0.0000000000
82180  -38.323  -6.946  -19.098 0.0000000000
82188  -33.306  -6.505  -19.976 0.0000000000
82189  -38.002  -5.962  -19.201 0.0000000000
82190  -38.581  -6.426  -19.632 0.0000000000
82191  -39.154  -6.854  -20.027 0.0000000000
82198  -33.506  -6.556  -20.988 0.0000000000
82199  -38.806  -5.918  -20.226 0.0000000000
82200  -39.410  -6.372  -20.619 0.0000000000
82201  -40.058  -6.868  -21.011 0.0000000000
82210  -33.794  -6.524  -21.960 0.0000000000
82211  -39.675  -5.850  -21.235 0.0000000000
82212  -40.231  -6.278  -21.538 0.0000000000
82226  -34.269  -6.365  -23.008 0.0000000000
82227  -34.487  -6.716  -23.503 0.0000000000
82228  -40.904  -6.284  -22.585 0.0000000000
82229  -41.398  -6.731  -22.796 0.0000000000
82251  -34.251  -5.933  -23.540 0.0000000000
82252  -34.466  -6.298  -23.950 0.0000000000
82253  -40.956  -5.915  -23.270 0.0000000000
82254  -41.554  -6.381  -23.464 0.0000000000
82255  -42.017  -6.729  -23.569 0.0000000000
82268  -34.708  -6.127  -24.732 0.0000000000
82269  -41.841  -6.105  -24.089 0.0000000000
82270  -42.235  -6.594  -24.002 0.0000000000
82279  -34.899  -6.358  -25.456 0.0000000000
82280  -42.639  -6.524  -24.935 0.0000000000
82281  -43.069  -6.790  -25.455 0.0000000000
82290  -35.105  -6.585  -26.432 0.0000000000
82291  -42.871  -6.188  -25.666 0.0000000000
82292  -43.375  -6.585  -26.241 0.0000000000
82303  -35.232  -6.812  -27.394 0.0000000000
82304  -35.615  -6.809  -28.090 0.0000000000
82318  -36.052  -6.877  -28.739 0.0000000000
82328  -36.352  -6.856  -29.629 0.0000000000
83287  -33.886  -5.458  -17.983 0.0000000000
83288  -34.425  -5.287  -17.747 0.0000000000
83289  -35.356  -5.338  -17.576 0.0000000000
83290  -36.227  -5.874  -17.587 0.0000000000
83291  -36.744  -6.234  -17.732 0.0000000000
83303  -33.681  -5.440  -18.575 0.0000000000
83304  -34.021  -5.072  -18.160 0.0000000000
83305  -35.577  -4.988  -17.819 0.0000000000
83306  -35.985  -5.127  -17.894 0.0000000000
83307  -36.913  -5.642  -18.206 0.0000000000
83315  -33.465  -5.552  -19.595 0.0000000000
83316  -37.550  -5.487  -18.948 0.0000000000
83317  -37.986  -5.449  -19.517 0.0000000000
83323  -33.413  -5.609  -20.642 0.0000000000
83324  -38.412  -5.431  -20.054 0.0000000000
83325  -38.831  -5.413  -20.589 0.0000000000
83333  -33.512  -5.777  -21.506 0.0000000000
83334  -39.295  -5.371  -21.108 0.0000000000
83335  -39.776  -5.328  -21.631 0.0000000000
83345  -33.682  -5.553  -22.375 0.0000000000
83346  -40.269  -5.363  -22.290 0.0000000000
83362  -33.975  -5.388  -23.351 0.0000000000
83363  -34.249  -5.674  -23.877 0.0000000000
83364  -40.602  -5.336  -23.131 0.0000000000
83365  -41.040  -5.468  -23.717 0.0000000000
83376  -34.061  -5.133  -24.140 0.0000000000
83377  -34.404  -5.646  -24.454 0.0000000000
83378  -41.512  -5.534  -24.257 0.0000000000
83379  -42.094  -5.901  -24.599 0.0000000000
83392  -34.155  -5.123  -24.831 0.0000000000
83393  -34.554  -5.589  -25.293 0.0000000000
83394  -41.845  -5.205  -24.942 0.0000000000
83395  -42.409  -5.535  -25.431 0.0000000000
83408  -34.919  -5.855  -26.127 0.0000000000
83409  -42.864  -5.535  -26.286 0.0000000000
83422  -35.385  -6.036  -27.304 0.0000000000
83423  -35.644  -6.442  -28.324 0.0000000000
83438  -35.364  -5.835  -28.526 0.0000000000
83439  -35.859  -6.487  -28.961 0.0000000000
83453  -35.080  -5.565  -29.370 0.0000000000
83454  -35.749  -6.188  -29.663 0.0000000000
83469  -35.195  -5.494  -30.514 0.0000000000
84385  -34.584  -4.914  -17.878 0.0000000000
84386  -34.841  -4.879  -17.786 0.0000000000
84401  -33.888  -4.746  -18.538 0.0000000000
84402  -34.465  -4.612  -18.152 0.0000000000
84403  -35.382  -4.548  -18.052 0.0000000000
84404  -36.345  -4.557  -18.420 0.0000000000
84405  -37.043  -4.877  -18.729 0.0000000000
84413  -33.639  -4.673  -19.218 0.0000000000
84414  -36.783  -4.295  -18.891 0.0000000000
84415  -37.385  -4.543  -19.381 0.0000000000
84416  -37.965  -4.838  -19.886 0.0000000000
84422  -33.446  -4.636  -20.215 0.0000000000
84423  -37.724  -4.253  -20.011 0.0000000000
84424  -38.277  -4.529  -20.484 0.0000000000
84425  -38.828  -4.799  -20.990 0.0000000000
84432  -33.358  -4.602  -21.530 0.0000000000
84433  -38.602  -4.180  -21.091 0.0000000000
84434  -39.218  -4.430  -21.585 0.0000000000
84435  -39.857  -4.675  -22.084 0.0000000000
84443  -33.553  -4.559  -22.800 0.0000000000
84444  -39.655  -4.029  -22.193 0.0000000000
84445  -40.221  -4.248  -22.793 0.0000000000
84460  -33.692  -4.508  -23.750 0.0000000000
84461  -40.705  -4.488  -23.890 0.0000000000
84462  -41.097  -5.030  -24.167 0.0000000000
84474  -33.745  -4.529  -24.617 0.0000000000
84475  -40.873  -4.103  -24.455 0.0000000000
84476  -41.264  -4.548  -24.722 0.0000000000
84488  -33.953  -4.729  -25.675 0.0000000000
84489  -34.479  -5.393  -25.912 0.0000000000
84490  -41.925  -4.517  -25.737 0.0000000000
84491  -42.442  -5.002  -26.012 0.0000000000
84503  -33.955  -4.430  -26.889 0.0000000000
84504  -34.532  -5.304  -26.585 0.0000000000
84505  -42.034  -4.098  -26.360 0.0000000000
84506  -42.508  -4.462  -26.669 0.0000000000
84519  -33.941  -4.366  -27.982 0.0000000000
84520  -34.619  -5.196  -27.646 0.0000000000
84535  -33.929  -4.361  -29.064 0.0000000000
84536  -34.548  -5.094  -28.678 0.0000000000
84553  -34.158  -4.452  -30.281 0.0000000000
84554  -34.514  -5.052  -29.576 0.0000000000
85608  -33.949  -4.066  -18.761 0.0000000000
85609  -34.688  -3.638  -18.608 0.0000000000
85610  -35.758  -3.601  -18.672 0.0000000000
85611  -36.405  -3.979  -18.761 0.0000000000
85628  -33.676  -3.625  -19.621 0.0000000000
85629  -34.101  -3.506  -19.024 0.0000000000
85630  -36.045  -3.106  -19.067 0.0000000000
85631  -36.637  -3.573  -19.201 0.0000000000
85632  -37.331  -3.586  -19.840 0.0000000000
85642  -33.365  -3.745  -20.649 0.0000000000
85643  -37.776  -3.702  -20.335 0.0000000000
85644  -38.189  -3.543  -20.803 0.0000000000
85654  -33.104  -2.839  -21.899 0.0000000000
85655  -33.199  -3.182  -21.536 0.0000000000
85656  -38.674  -3.498  -21.428 0.0000000000
85657  -39.215  -3.444  -21.970 0.0000000000
85667  -33.061  -2.945  -22.230 0.0000000000
85668  -33.210  -3.679  -22.405 0.0000000000
85669  -39.768  -3.313  -22.505 0.0000000000
85670  -40.101  -3.481  -22.963 0.0000000000
85685  -33.069  -3.094  -22.886 0.0000000000
85686  -33.308  -3.664  -23.381 0.0000000000
85687  -39.903  -2.990  -23.104 0.0000000000
85688  -40.310  -3.425  -23.557 0.0000000000
85700  -33.414  -3.820  -24.207 0.0000000000
85701  -40.584  -3.532  -24.396 0.0000000000
85702  -40.922  -3.831  -24.840 0.0000000000
85711  -33.382  -3.777  -25.069 0.0000000000
85712  -40.682  -3.291  -25.123 0.0000000000
85713  -41.198  -3.670  -25.536 0.0000000000
85724  -32.903  -2.975  -26.407 0.0000000000
85725  -33.239  -3.410  -26.165 0.0000000000
85726  -41.637  -3.632  -26.320 0.0000000000
85727  -42.083  -3.761  -26.743 0.0000000000
85736  -32.903  -2.994  -26.823 0.0000000000
85737  -33.402  -3.590  -27.297 0.0000000000
85738  -41.816  -3.203  -27.004 0.0000000000
85749  -32.937  -3.007  -27.570 0.0000000000
85750  -33.326  -3.449  -28.359 0.0000000000
85767  -33.543  -3.514  -29.516 0.0000000000
85783  -33.691  -3.430  -30.566 0.0000000000
86779  -34.647  -3.168  -18.834 0.0000000000
86780  -34.965  -3.095  -18.763 0.0000000000
86801  -33.809  -3.028  -19.725 0.0000000000
86802  -34.346  -2.892  -19.295 0.0000000000
86803  -35.432  -2.729  -19.157 0.0000000000
86804  -36.257  -2.688  -19.472 0.0000000000
86805  -36.883  -2.946  -19.760 0.0000000000
86826  -33.636  -2.707  -20.411 0.0000000000
86827  -34.208  -2.113  -19.976 0.0000000000
86828  -36.645  -2.390  -19.908 0.0000000000
86829  -37.441  -2.544  -20.444 0.0000000000
86830  -38.239  -2.836  -21.131 0.0000000000
86845  -33.055  -2.409  -21.882 0.0000000000
86846  -33.347  -2.536  -21.291 0.0000000000
86847  -37.973  -2.217  -21.280 0.0000000000
86848  -38.650  -2.493  -21.924 0.0000000000
86849  -39.282  -2.886  -22.245 0.0000000000
86861  -32.891  -2.486  -22.703 0.0000000000
86862  -38.824  -1.971  -22.424 0.0000000000
86863  -39.324  -2.378  -22.757 0.0000000000
86875  -32.974  -2.728  -23.633 0.0000000000
86876  -33.222  -3.326  -23.930 0.0000000000
86877  -39.826  -2.433  -23.835 0.0000000000
86878  -40.280  -2.981  -24.133 0.0000000000
86886  -32.902  -2.389  -24.570 0.0000000000
86887  -33.141  -3.159  -24.454 0.0000000000
86888  -39.823  -2.127  -24.499 0.0000000000
86889  -40.226  -2.598  -24.807 0.0000000000
86899  -32.826  -2.259  -25.387 0.0000000000
86900  -33.022  -2.964  -25.245 0.0000000000
86901  -40.721  -2.673  -25.952 0.0000000000
86902  -41.203  -3.222  -26.134 0.0000000000
86914  -32.789  -2.464  -26.262 0.0000000000
86915  -32.907  -2.783  -25.771 0.0000000000
86916  -40.845  -2.190  -27.094 0.0000000000
86917  -41.328  -2.864  -26.710 0.0000000000
86929  -32.719  -2.332  -27.206 0.0000000000
86930  -40.820  -2.023  -27.748 0.0000000000
86942  -32.913  -2.482  -28.086 0.0000000000
86943  -33.182  -2.640  -28.954 0.0000000000
86954  -33.326  -2.696  -29.851 0.0000000000
86969  -33.459  -2.716  -30.424 0.0000000000
86986  -33.639  -2.721  -31.011 0.0000000000
88019  -34.897  -2.067  -19.667 0.0000000000
88020  -35.739  -2.081  -19.668 0.0000000000
88021  -36.248  -2.179  -19.774 0.0000000000
88040  -33.913  -1.667  -20.599 0.0000000000
88041  -34.476  -1.477  -20.205 0.0000000000
88042  -35.264  -1.378  -20.025 0.0000000000
88043  -36.326  -1.634  -20.113 0.0000000000
88044  -36.962  -1.429  -20.629 0.0000000000
88060  -33.106  -1.689  -21.811 0.0000000000
88061  -33.475  -1.879  -21.282 0.0000000000
88062  -37.508  -1.462  -21.173 0.0000000000
88063  -38.057  -1.733  -21.697 0.0000000000
88071  -32.827  -1.777  -22.395 0.0000000000
88072  -37.799  -1.086  -21.785 0.0000000000
88073  -38.366  -1.391  -22.323 0.0000000000
88074  -38.881  -1.653  -22.772 0.0000000000
88082  -32.746  -1.966  -23.124 0.0000000000
88083  -38.653  -1.110  -22.960 0.0000000000
88084  -39.126  -1.470  -23.471 0.0000000000
88090  -32.754  -1.749  -23.854 0.0000000000
88091  -39.460  -1.550  -24.432 0.0000000000
88092  -39.811  -1.892  -24.927 0.0000000000
88103  -32.676  -1.553  -24.747 0.0000000000
88104  -39.504  -1.309  -25.306 0.0000000000
88105  -40.070  -1.846  -25.614 0.0000000000
88117  -32.606  -1.489  -25.669 0.0000000000
88118  -39.567  -1.149  -26.232 0.0000000000
88119  -40.227  -1.703  -26.626 0.0000000000
88129  -32.559  -1.481  -26.660 0.0000000000
88130  -39.632  -0.988  -27.271 0.0000000000
88131  -40.273  -1.561  -27.722 0.0000000000
88144  -32.701  -1.517  -27.767 0.0000000000
88145  -32.996  -1.934  -28.554 0.0000000000
88146  -39.669  -0.907  -28.233 0.0000000000
88147  -40.029  -1.273  -28.880 0.0000000000
88159  -32.867  -1.327  -28.627 0.0000000000
88160  -33.171  -1.825  -29.331 0.0000000000
88172  -33.383  -2.077  -30.246 0.0000000000
88187  -33.566  -1.958  -30.988 0.0000000000
88196  -33.973  -2.502  -32.002 0.0000000000
89131  -34.133  -1.137  -20.615 0.0000000000
89132  -34.604  -0.699  -20.574 0.0000000000
89133  -35.574  -0.699  -20.463 0.0000000000
89134  -36.383  -0.826  -20.662 0.0000000000
89135  -36.930  -0.866  -20.999 0.0000000000
89146  -33.331  -1.355  -21.575 0.0000000000
89147  -33.698  -0.818  -21.214 0.0000000000
89148  -34.202  -0.270  -20.959 0.0000000000
89149  -35.896  -0.295  -20.857 0.0000000000
89150  -36.418  -0.330  -21.191 0.0000000000
89151  -37.155  -0.532  -21.589 0.0000000000
89164  -33.025  -1.072  -21.975 0.0000000000
89165  -33.293  -0.548  -21.830 0.0000000000
89166  -37.723  -0.440  -22.310 0.0000000000
89167  -38.274  -0.668  -22.788 0.0000000000
89177  -32.656  -1.107  -22.951 0.0000000000
89178  -37.960  -0.077  -22.952 0.0000000000
89179  -38.450  -0.458  -23.548 0.0000000000
89180  -38.949  -0.892  -24.155 0.0000000000
89189  -32.587  -0.812  -23.964 0.0000000000
89190  -38.578  -0.241  -24.481 0.0000000000
89191  -39.056  -0.773  -24.900 0.0000000000
89200  -32.486  -0.636  -24.943 0.0000000000
89201  -38.664  -0.077  -25.315 0.0000000000
89202  -39.083  -0.601  -25.772 0.0000000000
89212  -32.430  -0.558  -25.964 0.0000000000
89213  -38.708  0.048  -26.100 0.0000000000
89214  -39.062  -0.268  -26.806 0.0000000000
89223  -32.492  -0.543  -27.027 0.0000000000
89224  -39.239  -0.131  -27.997 0.0000000000
89233  -32.632  -0.581  -28.099 0.0000000000
89234  -39.516  -0.345  -29.245 0.0000000000
89245  -32.892  -0.835  -29.340 0.0000000000
89246  -33.187  -1.499  -29.817 0.0000000000
89260  -33.013  -0.603  -30.471 0.0000000000
89261  -33.305  -1.354  -30.353 0.0000000000
89278  -33.340  -0.432  -31.565 0.0000000000
89279  -33.640  -1.321  -31.317 0.0000000000
89292  -33.378  -0.258  -32.720 0.0000000000
89293  -34.161  -1.412  -32.691 0.0000000000
90194  -35.066  -0.310  -20.671 0.0000000000
90195  -35.377  -0.143  -20.837 0.0000000000
90202  -33.965  0.175  -21.294 0.0000000000
90203  -34.707  0.101  -21.013 0.0000000000
90204  -35.636  0.280  -21.336 0.0000000000
90205  -36.477  0.163  -21.737 0.0000000000
90206  -37.053  0.080  -22.130 0.0000000000
90216  -33.028  -0.390  -22.350 0.0000000000
90217  -33.452  0.010  -21.796 0.0000000000
90218  -35.965  0.628  -21.977 0.0000000000
90219  -36.530  0.619  -22.363 0.0000000000
90220  -37.310  0.462  -22.762 0.0000000000
90229  -32.683  -0.084  -23.102 0.0000000000
90230  -37.749  0.482  -23.554 0.0000000000
90231  -38.162  0.231  -24.133 0.0000000000
90244  -32.566  0.224  -24.085 0.0000000000
90245  -37.762  0.770  -24.277 0.0000000000
90246  -38.201  0.560  -24.881 0.0000000000
90256  -32.461  0.369  -25.172 0.0000000000
90257  -38.372  0.601  -25.797 0.0000000000
90266  -32.375  0.413  -26.256 0.0000000000
90267  -38.532  0.731  -26.810 0.0000000000
90268  -38.869  0.380  -27.453 0.0000000000
90275  -32.426  0.391  -27.336 0.0000000000
90276  -38.709  0.939  -27.574 0.0000000000
90277  -38.955  0.749  -28.057 0.0000000000
90285  -32.458  0.259  -28.442 0.0000000000
90286  -39.348  0.667  -28.822 0.0000000000
90295  -32.500  0.184  -29.570 0.0000000000
90296  -39.948  0.693  -29.709 0.0000000000
90308  -32.582  0.268  -30.671 0.0000000000
90327  -32.668  0.424  -31.749 0.0000000000
90339  -32.397  0.548  -32.838 0.0000000000
91264  -34.278  0.555  -21.423 0.0000000000
91265  -34.749  0.764  -21.561 0.0000000000
91266  -35.407  0.864  -21.906 0.0000000000
91275  -33.113  0.369  -22.397 0.0000000000
91276  -33.752  1.075  -21.889 0.0000000000
91277  -34.904  1.404  -22.120 0.0000000000
91278  -35.844  1.235  -22.469 0.0000000000
91279  -36.666  1.240  -22.964 0.0000000000
91280  -37.199  1.026  -23.337 0.0000000000
91288  -32.723  1.132  -22.965 0.0000000000
91289  -33.495  1.916  -22.771 0.0000000000
91290  -36.927  1.563  -23.489 0.0000000000
91291  -37.325  1.358  -23.957 0.0000000000
91304  -32.511  1.326  -24.275 0.0000000000
91305  -37.608  1.388  -24.815 0.0000000000
91306  -37.981  1.103  -25.490 0.0000000000
91320  -32.378  1.385  -25.425 0.0000000000
91321  -37.617  1.725  -25.751 0.0000000000
91322  -38.089  1.248  -26.248 0.0000000000
91333  -32.271  1.364  -26.522 0.0000000000
91334  -37.830  1.975  -26.810 0.0000000000
91335  -38.220  1.396  -26.870 0.0000000000
91346  -31.800  1.835  -28.155 0.0000000000
91347  -32.146  1.327  -27.625 0.0000000000
91348  -38.075  2.198  -27.412 0.0000000000
91349  -38.460  1.689  -27.620 0.0000000000
91350  -38.773  1.222  -27.939 0.0000000000
91359  -31.596  1.858  -28.982 0.0000000000
91360  -32.028  1.042  -28.739 0.0000000000
91361  -38.777  2.026  -28.226 0.0000000000
91362  -39.091  1.583  -28.449 0.0000000000
91370  -31.439  1.938  -30.109 0.0000000000
91371  -31.994  1.034  -29.813 0.0000000000
91372  -39.865  1.541  -29.204 0.0000000000
91373  -40.655  1.503  -29.748 0.0000000000
91385  -31.462  1.795  -31.261 0.0000000000
91386  -32.077  1.126  -30.902 0.0000000000
91404  -31.387  1.678  -32.174 0.0000000000
91405  -31.996  1.148  -31.910 0.0000000000
91419  -30.827  2.062  -33.385 0.0000000000
91420  -31.294  1.547  -32.962 0.0000000000
91421  -31.763  1.176  -32.623 0.0000000000
92448  -34.380  2.053  -22.579 0.0000000000
92449  -35.350  2.069  -22.737 0.0000000000
92450  -36.202  1.931  -23.088 0.0000000000
92451  -36.628  1.776  -23.360 0.0000000000
92458  -32.938  2.351  -23.560 0.0000000000
92459  -33.939  2.759  -23.126 0.0000000000
92460  -34.922  2.849  -23.113 0.0000000000
92461  -35.842  2.706  -23.359 0.0000000000
92462  -36.726  2.341  -23.934 0.0000000000
92463  -37.227  1.873  -24.406 0.0000000000
92469  -32.399  2.350  -24.586 0.0000000000
92470  -36.780  2.774  -24.636 0.0000000000
92471  -37.190  2.353  -24.988 0.0000000000
92484  -31.796  2.919  -26.223 0.0000000000
92485  -32.094  2.430  -25.673 0.0000000000
92486  -37.364  2.502  -26.085 0.0000000000
92498  -31.618  2.909  -26.952 0.0000000000
92499  -31.982  2.184  -26.746 0.0000000000
92500  -37.531  2.749  -26.896 0.0000000000
92512  -31.397  2.806  -28.020 0.0000000000
92513  -31.814  2.207  -27.491 0.0000000000
92514  -37.827  2.630  -27.409 0.0000000000
92515  -38.189  2.530  -27.818 0.0000000000
92525  -31.221  2.707  -29.194 0.0000000000
92526  -38.576  2.457  -28.211 0.0000000000
92527  -39.024  2.426  -28.569 0.0000000000
92535  -30.668  3.289  -30.365 0.0000000000
92536  -30.972  2.735  -29.965 0.0000000000
92537  -39.689  2.427  -29.000 0.0000000000
92538  -40.524  2.372  -29.443 0.0000000000
92539  -41.262  2.331  -29.705 0.0000000000
92540  -41.866  2.476  -29.880 0.0000000000
92548  -30.594  3.184  -31.230 0.0000000000
92549  -30.993  2.544  -30.774 0.0000000000
92562  -30.465  3.151  -32.000 0.0000000000
92563  -30.879  2.423  -31.812 0.0000000000
92576  -30.510  2.761  -32.806 0.0000000000
92577  -30.950  2.064  -32.604 0.0000000000
92590  -30.465  2.722  -33.918 0.0000000000
93522  -32.775  3.104  -24.103 0.0000000000
93523  -33.539  3.433  -23.746 0.0000000000
93524  -34.507  3.490  -23.571 0.0000000000
93525  -35.453  3.555  -23.884 0.0000000000
93526  -36.133  3.066  -23.919 0.0000000000
93532  -32.402  3.431  -24.780 0.0000000000
93533  -32.997  3.763  -24.218 0.0000000000
93534  -35.699  3.951  -24.429 0.0000000000
93535  -36.324  3.433  -24.725 0.0000000000
93536  -36.835  2.922  -24.956 0.0000000000
93543  -31.645  3.675  -26.281 0.0000000000
93544  -31.944  3.525  -25.577 0.0000000000
93545  -36.708  3.818  -25.948 0.0000000000
93546  -36.948  3.053  -25.528 0.0000000000
93555  -31.340  3.840  -27.058 0.0000000000
93556  -36.933  3.874  -27.012 0.0000000000
93557  -37.176  3.243  -26.515 0.0000000000
93568  -30.772  4.351  -28.216 0.0000000000
93569  -31.048  3.789  -27.848 0.0000000000
93570  -37.107  3.939  -27.553 0.0000000000
93571  -37.483  3.450  -27.645 0.0000000000
93572  -37.921  2.957  -27.838 0.0000000000
93582  -30.637  4.197  -29.080 0.0000000000
93583  -30.936  3.510  -28.627 0.0000000000
93584  -37.777  3.742  -28.267 0.0000000000
93585  -38.298  3.314  -28.379 0.0000000000
93586  -38.785  2.857  -28.527 0.0000000000
93593  -30.500  4.075  -29.970 0.0000000000
93594  -30.791  3.392  -29.515 0.0000000000
93595  -38.785  3.766  -28.896 0.0000000000
93596  -39.237  3.268  -28.935 0.0000000000
93597  -40.280  3.403  -29.541 0.0000000000
93598  -41.205  3.039  -29.743 0.0000000000
93599  -41.657  2.829  -29.854 0.0000000000
93607  -30.387  3.970  -30.840 0.0000000000
93608  -40.585  4.036  -29.992 0.0000000000
93609  -41.097  3.742  -30.152 0.0000000000
93610  -42.133  3.407  -30.369 0.0000000000
93622  -30.216  3.827  -31.676 0.0000000000
93623  -42.670  3.980  -30.996 0.0000000000
93637  -30.121  3.629  -32.544 0.0000000000
93651  -30.167  3.505  -33.519 0.0000000000
93659  -30.260  3.465  -34.576 0.0000000000
94629  -33.543  4.124  -24.157 0.0000000000
94630  -34.268  4.114  -23.956 0.0000000000
94631  -34.858  3.979  -23.919 0.0000000000
94639  -32.314  4.152  -25.134 0.0000000000
94640  -32.961  4.496  -24.686 0.0000000000
94641  -33.960  4.669  -24.396 0.0000000000
94642  -35.108  4.531  -24.528 0.0000000000
94643  -35.799  4.143  -24.751 0.0000000000
94653  -31.601  4.364  -26.367 0.0000000000
94654  -32.000  4.580  -25.700 0.0000000000
94655  -32.510  4.615  -25.191 0.0000000000
94656  -35.390  4.938  -25.233 0.0000000000
94657  -35.970  4.532  -25.443 0.0000000000
94667  -31.467  4.890  -26.706 0.0000000000
94668  -31.742  4.844  -26.213 0.0000000000
94669  -36.436  4.506  -26.632 0.0000000000
94677  -30.885  5.143  -27.861 0.0000000000
94678  -31.082  4.600  -27.448 0.0000000000
94679  -36.743  4.373  -27.715 0.0000000000
94680  -37.182  4.013  -27.849 0.0000000000
94696  -30.616  5.026  -28.642 0.0000000000
94697  -36.828  4.643  -28.313 0.0000000000
94698  -37.430  4.340  -28.455 0.0000000000
94699  -37.978  3.942  -28.509 0.0000000000
94707  -30.400  4.947  -29.594 0.0000000000
94708  -37.731  4.728  -29.308 0.0000000000
94709  -38.339  4.301  -29.046 0.0000000000
94710  -39.191  4.107  -29.342 0.0000000000
94711  -39.697  3.823  -29.416 0.0000000000
94722  -30.230  4.785  -30.485 0.0000000000
94723  -37.607  5.007  -29.765 0.0000000000
94724  -38.052  4.884  -29.902 0.0000000000
94725  -38.927  4.767  -30.083 0.0000000000
94726  -39.985  4.421  -29.977 0.0000000000
94727  -40.837  4.385  -30.479 0.0000000000
94728  -41.559  4.223  -30.634 0.0000000000
94740  -29.858  5.171  -31.498 0.0000000000
94741  -30.030  4.756  -31.339 0.0000000000
94742  -39.564  4.905  -30.761 0.0000000000
94743  -40.338  4.877  -31.017 0.0000000000
94744  -41.304  4.759  -31.303 0.0000000000
94745  -42.238  4.447  -31.168 0.0000000000
94759  -29.768  5.139  -31.893 0.0000000000
94760  -29.843  4.417  -32.204 0.0000000000
94776  -29.653  5.096  -32.765 0.0000000000
94777  -29.795  4.290  -33.153 0.0000000000
94787  -29.674  5.069  -33.765 0.0000000000
94788  -29.972  4.265  -34.181 0.0000000000
94807  -29.709  5.031  -34.834 0.0000000000
94808  -30.035  4.208  -35.269 0.0000000000
95855  -33.098  4.920  -24.940 0.0000000000
95856  -33.503  5.022  -24.887 0.0000000000
95857  -34.299  5.080  -24.860 0.0000000000
95862  -32.302  5.076  -25.743 0.0000000000
95863  -32.831  5.115  -25.372 0.0000000000
95864  -33.880  5.443  -25.410 0.0000000000
95865  -34.866  5.328  -25.391 0.0000000000
95866  -35.517  5.196  -25.696 0.0000000000
95878  -31.667  5.325  -26.734 0.0000000000
95879  -32.160  5.415  -26.283 0.0000000000
95880  -33.316  5.761  -26.063 0.0000000000
95881  -34.360  5.847  -26.201 0.0000000000
95882  -35.211  5.623  -26.224 0.0000000000
95883  -35.861  5.174  -26.385 0.0000000000
95895  -31.080  5.488  -27.756 0.0000000000
95896  -31.477  5.590  -27.314 0.0000000000
95897  -32.335  6.131  -26.978 0.0000000000
95898  -34.876  5.928  -26.798 0.0000000000
95899  -35.432  5.636  -27.132 0.0000000000
95900  -36.095  5.049  -27.352 0.0000000000
95914  -30.939  5.721  -28.154 0.0000000000
95915  -31.504  6.291  -28.024 0.0000000000
95916  -35.702  5.528  -27.937 0.0000000000
95917  -36.364  5.071  -28.290 0.0000000000
95918  -36.878  4.925  -28.714 0.0000000000
95928  -30.546  5.819  -29.136 0.0000000000
95929  -35.823  5.652  -28.783 0.0000000000
95930  -36.476  5.374  -29.175 0.0000000000
95931  -37.200  5.090  -29.404 0.0000000000
95942  -29.877  5.955  -30.867 0.0000000000
95943  -30.105  5.848  -30.352 0.0000000000
95944  -35.823  5.685  -29.761 0.0000000000
95945  -36.572  5.465  -30.161 0.0000000000
95946  -37.429  5.252  -30.424 0.0000000000
95947  -38.244  5.118  -30.809 0.0000000000
95948  -38.957  5.061  -31.045 0.0000000000
95963  -29.837  5.665  -31.312 0.0000000000
95964  -30.033  5.239  -30.859 0.0000000000
95965  -35.833  5.692  -30.849 0.0000000000
95966  -36.664  5.466  -31.298 0.0000000000
95967  -37.576  5.280  -31.610 0.0000000000
95968  -38.495  5.196  -31.818 0.0000000000
95969  -39.554  5.182  -31.798 0.0000000000
95970  -40.638  5.134  -32.038 0.0000000000
95985  -29.683  5.880  -32.321 0.0000000000
95986  -35.818  5.729  -32.151 0.0000000000
95987  -36.854  5.425  -32.520 0.0000000000
95988  -37.851  5.333  -32.724 0.0000000000
95989  -38.873  5.344  -32.882 0.0000000000
96007  -29.558  5.897  -33.314 0.0000000000
96008  -36.103  5.493  -33.618 0.0000000000
96024  -29.487  5.880  -34.350 0.0000000000
96045  -29.525  5.871  -35.454 0.0000000000
97076  -32.921  6.115  -26.623 0.0000000000
97077  -33.713  6.224  -26.755 0.0000000000
97078  -34.400  6.178  -26.950 0.0000000000
97091  -32.164  6.517  -27.646 0.0000000000
97092  -33.099  6.569  -27.351 0.0000000000
97093  -34.067  6.517  -27.514 0.0000000000
97094  -34.876  6.184  -27.539 0.0000000000
97095  -35.324  5.859  -27.723 0.0000000000
97112  -31.145  6.488  -28.717 0.0000000000
97113  -31.921  7.022  -28.436 0.0000000000
97114  -32.821  7.028  -28.143 0.0000000000
97115  -33.645  6.867  -28.129 0.0000000000
97116  -34.496  6.659  -28.506 0.0000000000
97117  -35.290  6.073  -28.277 0.0000000000
97136  -30.746  6.828  -29.642 0.0000000000
97137  -31.457  7.110  -29.105 0.0000000000
97138  -34.622  6.758  -29.674 0.0000000000
97139  -35.272  6.236  -29.214 0.0000000000
97155  -29.916  6.376  -31.015 0.0000000000
97156  -30.297  7.015  -30.667 0.0000000000
97157  -34.634  6.800  -30.740 0.0000000000
97158  -35.225  6.198  -30.280 0.0000000000
97170  -29.852  6.775  -31.830 0.0000000000
97171  -30.021  6.938  -31.247 0.0000000000
97172  -34.665  6.854  -31.767 0.0000000000
97173  -35.220  6.235  -31.351 0.0000000000
97183  -29.627  6.756  -32.850 0.0000000000
97184  -34.626  6.759  -32.748 0.0000000000
97185  -35.138  6.336  -32.243 0.0000000000
97196  -29.452  6.744  -33.854 0.0000000000
97197  -34.658  6.644  -33.747 0.0000000000
97198  -35.236  6.108  -33.131 0.0000000000
97205  -29.393  6.740  -34.892 0.0000000000
97206  -34.745  6.639  -34.765 0.0000000000
97207  -35.240  5.961  -34.245 0.0000000000
97219  -34.821  6.742  -35.780 0.0000000000
97220  -35.248  5.989  -35.339 0.0000000000
97235  -34.848  6.798  -36.818 0.0000000000
97236  -35.257  6.010  -36.405 0.0000000000
98285  -32.009  7.444  -29.130 0.0000000000
98286  -32.669  7.438  -28.883 0.0000000000
98287  -33.411  7.246  -28.711 0.0000000000
98288  -33.897  6.995  -28.628 0.0000000000
98304  -30.892  7.531  -30.243 0.0000000000
98305  -31.556  7.646  -29.727 0.0000000000
98306  -32.493  7.767  -29.654 0.0000000000
98307  -33.315  7.544  -29.505 0.0000000000
98308  -33.989  7.150  -29.177 0.0000000000
98324  -30.798  7.828  -30.955 0.0000000000
98325  -31.417  8.047  -30.490 0.0000000000
98326  -32.186  8.153  -30.293 0.0000000000
98327  -33.122  7.976  -30.569 0.0000000000
98328  -34.023  7.384  -30.124 0.0000000000
98347  -30.048  7.405  -31.980 0.0000000000
98348  -30.275  7.514  -31.563 0.0000000000
98349  -33.477  8.108  -31.740 0.0000000000
98350  -34.043  7.466  -31.195 0.0000000000
98372  -29.856  7.632  -32.449 0.0000000000
98373  -30.135  7.731  -32.060 0.0000000000
98374  -33.604  8.048  -32.745 0.0000000000
98375  -34.101  7.442  -32.253 0.0000000000
98397  -29.578  7.587  -33.388 0.0000000000
98398  -33.708  8.031  -33.349 0.0000000000
98399  -34.131  7.451  -33.295 0.0000000000
98415  -29.470  7.586  -34.385 0.0000000000
98416  -33.874  8.042  -33.915 0.0000000000
98417  -34.328  7.358  -34.281 0.0000000000
98438  -29.386  7.602  -35.385 0.0000000000
98439  -33.970  7.978  -34.760 0.0000000000
98440  -34.377  7.373  -35.213 0.0000000000
98463  -34.016  7.960  -35.492 0.0000000000
98464  -34.324  7.577  -36.203 0.0000000000
98476  -34.486  7.583  -37.266 0.0000000000
99514  -30.912  8.203  -31.254 0.0000000000
99515  -31.290  8.273  -31.105 0.0000000000
99516  -31.964  8.350  -30.930 0.0000000000
99517  -32.489  8.256  -30.802 0.0000000000
99533  -30.656  8.107  -31.501 0.0000000000
99534  -30.985  8.476  -31.576 0.0000000000
99535  -31.698  8.573  -31.558 0.0000000000
99536  -32.588  8.445  -31.456 0.0000000000
99555  -29.992  8.076  -32.531 0.0000000000
99556  -30.384  8.363  -32.273 0.0000000000
99557  -31.227  8.819  -32.088 0.0000000000
99558  -32.094  8.900  -32.274 0.0000000000
99559  -32.980  8.622  -32.402 0.0000000000
99570  -29.823  8.207  -32.940 0.0000000000
99571  -30.222  8.696  -33.334 0.0000000000
99572  -32.592  9.086  -32.902 0.0000000000
99573  -33.265  8.687  -33.424 0.0000000000
99586  -29.801  8.430  -33.983 0.0000000000
99587  -30.107  8.848  -33.852 0.0000000000
99588  -33.529  8.626  -34.404 0.0000000000
99607  -29.507  8.300  -34.882 0.0000000000
99608  -33.666  8.550  -35.231 0.0000000000
99627  -29.346  8.505  -35.814 0.0000000000
99628  -33.823  8.399  -36.036 0.0000000000
99629  -34.130  8.327  -36.831 0.0000000000
99640  -33.958  8.786  -37.782 0.0000000000
99641  -34.144  8.464  -37.693 0.0000000000
99652  -33.955  8.832  -38.076 0.0000000000
100767  -30.921  8.921  -32.467 0.0000000000
100768  -31.404  9.146  -32.663 0.0000000000
100769  -32.016  9.354  -32.920 0.0000000000
100777  -30.785  9.043  -32.994 0.0000000000
100778  -31.449  9.366  -33.406 0.0000000000
100779  -32.380  9.348  -33.660 0.0000000000
100780  -33.033  9.157  -34.192 0.0000000000
100792  -29.998  8.968  -34.169 0.0000000000
100793  -30.562  9.211  -33.994 0.0000000000
100794  -31.575  9.515  -34.325 0.0000000000
100795  -32.468  9.482  -34.645 0.0000000000
100796  -33.219  9.193  -34.940 0.0000000000
100809  -29.759  9.217  -34.938 0.0000000000
100810  -30.809  9.666  -35.055 0.0000000000
100811  -31.793  9.757  -35.250 0.0000000000
100812  -32.693  9.626  -35.554 0.0000000000
100813  -33.443  9.139  -35.761 0.0000000000
100823  -29.391  9.485  -36.350 0.0000000000
100824  -33.059  9.590  -36.277 0.0000000000
100825  -33.730  9.070  -36.661 0.0000000000
100826  -33.987  8.756  -37.244 0.0000000000
100835  -33.158  9.632  -37.062 0.0000000000
100836  -33.791  9.079  -37.596 0.0000000000
100837  -33.968  8.759  -37.503 0.0000000000
100844  -33.134  9.673  -37.857 0.0000000000
101998  -30.152  10.077  -35.929 0.0000000000
101999  -31.189  10.191  -35.920 0.0000000000
102000  -32.096  10.093  -35.992 0.0000000000
102001  -32.574  9.819  -36.104 0.0000000000
102009  -29.780  10.351  -37.053 0.0000000000
102010  -30.735  10.632  -36.750 0.0000000000
102011  -31.634  10.464  -36.788 0.0000000000
102012  -32.490  9.965  -36.600 0.0000000000
102020  -29.643  10.443  -38.239 0.0000000000
102021  -30.640  10.818  -37.783 0.0000000000
102022  -31.607  10.603  -37.747 0.0000000000
102023  -32.457  10.113  -37.433 0.0000000000
103235  -30.958  10.848  -37.208 0.0000000000
103236  -31.159  10.751  -36.951 0.0000000000
103244  -31.094  10.817  -37.477 0.0000000000
103245  -31.274  10.711  -37.211 0.0000000000
148490  -34.780  -4.836  -31.602 0.0000000000
148502  -34.170  -4.111  -31.044 0.0000000000
148512  -34.250  -3.709  -31.722 0.0000000000
