#!ascii label  , from subject ab_data vox2ras=TkReg
1212
38297  -4.808  -41.271  46.048 0.0000000000
38298  -5.184  -41.406  46.103 0.0000000000
38299  -6.004  -41.371  46.114 0.0000000000
38313  -4.823  -41.144  45.613 0.0000000000
38314  -5.513  -41.341  45.487 0.0000000000
38315  -6.200  -41.301  45.403 0.0000000000
38329  -4.660  -40.830  45.088 0.0000000000
38330  -5.104  -41.066  44.918 0.0000000000
38331  -5.823  -41.248  44.899 0.0000000000
39429  -3.206  -40.009  49.226 0.0000000000
39430  -4.048  -40.057  49.212 0.0000000000
39443  -2.812  -40.250  48.567 0.0000000000
39444  -3.649  -40.470  48.576 0.0000000000
39445  -4.664  -40.376  48.612 0.0000000000
39446  -5.440  -40.348  48.364 0.0000000000
39458  -2.481  -40.159  48.008 0.0000000000
39459  -3.105  -40.507  47.846 0.0000000000
39460  -3.998  -40.919  47.719 0.0000000000
39461  -5.071  -40.930  47.714 0.0000000000
39462  -6.041  -40.571  47.769 0.0000000000
39463  -6.814  -40.425  47.444 0.0000000000
39473  -2.596  -40.075  47.423 0.0000000000
39474  -3.297  -40.335  46.860 0.0000000000
39475  -4.474  -41.043  46.458 0.0000000000
39476  -5.581  -41.282  46.906 0.0000000000
39477  -6.458  -40.898  46.821 0.0000000000
39478  -7.291  -40.496  46.670 0.0000000000
39479  -7.901  -40.210  46.207 0.0000000000
39490  -3.666  -40.277  45.863 0.0000000000
39491  -4.298  -40.648  45.418 0.0000000000
39492  -6.727  -40.983  45.880 0.0000000000
39493  -7.473  -40.617  45.583 0.0000000000
39494  -8.223  -40.169  45.458 0.0000000000
39508  -3.825  -40.079  45.118 0.0000000000
39509  -4.491  -40.442  44.491 0.0000000000
39510  -5.578  -40.930  44.219 0.0000000000
39511  -6.727  -41.067  44.662 0.0000000000
39512  -7.796  -40.516  44.586 0.0000000000
39513  -8.560  -40.053  44.567 0.0000000000
39527  -5.153  -40.374  43.274 0.0000000000
39528  -6.344  -40.713  43.412 0.0000000000
39529  -7.381  -40.571  43.590 0.0000000000
39530  -8.238  -40.233  43.688 0.0000000000
39531  -8.887  -39.837  43.799 0.0000000000
39549  -5.225  -40.092  42.158 0.0000000000
39550  -6.116  -40.405  42.383 0.0000000000
39551  -7.101  -40.419  42.550 0.0000000000
39552  -8.021  -40.242  42.696 0.0000000000
39553  -8.752  -39.933  42.944 0.0000000000
39576  -5.159  -40.100  41.197 0.0000000000
39577  -5.983  -40.339  41.392 0.0000000000
39578  -6.891  -40.380  41.558 0.0000000000
39579  -7.813  -40.267  41.681 0.0000000000
39580  -8.841  -39.933  41.780 0.0000000000
39581  -9.424  -39.713  41.225 0.0000000000
39605  -4.926  -40.086  40.215 0.0000000000
39606  -5.810  -40.361  40.392 0.0000000000
39607  -6.712  -40.477  40.589 0.0000000000
39608  -7.583  -40.402  40.740 0.0000000000
39609  -8.420  -40.193  40.804 0.0000000000
39610  -9.177  -39.911  40.708 0.0000000000
39630  -5.003  -39.988  39.538 0.0000000000
39631  -5.623  -40.164  39.313 0.0000000000
39632  -6.566  -40.425  39.603 0.0000000000
39633  -7.430  -40.489  39.818 0.0000000000
39634  -8.194  -40.392  39.987 0.0000000000
39635  -8.875  -40.151  39.941 0.0000000000
39654  -5.942  -39.967  38.617 0.0000000000
39655  -6.506  -40.157  38.741 0.0000000000
39656  -7.342  -40.316  38.924 0.0000000000
39657  -8.147  -40.318  39.206 0.0000000000
39658  -8.588  -40.236  39.486 0.0000000000
40499  -8.252  -39.058  55.739 0.0000000000
40516  -7.684  -39.145  54.807 0.0000000000
40517  -8.385  -38.733  54.958 0.0000000000
40539  -7.070  -39.224  54.188 0.0000000000
40587  -5.198  -39.195  52.124 0.0000000000
40605  -4.048  -39.315  50.737 0.0000000000
40606  -5.432  -39.042  50.947 0.0000000000
40607  -6.257  -38.832  50.621 0.0000000000
40623  -3.639  -39.590  49.862 0.0000000000
40624  -4.941  -39.597  49.581 0.0000000000
40625  -6.362  -38.994  49.773 0.0000000000
40626  -7.472  -38.936  49.313 0.0000000000
40627  -8.064  -38.904  49.117 0.0000000000
40638  -5.282  -40.016  48.842 0.0000000000
40639  -5.963  -39.798  48.721 0.0000000000
40640  -6.974  -39.465  48.688 0.0000000000
40641  -7.965  -39.290  48.513 0.0000000000
40642  -8.756  -39.106  48.137 0.0000000000
40653  -6.676  -40.063  48.108 0.0000000000
40654  -7.452  -39.946  47.722 0.0000000000
40655  -8.317  -39.571  47.508 0.0000000000
40656  -9.179  -39.194  47.300 0.0000000000
40666  -2.240  -39.480  46.755 0.0000000000
40667  -3.010  -39.765  46.117 0.0000000000
40668  -7.935  -40.036  46.919 0.0000000000
40669  -8.569  -39.747  46.422 0.0000000000
40670  -9.483  -39.290  46.194 0.0000000000
40680  -2.543  -39.148  45.800 0.0000000000
40681  -3.260  -39.586  45.417 0.0000000000
40682  -8.940  -39.712  45.380 0.0000000000
40683  -9.640  -39.308  45.152 0.0000000000
40698  -2.865  -39.078  45.120 0.0000000000
40699  -3.521  -39.419  44.535 0.0000000000
40700  -4.225  -39.812  43.706 0.0000000000
40701  -9.182  -39.632  44.502 0.0000000000
40702  -9.749  -39.275  44.280 0.0000000000
40703  -10.089  -39.096  43.892 0.0000000000
40719  -3.604  -39.197  43.458 0.0000000000
40720  -4.395  -39.723  42.810 0.0000000000
40721  -9.355  -39.549  43.876 0.0000000000
40722  -9.740  -39.350  43.565 0.0000000000
40723  -10.235  -39.051  43.299 0.0000000000
40737  -3.685  -39.190  42.380 0.0000000000
40738  -4.493  -39.713  41.844 0.0000000000
40739  -9.289  -39.624  43.246 0.0000000000
40740  -9.787  -39.371  42.797 0.0000000000
40741  -10.378  -39.036  42.444 0.0000000000
40756  -3.875  -39.397  41.328 0.0000000000
40757  -4.550  -39.798  41.045 0.0000000000
40758  -9.294  -39.668  42.498 0.0000000000
40759  -9.848  -39.440  41.740 0.0000000000
40760  -10.579  -38.950  41.654 0.0000000000
40776  -3.463  -39.213  40.380 0.0000000000
40777  -4.238  -39.665  40.503 0.0000000000
40778  -9.855  -39.589  40.705 0.0000000000
40779  -10.599  -39.105  40.854 0.0000000000
40780  -11.064  -38.843  40.564 0.0000000000
40796  -3.337  -38.955  39.199 0.0000000000
40797  -4.404  -39.644  39.442 0.0000000000
40798  -5.082  -39.893  39.174 0.0000000000
40799  -9.639  -39.853  39.843 0.0000000000
40800  -10.448  -39.463  39.922 0.0000000000
40801  -11.069  -39.001  40.055 0.0000000000
40816  -3.333  -38.630  38.486 0.0000000000
40817  -4.168  -38.922  38.236 0.0000000000
40818  -5.330  -39.590  38.463 0.0000000000
40819  -6.359  -39.650  38.159 0.0000000000
40820  -7.234  -39.791  38.205 0.0000000000
40821  -8.143  -39.920  38.409 0.0000000000
40822  -9.113  -40.007  38.895 0.0000000000
40823  -10.251  -39.674  38.984 0.0000000000
40824  -11.077  -39.186  39.171 0.0000000000
40838  -4.605  -38.495  37.704 0.0000000000
40839  -5.171  -38.711  37.728 0.0000000000
40840  -6.106  -38.956  37.671 0.0000000000
40841  -7.055  -39.071  37.684 0.0000000000
40842  -7.989  -39.210  37.756 0.0000000000
40843  -8.978  -39.363  37.907 0.0000000000
40844  -10.006  -39.395  38.094 0.0000000000
40845  -10.857  -39.228  38.363 0.0000000000
41654  -8.791  -38.690  56.581 0.0000000000
41655  -9.419  -38.006  56.393 0.0000000000
41662  -8.910  -38.456  55.546 0.0000000000
41663  -9.436  -37.801  55.359 0.0000000000
41669  -8.140  -38.722  54.446 0.0000000000
41670  -8.814  -38.199  54.349 0.0000000000
41671  -9.455  -37.612  54.674 0.0000000000
41679  -6.916  -39.144  53.697 0.0000000000
41680  -7.629  -38.785  53.771 0.0000000000
41681  -8.314  -38.134  53.219 0.0000000000
41693  -5.926  -39.202  52.954 0.0000000000
41694  -6.589  -39.052  53.095 0.0000000000
41695  -7.425  -38.536  52.700 0.0000000000
41696  -8.116  -38.014  52.279 0.0000000000
41710  -5.937  -39.133  52.496 0.0000000000
41711  -6.617  -38.805  52.175 0.0000000000
41712  -7.335  -38.438  51.789 0.0000000000
41713  -8.023  -38.029  51.404 0.0000000000
41723  -5.949  -39.007  51.785 0.0000000000
41724  -6.522  -38.755  51.254 0.0000000000
41725  -7.336  -38.431  50.948 0.0000000000
41726  -8.130  -38.184  50.570 0.0000000000
41727  -8.704  -38.105  50.168 0.0000000000
41737  -6.757  -38.707  50.542 0.0000000000
41738  -7.358  -38.597  50.129 0.0000000000
41739  -8.205  -38.537  49.683 0.0000000000
41740  -9.125  -38.239  49.517 0.0000000000
41753  -8.631  -38.794  48.910 0.0000000000
41754  -9.597  -38.486  48.367 0.0000000000
41755  -10.359  -38.064  47.951 0.0000000000
41767  -10.119  -38.585  47.054 0.0000000000
41768  -10.762  -37.852  47.348 0.0000000000
41780  -10.209  -38.787  45.779 0.0000000000
41781  -10.899  -37.994  46.306 0.0000000000
41782  -11.384  -37.536  46.028 0.0000000000
41795  -10.185  -38.922  44.776 0.0000000000
41796  -10.738  -38.380  45.142 0.0000000000
41797  -11.293  -37.772  45.406 0.0000000000
41811  -2.824  -38.916  44.740 0.0000000000
41812  -10.155  -39.017  44.247 0.0000000000
41813  -10.552  -38.634  44.061 0.0000000000
41814  -11.179  -38.045  44.513 0.0000000000
41830  -2.791  -38.771  44.155 0.0000000000
41831  -10.802  -38.587  43.035 0.0000000000
41832  -11.232  -38.155  43.637 0.0000000000
41847  -2.807  -38.583  43.053 0.0000000000
41848  -10.920  -38.595  42.156 0.0000000000
41849  -11.539  -38.047  42.657 0.0000000000
41850  -12.091  -37.661  42.413 0.0000000000
41868  -2.851  -38.621  41.627 0.0000000000
41869  -10.947  -38.667  41.540 0.0000000000
41870  -11.372  -38.344  41.686 0.0000000000
41871  -11.990  -37.883  41.811 0.0000000000
41890  -2.326  -38.396  40.084 0.0000000000
41891  -10.805  -38.838  41.255 0.0000000000
41892  -11.131  -38.650  41.024 0.0000000000
41893  -11.787  -38.243  41.007 0.0000000000
41913  -2.563  -38.293  38.729 0.0000000000
41914  -11.474  -38.603  40.378 0.0000000000
41915  -12.139  -38.188  40.168 0.0000000000
41935  -2.139  -37.300  38.135 0.0000000000
41936  -3.275  -38.148  37.909 0.0000000000
41937  -4.164  -38.261  37.659 0.0000000000
41938  -11.650  -38.618  39.535 0.0000000000
41939  -12.309  -38.090  39.203 0.0000000000
41957  -3.026  -37.286  37.641 0.0000000000
41958  -3.931  -37.559  37.501 0.0000000000
41959  -4.928  -37.837  37.527 0.0000000000
41960  -5.967  -37.951  37.588 0.0000000000
41961  -6.877  -38.142  37.596 0.0000000000
41962  -7.777  -38.270  37.606 0.0000000000
41963  -8.734  -38.404  37.539 0.0000000000
41964  -9.768  -38.591  37.462 0.0000000000
41965  -10.821  -38.689  37.634 0.0000000000
41966  -11.726  -38.439  38.388 0.0000000000
41967  -12.386  -37.837  38.523 0.0000000000
42759  -9.811  -37.197  56.155 0.0000000000
42764  -9.849  -37.129  55.100 0.0000000000
42769  -8.941  -37.782  53.554 0.0000000000
42770  -9.571  -37.228  53.950 0.0000000000
42778  -8.953  -37.453  52.821 0.0000000000
42779  -9.607  -36.610  52.988 0.0000000000
42790  -8.668  -37.462  51.812 0.0000000000
42791  -9.280  -36.787  52.138 0.0000000000
42806  -8.621  -37.635  50.989 0.0000000000
42807  -9.179  -36.982  51.252 0.0000000000
42821  -8.688  -37.874  50.552 0.0000000000
42822  -9.279  -37.517  50.343 0.0000000000
42833  -10.035  -37.575  49.315 0.0000000000
42834  -10.516  -37.004  49.165 0.0000000000
42843  -10.254  -37.894  48.528 0.0000000000
42844  -10.806  -37.254  48.331 0.0000000000
42845  -11.195  -36.687  48.075 0.0000000000
42857  -11.128  -37.406  47.404 0.0000000000
42858  -11.347  -36.898  47.601 0.0000000000
42873  -11.101  -37.654  46.951 0.0000000000
42874  -11.478  -37.244  46.707 0.0000000000
42887  -11.828  -37.093  45.679 0.0000000000
42888  -12.236  -36.637  45.358 0.0000000000
42897  -11.701  -37.525  44.759 0.0000000000
42898  -12.222  -36.962  44.819 0.0000000000
42910  -11.582  -37.785  44.088 0.0000000000
42911  -12.096  -37.432  44.055 0.0000000000
42926  -11.733  -37.762  43.498 0.0000000000
42927  -12.266  -37.404  43.095 0.0000000000
42943  -12.558  -37.253  42.118 0.0000000000
42944  -13.013  -36.889  41.477 0.0000000000
42957  -12.530  -37.598  41.014 0.0000000000
42958  -13.229  -36.857  40.619 0.0000000000
42971  -12.784  -37.562  39.901 0.0000000000
42972  -13.389  -36.855  39.531 0.0000000000
42988  -6.467  -36.313  38.251 0.0000000000
42989  -6.862  -36.476  38.330 0.0000000000
42990  -7.550  -36.678  38.314 0.0000000000
42991  -8.101  -36.834  38.082 0.0000000000
42992  -12.824  -37.437  38.878 0.0000000000
42993  -13.360  -36.849  38.493 0.0000000000
43007  -3.597  -36.710  37.513 0.0000000000
43008  -4.696  -36.877  37.571 0.0000000000
43009  -5.898  -36.854  37.936 0.0000000000
43010  -6.784  -37.232  37.938 0.0000000000
43011  -7.581  -37.399  37.821 0.0000000000
43012  -8.478  -37.360  37.714 0.0000000000
43013  -9.470  -37.528  37.386 0.0000000000
43014  -10.556  -37.678  37.135 0.0000000000
43015  -11.547  -37.820  37.374 0.0000000000
43016  -12.648  -37.284  37.717 0.0000000000
43017  -13.352  -36.727  37.839 0.0000000000
43032  -11.298  -37.243  36.955 0.0000000000
43033  -12.001  -37.149  36.938 0.0000000000
43034  -12.489  -36.969  36.992 0.0000000000
43878  -9.908  -36.313  55.836 0.0000000000
43881  -9.937  -36.267  54.751 0.0000000000
43884  -9.853  -36.094  53.779 0.0000000000
43888  -9.843  -35.842  53.063 0.0000000000
43897  -9.732  -36.041  52.385 0.0000000000
43911  -9.655  -36.208  51.602 0.0000000000
43926  -9.810  -36.416  50.609 0.0000000000
43927  -10.230  -36.040  50.149 0.0000000000
43942  -9.858  -37.049  50.030 0.0000000000
43943  -10.262  -36.610  49.749 0.0000000000
43957  -10.716  -36.409  49.076 0.0000000000
43958  -11.114  -36.292  48.452 0.0000000000
43965  -11.443  -36.227  47.851 0.0000000000
43977  -11.771  -36.381  47.118 0.0000000000
43978  -12.088  -36.138  46.594 0.0000000000
43993  -11.899  -36.640  46.407 0.0000000000
43994  -12.268  -36.259  45.910 0.0000000000
44009  -12.609  -36.182  45.027 0.0000000000
44010  -13.044  -35.884  44.370 0.0000000000
44023  -12.709  -36.714  44.003 0.0000000000
44024  -13.290  -35.987  43.596 0.0000000000
44035  -12.952  -36.706  42.938 0.0000000000
44036  -13.496  -35.992  42.652 0.0000000000
44046  -13.140  -36.604  42.137 0.0000000000
44047  -13.647  -36.094  41.527 0.0000000000
44054  -13.970  -36.024  40.269 0.0000000000
44055  -14.255  -35.542  39.683 0.0000000000
44065  -13.971  -36.156  39.029 0.0000000000
44066  -14.389  -35.320  38.979 0.0000000000
44075  -6.139  -36.052  38.156 0.0000000000
44076  -6.911  -35.932  38.460 0.0000000000
44077  -7.588  -35.944  38.701 0.0000000000
44078  -8.408  -36.139  38.505 0.0000000000
44079  -8.996  -35.829  38.310 0.0000000000
44080  -13.789  -36.348  38.045 0.0000000000
44081  -14.217  -35.740  38.178 0.0000000000
44092  -3.241  -35.925  37.638 0.0000000000
44093  -4.421  -36.101  37.678 0.0000000000
44094  -5.324  -36.295  37.863 0.0000000000
44095  -8.529  -36.667  38.002 0.0000000000
44096  -9.193  -36.421  37.785 0.0000000000
44097  -10.176  -36.726  37.163 0.0000000000
44098  -12.837  -36.706  36.962 0.0000000000
44099  -13.534  -36.291  37.180 0.0000000000
44100  -14.003  -35.996  37.642 0.0000000000
44112  -10.881  -36.886  36.883 0.0000000000
44113  -11.521  -36.603  36.695 0.0000000000
44114  -12.327  -36.479  36.600 0.0000000000
44115  -13.001  -36.240  36.554 0.0000000000
44966  -9.804  -35.414  55.470 0.0000000000
44969  -9.852  -35.350  54.471 0.0000000000
44972  -9.878  -35.211  53.553 0.0000000000
44975  -9.915  -35.235  52.660 0.0000000000
44980  -9.873  -35.491  51.950 0.0000000000
44992  -9.969  -35.436  51.226 0.0000000000
44993  -10.209  -35.452  50.431 0.0000000000
45007  -10.495  -35.639  49.673 0.0000000000
45024  -10.923  -35.540  48.918 0.0000000000
45025  -11.344  -35.491  48.241 0.0000000000
45038  -11.762  -35.510  47.516 0.0000000000
45039  -12.057  -35.263  47.022 0.0000000000
45049  -12.025  -35.780  46.966 0.0000000000
45050  -12.254  -35.499  46.467 0.0000000000
45062  -12.560  -35.390  45.696 0.0000000000
45077  -12.956  -35.227  44.942 0.0000000000
45078  -13.363  -35.150  44.166 0.0000000000
45095  -13.605  -35.159  43.290 0.0000000000
45108  -13.868  -35.106  42.327 0.0000000000
45118  -14.265  -34.807  41.099 0.0000000000
45119  -14.431  -34.242  40.515 0.0000000000
45126  -14.289  -35.308  40.243 0.0000000000
45127  -14.460  -34.706  39.864 0.0000000000
45134  -14.539  -34.591  38.925 0.0000000000
45145  -6.212  -35.764  37.963 0.0000000000
45146  -6.777  -35.633  38.146 0.0000000000
45147  -7.594  -35.085  38.585 0.0000000000
45148  -8.281  -35.223  38.901 0.0000000000
45149  -8.904  -35.291  38.635 0.0000000000
45150  -14.508  -34.931  38.167 0.0000000000
45162  -4.158  -35.351  37.472 0.0000000000
45163  -5.448  -35.717  37.680 0.0000000000
45164  -6.392  -35.474  37.664 0.0000000000
45165  -7.165  -35.105  37.686 0.0000000000
45166  -9.424  -35.415  37.985 0.0000000000
45167  -10.095  -35.721  37.302 0.0000000000
45168  -13.866  -35.686  36.767 0.0000000000
45169  -14.244  -35.414  37.247 0.0000000000
45181  -4.916  -35.249  37.177 0.0000000000
45182  -5.903  -35.294  37.099 0.0000000000
45183  -6.701  -35.141  37.106 0.0000000000
45184  -10.885  -36.095  36.817 0.0000000000
45185  -11.693  -35.653  36.268 0.0000000000
45186  -12.594  -35.768  36.157 0.0000000000
45187  -13.416  -35.547  36.276 0.0000000000
45188  -14.024  -35.280  36.505 0.0000000000
45201  -11.815  -35.103  35.901 0.0000000000
45202  -12.199  -35.209  35.815 0.0000000000
45203  -12.815  -35.214  35.766 0.0000000000
46028  -9.661  -34.702  55.079 0.0000000000
46030  -9.713  -34.470  54.208 0.0000000000
46033  -9.846  -34.349  53.128 0.0000000000
46036  -9.957  -34.528  51.926 0.0000000000
46042  -10.122  -34.502  50.787 0.0000000000
46043  -10.360  -34.668  49.955 0.0000000000
46053  -10.671  -34.718  49.305 0.0000000000
46066  -11.063  -34.620  48.583 0.0000000000
46067  -11.493  -34.664  47.887 0.0000000000
46086  -11.797  -34.637  47.232 0.0000000000
46087  -12.123  -34.855  46.737 0.0000000000
46099  -11.817  -34.233  46.580 0.0000000000
46100  -12.258  -34.707  46.174 0.0000000000
46110  -11.880  -34.004  45.949 0.0000000000
46111  -12.476  -34.329  45.426 0.0000000000
46119  -12.977  -34.307  44.596 0.0000000000
46120  -13.355  -34.306  43.805 0.0000000000
46133  -13.580  -34.292  42.992 0.0000000000
46146  -13.844  -34.077  42.189 0.0000000000
46155  -14.007  -33.709  41.576 0.0000000000
46156  -14.256  -33.623  40.903 0.0000000000
46166  -14.452  -33.737  40.112 0.0000000000
46174  -14.564  -33.869  39.259 0.0000000000
46185  -7.976  -33.909  38.697 0.0000000000
46186  -8.292  -34.271  38.955 0.0000000000
46187  -8.811  -34.442  38.867 0.0000000000
46188  -14.615  -34.001  38.332 0.0000000000
46200  -7.663  -34.281  37.816 0.0000000000
46201  -9.382  -34.555  38.307 0.0000000000
46202  -9.980  -34.689  37.426 0.0000000000
46203  -14.557  -34.285  37.376 0.0000000000
46214  -6.409  -34.891  36.433 0.0000000000
46215  -7.289  -34.537  36.730 0.0000000000
46216  -10.812  -35.000  36.620 0.0000000000
46217  -11.486  -34.772  35.979 0.0000000000
46218  -13.872  -34.912  36.047 0.0000000000
46219  -14.312  -34.536  36.442 0.0000000000
46233  -11.890  -34.725  35.651 0.0000000000
46234  -12.437  -34.628  35.443 0.0000000000
46235  -13.325  -34.633  35.559 0.0000000000
46236  -13.975  -34.311  35.764 0.0000000000
47017  -9.356  -33.463  53.853 0.0000000000
47024  -9.633  -33.383  52.527 0.0000000000
47033  -9.896  -33.401  51.236 0.0000000000
47038  -10.179  -33.593  49.923 0.0000000000
47039  -10.450  -34.169  49.552 0.0000000000
47046  -10.259  -33.282  49.273 0.0000000000
47047  -10.541  -33.755  48.985 0.0000000000
47057  -11.015  -33.661  47.850 0.0000000000
47058  -11.449  -34.186  47.526 0.0000000000
47077  -10.801  -33.294  46.899 0.0000000000
47078  -11.404  -33.856  47.068 0.0000000000
47096  -7.920  -33.345  45.844 0.0000000000
47097  -8.855  -33.193  45.911 0.0000000000
47098  -9.981  -33.099  46.207 0.0000000000
47099  -11.177  -33.489  46.206 0.0000000000
47115  -8.195  -33.073  45.585 0.0000000000
47116  -9.272  -33.028  45.460 0.0000000000
47117  -10.352  -33.244  45.404 0.0000000000
47118  -11.495  -33.491  45.262 0.0000000000
47119  -12.293  -33.662  44.772 0.0000000000
47130  -9.803  -33.052  44.987 0.0000000000
47131  -10.545  -33.101  44.704 0.0000000000
47132  -11.495  -33.200  44.259 0.0000000000
47133  -12.616  -33.521  44.006 0.0000000000
47134  -13.183  -33.671  43.412 0.0000000000
47147  -11.906  -32.988  43.643 0.0000000000
47148  -12.556  -33.068  43.200 0.0000000000
47149  -13.299  -33.481  42.787 0.0000000000
47160  -12.878  -32.870  42.640 0.0000000000
47161  -13.388  -33.122  42.082 0.0000000000
47168  -13.705  -32.983  41.337 0.0000000000
47169  -13.996  -33.031  40.922 0.0000000000
47177  -13.779  -32.644  40.901 0.0000000000
47178  -14.131  -32.905  40.430 0.0000000000
47187  -14.386  -32.990  39.587 0.0000000000
47200  -7.925  -33.032  38.924 0.0000000000
47201  -8.247  -33.291  39.037 0.0000000000
47202  -8.719  -33.518  38.996 0.0000000000
47203  -14.557  -33.063  38.669 0.0000000000
47219  -7.714  -33.207  38.110 0.0000000000
47220  -9.256  -33.691  38.572 0.0000000000
47221  -9.721  -33.741  37.774 0.0000000000
47222  -14.627  -33.126  37.583 0.0000000000
47237  -7.663  -33.581  36.861 0.0000000000
47238  -10.509  -33.732  36.581 0.0000000000
47239  -11.099  -34.326  36.127 0.0000000000
47240  -14.536  -33.504  36.576 0.0000000000
47258  -10.899  -33.160  35.863 0.0000000000
47259  -11.615  -33.772  35.440 0.0000000000
47260  -12.725  -33.942  34.976 0.0000000000
47261  -13.736  -33.529  35.157 0.0000000000
47262  -14.327  -33.760  35.850 0.0000000000
47280  -11.903  -33.277  34.999 0.0000000000
47281  -12.279  -33.267  34.839 0.0000000000
47282  -12.996  -33.204  34.679 0.0000000000
48086  -9.150  -32.272  51.768 0.0000000000
48100  -9.670  -32.513  50.364 0.0000000000
48115  -9.923  -32.715  49.157 0.0000000000
48116  -10.290  -33.163  48.963 0.0000000000
48132  -8.736  -32.393  47.490 0.0000000000
48133  -9.516  -32.438  48.027 0.0000000000
48134  -10.338  -32.986  48.378 0.0000000000
48155  -8.261  -32.749  46.837 0.0000000000
48156  -9.105  -32.620  46.990 0.0000000000
48157  -10.084  -32.835  47.143 0.0000000000
48178  -7.676  -33.276  46.288 0.0000000000
48179  -8.516  -33.048  46.325 0.0000000000
48180  -9.398  -32.905  46.461 0.0000000000
48181  -9.831  -32.908  46.568 0.0000000000
48201  -7.489  -32.710  45.342 0.0000000000
48202  -8.521  -32.492  45.360 0.0000000000
48203  -9.319  -32.727  45.120 0.0000000000
48220  -9.176  -32.124  45.185 0.0000000000
48221  -9.871  -32.389  44.792 0.0000000000
48222  -10.654  -32.412  44.121 0.0000000000
48223  -11.300  -32.668  43.694 0.0000000000
48238  -11.093  -32.066  43.629 0.0000000000
48239  -11.742  -32.295  43.194 0.0000000000
48240  -12.381  -32.500  42.787 0.0000000000
48253  -12.123  -31.978  42.675 0.0000000000
48254  -12.698  -32.228  42.226 0.0000000000
48255  -13.228  -32.490  41.723 0.0000000000
48264  -12.955  -31.952  41.677 0.0000000000
48265  -13.371  -32.152  41.203 0.0000000000
48275  -13.729  -32.103  40.556 0.0000000000
48276  -14.123  -32.171  39.914 0.0000000000
48287  -7.773  -31.869  39.517 0.0000000000
48288  -14.385  -32.077  39.105 0.0000000000
48298  -7.472  -32.339  38.876 0.0000000000
48299  -7.922  -32.401  39.332 0.0000000000
48300  -8.502  -32.630  39.161 0.0000000000
48301  -14.586  -32.211  38.125 0.0000000000
48313  -9.197  -32.677  38.668 0.0000000000
48314  -9.520  -33.179  38.187 0.0000000000
48315  -14.600  -32.208  37.364 0.0000000000
48327  -9.414  -32.079  38.164 0.0000000000
48328  -9.787  -32.613  37.497 0.0000000000
48329  -14.585  -32.492  36.682 0.0000000000
48339  -10.493  -32.494  36.235 0.0000000000
48340  -11.144  -32.585  35.432 0.0000000000
48341  -14.050  -32.781  34.965 0.0000000000
48342  -14.432  -32.707  35.625 0.0000000000
48357  -11.834  -32.744  34.844 0.0000000000
48358  -12.626  -32.526  34.455 0.0000000000
48359  -13.542  -32.503  34.537 0.0000000000
48360  -14.183  -32.229  34.821 0.0000000000
49265  -8.939  -31.713  50.521 0.0000000000
49290  -8.319  -31.531  49.464 0.0000000000
49291  -9.254  -31.980  49.435 0.0000000000
49311  -8.589  -32.012  48.300 0.0000000000
49312  -9.368  -32.236  48.743 0.0000000000
49331  -8.119  -32.413  47.377 0.0000000000
49365  -7.660  -31.795  45.389 0.0000000000
49366  -8.572  -31.392  45.337 0.0000000000
49384  -9.449  -31.407  44.978 0.0000000000
49385  -10.187  -31.450  44.528 0.0000000000
49386  -10.768  -31.398  43.956 0.0000000000
49404  -11.295  -31.364  43.425 0.0000000000
49405  -11.774  -31.359  42.894 0.0000000000
49422  -12.234  -31.365  42.390 0.0000000000
49423  -12.596  -31.411  41.852 0.0000000000
49436  -12.958  -31.433  41.357 0.0000000000
49437  -13.334  -31.385  40.824 0.0000000000
49450  -13.840  -31.227  40.094 0.0000000000
49451  -14.166  -31.650  39.624 0.0000000000
49466  -13.972  -30.700  39.700 0.0000000000
49467  -14.218  -31.078  39.312 0.0000000000
49479  -8.241  -31.671  39.361 0.0000000000
49480  -8.774  -32.143  39.083 0.0000000000
49481  -14.449  -31.281  38.439 0.0000000000
49492  -8.506  -31.136  38.945 0.0000000000
49493  -8.959  -31.562  38.597 0.0000000000
49494  -14.559  -31.442  37.562 0.0000000000
49506  -9.485  -31.501  37.626 0.0000000000
49507  -10.016  -31.511  36.661 0.0000000000
49508  -14.591  -31.707  36.889 0.0000000000
49519  -10.714  -31.365  35.521 0.0000000000
49520  -11.383  -31.934  34.898 0.0000000000
49521  -14.617  -31.632  36.107 0.0000000000
49532  -11.325  -31.207  34.666 0.0000000000
49533  -12.018  -31.686  34.277 0.0000000000
49534  -13.040  -31.588  33.915 0.0000000000
49535  -13.992  -31.430  34.225 0.0000000000
49536  -14.492  -31.527  35.112 0.0000000000
49549  -13.589  -30.974  33.814 0.0000000000
49550  -13.924  -30.904  33.921 0.0000000000
50546  -6.966  -31.041  45.348 0.0000000000
50547  -7.772  -30.823  45.450 0.0000000000
50548  -8.333  -30.486  45.367 0.0000000000
50573  -8.988  -30.501  45.096 0.0000000000
50574  -9.749  -30.545  44.713 0.0000000000
50575  -10.374  -30.546  44.213 0.0000000000
50593  -10.913  -30.510  43.637 0.0000000000
50594  -11.420  -30.534  43.087 0.0000000000
50606  -11.905  -30.560  42.582 0.0000000000
50607  -12.312  -30.622  42.038 0.0000000000
50619  -12.640  -30.766  41.497 0.0000000000
50620  -12.963  -30.881  41.080 0.0000000000
50633  -12.769  -30.322  41.122 0.0000000000
50634  -13.239  -30.453  40.623 0.0000000000
50650  -7.750  -31.000  39.411 0.0000000000
50651  -13.712  -30.248  39.952 0.0000000000
50652  -14.024  -30.241  39.363 0.0000000000
50666  -8.109  -30.676  39.034 0.0000000000
50667  -14.253  -30.363  38.682 0.0000000000
50682  -8.580  -30.635  38.451 0.0000000000
50683  -9.058  -30.667  37.764 0.0000000000
50684  -14.464  -30.464  37.816 0.0000000000
50699  -9.613  -30.604  36.999 0.0000000000
50700  -10.110  -30.512  36.221 0.0000000000
50701  -14.612  -30.717  36.769 0.0000000000
50714  -10.478  -30.238  35.513 0.0000000000
50715  -14.686  -30.576  35.633 0.0000000000
50727  -10.972  -30.415  34.809 0.0000000000
50728  -11.684  -30.551  34.073 0.0000000000
50729  -12.418  -30.938  33.804 0.0000000000
50730  -14.121  -30.794  34.061 0.0000000000
50731  -14.452  -30.445  34.486 0.0000000000
50746  -12.301  -30.222  33.567 0.0000000000
50747  -13.048  -30.482  33.503 0.0000000000
50748  -13.931  -30.329  33.740 0.0000000000
50749  -14.342  -29.876  33.961 0.0000000000
51736  -7.299  -30.084  45.479 0.0000000000
51737  -7.903  -30.108  45.451 0.0000000000
51753  -7.737  -29.599  45.414 0.0000000000
51754  -8.384  -29.661  45.204 0.0000000000
51755  -9.323  -29.557  44.757 0.0000000000
51756  -9.974  -29.870  44.373 0.0000000000
51768  -9.898  -29.193  44.289 0.0000000000
51769  -10.434  -29.570  43.785 0.0000000000
51770  -11.053  -29.695  43.182 0.0000000000
51784  -11.535  -29.734  42.700 0.0000000000
51785  -12.036  -29.765  42.233 0.0000000000
51800  -12.412  -29.857  41.585 0.0000000000
51817  -12.765  -29.592  40.897 0.0000000000
51818  -13.275  -29.499  40.239 0.0000000000
51839  -13.683  -29.424  39.468 0.0000000000
51840  -14.037  -29.701  38.929 0.0000000000
51861  -7.722  -30.181  38.915 0.0000000000
51862  -13.904  -29.126  38.855 0.0000000000
51863  -14.226  -29.388  38.221 0.0000000000
51884  -7.388  -29.323  38.681 0.0000000000
51885  -8.097  -29.641  38.303 0.0000000000
51886  -8.687  -30.128  37.883 0.0000000000
51887  -14.544  -29.559  37.223 0.0000000000
51909  -8.490  -29.075  37.498 0.0000000000
51910  -9.089  -29.552  37.080 0.0000000000
51911  -9.701  -30.017  36.574 0.0000000000
51912  -14.760  -29.583  36.198 0.0000000000
51929  -9.422  -29.009  36.339 0.0000000000
51930  -9.883  -29.482  35.976 0.0000000000
51931  -14.784  -29.508  35.156 0.0000000000
51948  -10.531  -29.498  34.990 0.0000000000
51949  -11.162  -29.613  34.232 0.0000000000
51950  -14.585  -29.350  34.259 0.0000000000
51967  -11.774  -29.604  33.569 0.0000000000
51968  -12.560  -29.440  33.033 0.0000000000
51969  -13.471  -29.596  33.174 0.0000000000
51970  -14.205  -29.294  33.490 0.0000000000
51982  -12.704  -28.898  32.631 0.0000000000
51983  -13.162  -28.957  32.641 0.0000000000
51984  -13.801  -28.934  32.837 0.0000000000
53041  -6.926  -29.389  45.404 0.0000000000
53042  -7.406  -29.450  45.428 0.0000000000
53050  -6.635  -28.571  45.144 0.0000000000
53051  -7.644  -28.838  45.185 0.0000000000
53052  -8.650  -28.715  44.867 0.0000000000
53053  -9.420  -28.552  44.411 0.0000000000
53056  -10.083  -28.529  43.819 0.0000000000
53057  -10.833  -28.643  43.086 0.0000000000
53058  -11.257  -29.182  42.824 0.0000000000
53060  -11.084  -28.152  42.608 0.0000000000
53061  -11.601  -28.668  42.288 0.0000000000
53062  -12.127  -29.228  41.909 0.0000000000
53066  -11.908  -28.127  41.759 0.0000000000
53067  -12.299  -28.671  41.401 0.0000000000
53074  -12.852  -28.674  40.534 0.0000000000
53075  -13.305  -28.624  39.834 0.0000000000
53087  -13.661  -28.518  39.143 0.0000000000
53104  -14.004  -28.573  38.537 0.0000000000
53105  -14.219  -28.657  38.128 0.0000000000
53122  -7.288  -28.714  38.357 0.0000000000
53123  -8.065  -28.624  37.597 0.0000000000
53124  -14.393  -28.615  37.623 0.0000000000
53146  -8.612  -28.580  36.976 0.0000000000
53147  -9.098  -28.548  36.422 0.0000000000
53148  -14.632  -28.559  36.715 0.0000000000
53170  -9.542  -28.545  35.859 0.0000000000
53171  -10.051  -28.625  35.218 0.0000000000
53172  -14.755  -28.552  35.693 0.0000000000
53192  -10.668  -28.630  34.265 0.0000000000
53193  -11.289  -28.990  33.712 0.0000000000
53194  -14.764  -28.492  34.721 0.0000000000
53211  -11.101  -28.417  33.502 0.0000000000
53212  -11.701  -28.685  33.006 0.0000000000
53213  -12.347  -28.762  32.651 0.0000000000
53214  -14.622  -28.430  33.805 0.0000000000
53230  -12.072  -28.304  32.465 0.0000000000
53231  -12.721  -28.359  32.285 0.0000000000
53232  -13.583  -28.211  32.312 0.0000000000
53233  -14.283  -28.344  32.951 0.0000000000
53249  -13.069  -28.025  31.955 0.0000000000
53250  -13.336  -27.749  31.866 0.0000000000
54260  -6.230  -27.779  44.741 0.0000000000
54261  -7.217  -27.782  44.735 0.0000000000
54262  -8.109  -27.934  44.700 0.0000000000
54263  -8.837  -27.976  44.440 0.0000000000
54269  -7.746  -27.360  44.353 0.0000000000
54270  -8.441  -27.300  44.115 0.0000000000
54271  -9.431  -27.600  43.837 0.0000000000
54272  -10.264  -27.746  43.274 0.0000000000
54275  -10.719  -27.679  42.725 0.0000000000
54276  -11.142  -27.642  42.287 0.0000000000
54278  -11.583  -27.614  41.846 0.0000000000
54279  -12.049  -27.593  41.390 0.0000000000
54282  -12.525  -27.658  40.711 0.0000000000
54283  -13.009  -27.962  40.133 0.0000000000
54290  -12.844  -27.239  40.001 0.0000000000
54291  -13.342  -27.645  39.469 0.0000000000
54308  -13.802  -27.668  38.710 0.0000000000
54309  -14.207  -28.035  38.102 0.0000000000
54326  -7.089  -27.758  37.676 0.0000000000
54327  -7.649  -28.187  37.596 0.0000000000
54328  -14.075  -27.267  38.104 0.0000000000
54329  -14.332  -27.478  37.312 0.0000000000
54349  -7.458  -27.344  37.011 0.0000000000
54350  -8.106  -27.697  36.801 0.0000000000
54351  -8.736  -28.096  36.490 0.0000000000
54352  -14.567  -27.572  36.213 0.0000000000
54377  -8.454  -27.242  36.073 0.0000000000
54378  -9.072  -27.639  35.777 0.0000000000
54379  -9.667  -28.084  35.414 0.0000000000
54380  -14.723  -27.561  35.214 0.0000000000
54406  -9.394  -27.186  35.094 0.0000000000
54407  -9.917  -27.640  34.756 0.0000000000
54408  -14.774  -27.525  34.248 0.0000000000
54425  -10.677  -27.651  33.500 0.0000000000
54426  -11.219  -28.098  33.087 0.0000000000
54427  -14.632  -27.488  33.292 0.0000000000
54447  -10.788  -27.117  32.873 0.0000000000
54448  -11.489  -27.574  32.447 0.0000000000
54449  -12.211  -27.960  32.199 0.0000000000
54450  -13.787  -27.599  31.965 0.0000000000
54451  -14.242  -27.446  32.349 0.0000000000
54474  -11.852  -26.962  31.741 0.0000000000
54475  -12.609  -27.500  31.762 0.0000000000
54476  -13.531  -27.216  31.669 0.0000000000
54477  -13.992  -27.214  31.872 0.0000000000
55504  -5.871  -27.089  44.298 0.0000000000
55505  -6.802  -27.138  44.320 0.0000000000
55506  -7.338  -27.219  44.311 0.0000000000
55520  -6.570  -26.404  44.044 0.0000000000
55521  -7.623  -26.665  43.927 0.0000000000
55522  -8.856  -26.427  43.402 0.0000000000
55523  -9.882  -26.944  43.075 0.0000000000
55524  -10.362  -27.258  42.823 0.0000000000
55529  -9.119  -25.804  42.882 0.0000000000
55530  -9.625  -26.144  42.697 0.0000000000
55531  -10.580  -26.661  42.241 0.0000000000
55532  -11.209  -27.121  41.931 0.0000000000
55536  -10.872  -26.116  41.622 0.0000000000
55537  -11.534  -26.560  41.351 0.0000000000
55538  -12.184  -27.034  41.024 0.0000000000
55541  -11.788  -26.034  40.698 0.0000000000
55542  -12.296  -26.482  40.396 0.0000000000
55545  -13.041  -26.474  39.291 0.0000000000
55546  -13.499  -27.076  39.007 0.0000000000
55560  -13.261  -26.107  38.661 0.0000000000
55561  -13.606  -26.599  38.436 0.0000000000
55576  -6.297  -27.167  37.437 0.0000000000
55577  -7.052  -27.111  37.083 0.0000000000
55578  -14.012  -26.681  37.762 0.0000000000
55579  -14.110  -26.508  37.267 0.0000000000
55594  -5.630  -26.514  36.805 0.0000000000
55595  -6.691  -26.653  36.671 0.0000000000
55596  -7.523  -26.889  36.538 0.0000000000
55597  -8.116  -26.971  36.185 0.0000000000
55598  -14.308  -26.654  36.655 0.0000000000
55612  -6.287  -26.182  36.090 0.0000000000
55613  -7.122  -26.305  36.005 0.0000000000
55614  -7.836  -26.521  35.854 0.0000000000
55615  -8.482  -26.756  35.536 0.0000000000
55616  -9.063  -26.927  35.198 0.0000000000
55617  -14.532  -26.608  35.752 0.0000000000
55642  -8.827  -26.548  34.932 0.0000000000
55643  -9.379  -26.701  34.538 0.0000000000
55644  -10.046  -26.967  33.954 0.0000000000
55645  -14.732  -26.581  34.751 0.0000000000
55661  -9.683  -26.316  33.563 0.0000000000
55662  -10.352  -26.747  33.218 0.0000000000
55663  -14.755  -26.560  33.761 0.0000000000
55672  -10.059  -26.124  32.886 0.0000000000
55673  -10.715  -26.462  32.387 0.0000000000
55674  -11.352  -26.696  31.938 0.0000000000
55675  -14.580  -26.533  32.761 0.0000000000
55689  -11.044  -26.191  31.711 0.0000000000
55690  -11.601  -26.323  31.404 0.0000000000
55691  -12.270  -26.612  31.331 0.0000000000
55692  -13.133  -26.553  31.246 0.0000000000
55693  -14.090  -26.495  31.753 0.0000000000
55705  -11.965  -26.192  31.056 0.0000000000
55706  -12.453  -26.077  30.887 0.0000000000
55707  -13.101  -25.856  30.814 0.0000000000
56784  -6.272  -25.584  43.883 0.0000000000
56785  -7.271  -25.728  43.646 0.0000000000
56786  -8.025  -25.918  43.427 0.0000000000
56799  -7.868  -25.360  43.321 0.0000000000
56800  -8.580  -25.402  42.968 0.0000000000
56801  -9.328  -25.373  42.388 0.0000000000
56802  -9.949  -25.745  42.188 0.0000000000
56814  -9.760  -25.180  41.911 0.0000000000
56815  -10.390  -25.489  41.618 0.0000000000
56816  -11.014  -25.737  41.302 0.0000000000
56827  -10.796  -25.181  41.071 0.0000000000
56828  -11.366  -25.445  40.703 0.0000000000
56829  -11.910  -25.675  40.319 0.0000000000
56837  -11.714  -25.146  40.105 0.0000000000
56838  -12.233  -25.363  39.596 0.0000000000
56846  -12.946  -25.465  38.574 0.0000000000
56847  -13.379  -25.949  38.316 0.0000000000
56860  -13.143  -25.104  38.011 0.0000000000
56861  -13.636  -25.679  37.579 0.0000000000
56862  -14.082  -26.114  36.989 0.0000000000
56879  -4.234  -26.002  36.680 0.0000000000
56880  -4.938  -26.200  36.599 0.0000000000
56881  -13.778  -25.169  36.872 0.0000000000
56882  -14.163  -25.649  36.430 0.0000000000
56895  -3.871  -25.361  35.975 0.0000000000
56896  -5.255  -25.602  35.692 0.0000000000
56897  -6.634  -25.764  35.408 0.0000000000
56898  -7.545  -26.087  35.346 0.0000000000
56899  -8.046  -26.353  35.384 0.0000000000
56900  -14.533  -25.618  35.286 0.0000000000
56917  -5.414  -25.025  34.850 0.0000000000
56918  -6.145  -25.092  34.577 0.0000000000
56919  -7.268  -25.535  34.614 0.0000000000
56920  -8.258  -26.109  34.756 0.0000000000
56921  -8.853  -26.344  34.556 0.0000000000
56922  -14.698  -25.615  34.262 0.0000000000
56937  -6.360  -24.741  33.956 0.0000000000
56938  -6.895  -24.976  33.871 0.0000000000
56939  -8.012  -25.317  33.611 0.0000000000
56940  -8.920  -26.025  33.969 0.0000000000
56941  -14.671  -25.603  33.272 0.0000000000
56951  -8.377  -24.984  32.898 0.0000000000
56952  -9.246  -25.426  32.697 0.0000000000
56953  -10.150  -25.837  32.415 0.0000000000
56954  -14.494  -25.564  32.293 0.0000000000
56964  -9.513  -24.949  31.750 0.0000000000
56965  -10.427  -25.488  31.559 0.0000000000
56966  -11.160  -25.913  31.358 0.0000000000
56967  -13.648  -25.797  31.163 0.0000000000
56968  -14.168  -25.394  31.460 0.0000000000
56976  -10.838  -25.137  30.763 0.0000000000
56977  -11.576  -25.607  30.817 0.0000000000
56978  -12.640  -25.389  30.496 0.0000000000
56979  -13.456  -25.249  30.690 0.0000000000
56980  -13.878  -25.252  31.021 0.0000000000
58056  -5.956  -24.758  43.579 0.0000000000
58057  -6.968  -24.951  43.524 0.0000000000
58058  -7.513  -25.159  43.398 0.0000000000
58073  -5.648  -24.043  43.010 0.0000000000
58074  -6.744  -24.153  43.066 0.0000000000
58075  -7.833  -24.610  42.977 0.0000000000
58076  -8.845  -24.544  42.164 0.0000000000
58077  -9.407  -24.900  41.942 0.0000000000
58087  -9.066  -24.075  41.652 0.0000000000
58088  -9.732  -24.480  41.361 0.0000000000
58089  -10.414  -24.884  41.149 0.0000000000
58099  -10.021  -24.040  40.705 0.0000000000
58100  -10.708  -24.450  40.480 0.0000000000
58101  -11.361  -24.861  40.238 0.0000000000
58112  -11.000  -24.038  39.820 0.0000000000
58113  -11.580  -24.468  39.611 0.0000000000
58114  -12.018  -24.769  39.413 0.0000000000
58124  -11.755  -24.198  39.122 0.0000000000
58125  -12.138  -24.547  38.973 0.0000000000
58139  -12.646  -24.582  38.140 0.0000000000
58140  -13.150  -24.812  37.655 0.0000000000
58155  -12.792  -24.270  37.506 0.0000000000
58156  -13.345  -24.556  36.964 0.0000000000
58157  -13.842  -24.843  36.460 0.0000000000
58168  -2.368  -24.556  35.740 0.0000000000
58169  -3.402  -24.607  35.394 0.0000000000
58170  -4.308  -24.898  35.224 0.0000000000
58171  -4.947  -24.881  34.923 0.0000000000
58172  -13.610  -24.286  36.236 0.0000000000
58173  -14.107  -24.632  35.715 0.0000000000
58187  -3.943  -24.412  34.969 0.0000000000
58188  -4.455  -24.337  34.685 0.0000000000
58189  -5.316  -24.437  34.301 0.0000000000
58190  -5.988  -24.556  33.973 0.0000000000
58191  -14.439  -24.689  34.725 0.0000000000
58208  -5.744  -24.123  33.685 0.0000000000
58209  -6.423  -24.280  33.433 0.0000000000
58210  -7.275  -24.588  33.220 0.0000000000
58211  -7.903  -24.710  32.936 0.0000000000
58212  -14.589  -24.678  33.760 0.0000000000
58227  -6.919  -24.026  32.877 0.0000000000
58228  -7.516  -24.160  32.617 0.0000000000
58229  -8.336  -24.477  32.338 0.0000000000
58230  -8.975  -24.696  31.966 0.0000000000
58231  -14.574  -24.694  32.797 0.0000000000
58243  -8.670  -24.204  31.739 0.0000000000
58244  -9.201  -24.309  31.396 0.0000000000
58245  -9.796  -24.710  31.221 0.0000000000
58246  -14.436  -24.648  31.865 0.0000000000
58255  -9.618  -24.186  30.902 0.0000000000
58256  -10.296  -24.500  30.608 0.0000000000
58257  -11.162  -24.751  30.277 0.0000000000
58258  -12.062  -24.797  30.057 0.0000000000
58259  -13.120  -24.509  30.120 0.0000000000
58260  -14.075  -24.534  30.882 0.0000000000
58267  -10.770  -24.151  29.966 0.0000000000
58268  -11.461  -24.128  29.680 0.0000000000
58269  -12.374  -23.960  29.560 0.0000000000
58270  -13.097  -23.636  29.676 0.0000000000
59416  -5.307  -23.400  42.559 0.0000000000
59417  -6.380  -23.338  42.324 0.0000000000
59418  -7.506  -23.732  42.412 0.0000000000
59419  -8.204  -24.040  42.347 0.0000000000
59434  -6.690  -22.917  41.780 0.0000000000
59435  -7.283  -23.175  41.814 0.0000000000
59436  -8.400  -23.477  41.584 0.0000000000
59437  -9.194  -23.835  41.334 0.0000000000
59453  -8.644  -22.955  40.904 0.0000000000
59454  -9.469  -23.374  40.636 0.0000000000
59455  -10.178  -23.821  40.371 0.0000000000
59471  -9.757  -22.964  39.885 0.0000000000
59472  -10.468  -23.435  39.659 0.0000000000
59473  -11.157  -23.873  39.474 0.0000000000
59492  -10.723  -23.129  38.888 0.0000000000
59493  -11.479  -23.630  38.761 0.0000000000
59494  -12.149  -24.108  38.448 0.0000000000
59512  -11.704  -23.264  37.923 0.0000000000
59513  -12.217  -23.765  37.876 0.0000000000
59526  -12.657  -23.602  36.961 0.0000000000
59527  -13.213  -23.835  36.408 0.0000000000
59541  -2.846  -23.991  35.253 0.0000000000
59542  -12.895  -23.205  36.211 0.0000000000
59543  -13.508  -23.561  35.634 0.0000000000
59544  -14.091  -23.959  35.043 0.0000000000
59558  -2.612  -23.401  34.943 0.0000000000
59559  -3.635  -23.748  34.759 0.0000000000
59560  -4.625  -23.579  34.140 0.0000000000
59561  -5.304  -23.769  33.748 0.0000000000
59562  -13.801  -23.319  34.819 0.0000000000
59563  -14.258  -23.706  34.213 0.0000000000
59578  -5.133  -23.220  33.591 0.0000000000
59579  -5.841  -23.391  33.216 0.0000000000
59580  -6.498  -23.631  32.899 0.0000000000
59581  -14.443  -23.839  33.256 0.0000000000
59600  -6.344  -23.110  32.635 0.0000000000
59601  -6.973  -23.359  32.344 0.0000000000
59602  -7.766  -23.715  32.083 0.0000000000
59603  -8.282  -23.868  31.804 0.0000000000
59604  -14.478  -23.865  32.384 0.0000000000
59617  -7.455  -23.112  31.777 0.0000000000
59618  -8.021  -23.356  31.583 0.0000000000
59619  -8.637  -23.599  31.269 0.0000000000
59620  -9.220  -23.798  30.946 0.0000000000
59621  -14.393  -23.801  31.562 0.0000000000
59631  -9.004  -23.371  30.735 0.0000000000
59632  -9.607  -23.572  30.391 0.0000000000
59633  -10.274  -23.790  30.031 0.0000000000
59634  -13.740  -23.543  30.258 0.0000000000
59635  -14.217  -23.572  30.923 0.0000000000
59642  -9.964  -23.308  29.760 0.0000000000
59643  -10.689  -23.431  29.421 0.0000000000
59644  -11.712  -23.417  29.139 0.0000000000
59645  -12.661  -22.993  29.112 0.0000000000
59646  -13.384  -23.010  29.638 0.0000000000
59658  -11.148  -22.921  28.828 0.0000000000
59659  -11.900  -22.738  28.687 0.0000000000
59660  -12.358  -22.479  28.744 0.0000000000
60668  -5.083  -22.749  42.193 0.0000000000
60669  -5.716  -22.972  42.202 0.0000000000
60680  -4.882  -22.053  41.704 0.0000000000
60681  -6.014  -22.487  41.611 0.0000000000
60682  -7.038  -22.676  41.381 0.0000000000
60683  -7.658  -22.924  41.418 0.0000000000
60691  -6.102  -21.840  41.042 0.0000000000
60692  -6.703  -22.076  40.895 0.0000000000
60693  -7.840  -22.476  40.778 0.0000000000
60694  -8.723  -22.660  40.451 0.0000000000
60708  -8.375  -22.199  40.073 0.0000000000
60709  -9.131  -22.447  39.749 0.0000000000
60710  -9.805  -22.737  39.411 0.0000000000
60728  -9.476  -22.274  39.057 0.0000000000
60729  -10.137  -22.559  38.742 0.0000000000
60730  -10.803  -22.866  38.435 0.0000000000
60747  -10.493  -22.345  38.080 0.0000000000
60748  -11.177  -22.632  37.746 0.0000000000
60749  -11.971  -22.986  37.355 0.0000000000
60764  -11.543  -22.367  36.957 0.0000000000
60765  -12.212  -22.583  36.447 0.0000000000
60781  -12.798  -22.542  35.545 0.0000000000
60782  -13.384  -22.820  34.998 0.0000000000
60799  -3.118  -22.915  34.453 0.0000000000
60800  -3.963  -22.957  34.277 0.0000000000
60801  -12.989  -22.241  34.725 0.0000000000
60802  -13.650  -22.612  34.168 0.0000000000
60803  -14.186  -23.100  33.555 0.0000000000
60818  -2.537  -22.599  33.876 0.0000000000
60819  -3.570  -22.545  33.788 0.0000000000
60820  -4.538  -22.730  33.592 0.0000000000
60821  -5.287  -22.769  33.159 0.0000000000
60822  -13.820  -22.493  33.235 0.0000000000
60823  -14.268  -23.102  32.788 0.0000000000
60841  -2.969  -22.390  33.051 0.0000000000
60842  -4.014  -22.242  32.986 0.0000000000
60843  -4.929  -22.291  32.805 0.0000000000
60844  -5.825  -22.481  32.347 0.0000000000
60845  -6.487  -22.817  32.237 0.0000000000
60846  -13.882  -22.333  32.194 0.0000000000
60847  -14.333  -23.189  32.073 0.0000000000
60859  -6.043  -22.098  31.667 0.0000000000
60860  -6.754  -22.405  31.538 0.0000000000
60861  -7.736  -22.793  31.278 0.0000000000
60862  -8.218  -23.127  31.216 0.0000000000
60863  -13.943  -22.291  31.108 0.0000000000
60864  -14.259  -22.995  31.417 0.0000000000
60876  -6.874  -22.016  30.950 0.0000000000
60877  -7.383  -22.151  30.682 0.0000000000
60878  -8.456  -22.823  30.685 0.0000000000
60879  -9.105  -23.077  30.392 0.0000000000
60880  -13.734  -22.454  30.193 0.0000000000
60881  -14.107  -22.955  30.731 0.0000000000
60891  -7.494  -21.852  30.108 0.0000000000
60892  -8.076  -22.135  29.968 0.0000000000
60893  -9.281  -22.642  29.667 0.0000000000
60894  -10.027  -22.997  29.392 0.0000000000
60895  -12.707  -22.092  28.824 0.0000000000
60896  -13.252  -22.259  29.392 0.0000000000
60912  -9.475  -22.252  28.910 0.0000000000
60913  -10.202  -22.531  28.798 0.0000000000
60914  -11.261  -22.264  28.377 0.0000000000
60915  -12.111  -22.066  28.421 0.0000000000
61937  -5.487  -21.599  41.165 0.0000000000
61952  -6.104  -21.261  40.444 0.0000000000
61953  -7.094  -21.636  40.208 0.0000000000
61954  -7.810  -21.815  39.978 0.0000000000
61968  -6.662  -21.074  39.722 0.0000000000
61969  -7.352  -21.270  39.373 0.0000000000
61970  -8.273  -21.698  39.358 0.0000000000
61971  -8.952  -21.861  39.025 0.0000000000
61983  -7.766  -21.170  38.793 0.0000000000
61984  -8.432  -21.295  38.495 0.0000000000
61985  -9.351  -21.714  38.430 0.0000000000
61986  -10.005  -21.867  38.089 0.0000000000
61997  -8.820  -21.143  37.915 0.0000000000
61998  -9.458  -21.287  37.571 0.0000000000
61999  -10.370  -21.736  37.448 0.0000000000
62000  -10.989  -21.925  36.995 0.0000000000
62007  -9.820  -21.147  36.967 0.0000000000
62008  -10.424  -21.294  36.529 0.0000000000
62009  -11.301  -21.781  36.213 0.0000000000
62010  -11.975  -21.975  35.653 0.0000000000
62022  -10.679  -21.166  35.790 0.0000000000
62023  -11.259  -21.267  35.137 0.0000000000
62024  -12.267  -21.797  34.910 0.0000000000
62039  -11.853  -21.249  34.456 0.0000000000
62040  -12.681  -21.627  33.911 0.0000000000
62041  -13.378  -22.129  33.598 0.0000000000
62057  -12.784  -21.170  32.902 0.0000000000
62058  -13.308  -21.846  33.036 0.0000000000
62073  -2.243  -21.896  32.511 0.0000000000
62074  -3.431  -21.881  32.299 0.0000000000
62075  -4.516  -21.884  32.225 0.0000000000
62076  -5.190  -22.031  32.232 0.0000000000
62077  -12.908  -21.013  32.445 0.0000000000
62078  -13.236  -21.393  32.313 0.0000000000
62092  -2.782  -21.279  31.742 0.0000000000
62093  -4.043  -21.357  31.568 0.0000000000
62094  -5.419  -21.594  31.473 0.0000000000
62095  -6.186  -21.883  31.336 0.0000000000
62096  -13.507  -21.589  31.522 0.0000000000
62108  -5.688  -21.143  30.778 0.0000000000
62109  -6.488  -21.502  30.616 0.0000000000
62110  -7.180  -21.719  30.242 0.0000000000
62111  -13.575  -21.633  30.674 0.0000000000
62121  -6.651  -21.051  29.885 0.0000000000
62122  -7.376  -21.364  29.564 0.0000000000
62123  -8.560  -21.843  29.188 0.0000000000
62124  -9.150  -22.102  28.999 0.0000000000
62125  -13.055  -21.385  29.147 0.0000000000
62126  -13.430  -21.563  29.877 0.0000000000
62141  -7.632  -20.928  28.900 0.0000000000
62142  -8.196  -21.154  28.696 0.0000000000
62143  -9.367  -21.536  28.344 0.0000000000
62144  -10.569  -21.692  28.017 0.0000000000
62145  -11.616  -21.344  27.959 0.0000000000
62146  -12.482  -21.286  28.509 0.0000000000
62157  -9.621  -20.998  27.777 0.0000000000
62158  -10.116  -21.073  27.674 0.0000000000
62159  -10.874  -21.026  27.601 0.0000000000
63246  -5.440  -20.493  40.053 0.0000000000
63247  -6.138  -20.678  39.720 0.0000000000
63258  -5.774  -20.193  39.446 0.0000000000
63259  -6.643  -20.519  38.976 0.0000000000
63260  -7.314  -20.890  38.787 0.0000000000
63270  -6.902  -20.138  38.464 0.0000000000
63271  -7.609  -20.516  38.184 0.0000000000
63272  -8.349  -20.865  37.941 0.0000000000
63283  -7.892  -20.100  37.565 0.0000000000
63284  -8.609  -20.493  37.283 0.0000000000
63285  -9.341  -20.867  37.015 0.0000000000
63292  -8.893  -20.050  36.694 0.0000000000
63293  -9.611  -20.439  36.398 0.0000000000
63294  -10.284  -20.827  36.005 0.0000000000
63302  -9.953  -19.952  35.899 0.0000000000
63303  -10.526  -20.376  35.406 0.0000000000
63304  -10.965  -20.722  34.930 0.0000000000
63317  -10.890  -19.891  34.938 0.0000000000
63318  -11.380  -20.383  34.497 0.0000000000
63319  -11.966  -20.962  34.039 0.0000000000
63335  -11.800  -19.930  33.956 0.0000000000
63336  -12.203  -20.434  33.490 0.0000000000
63349  -12.755  -20.464  32.360 0.0000000000
63350  -12.997  -20.952  32.220 0.0000000000
63363  -3.469  -20.448  31.062 0.0000000000
63364  -4.697  -20.846  30.934 0.0000000000
63365  -5.333  -21.013  30.840 0.0000000000
63366  -12.907  -20.263  31.406 0.0000000000
63367  -13.121  -20.928  31.812 0.0000000000
63377  -3.833  -19.928  30.718 0.0000000000
63378  -4.395  -20.140  30.585 0.0000000000
63379  -5.535  -20.426  30.240 0.0000000000
63380  -6.300  -20.844  30.039 0.0000000000
63381  -12.997  -20.337  30.535 0.0000000000
63382  -13.246  -20.956  31.045 0.0000000000
63393  -5.916  -19.982  29.614 0.0000000000
63394  -6.549  -20.407  29.435 0.0000000000
63395  -7.273  -20.672  28.998 0.0000000000
63396  -13.099  -20.721  29.756 0.0000000000
63397  -13.305  -21.030  30.360 0.0000000000
63413  -7.145  -20.145  28.762 0.0000000000
63414  -7.783  -20.419  28.484 0.0000000000
63415  -8.673  -20.563  28.043 0.0000000000
63416  -9.310  -20.789  27.836 0.0000000000
63417  -12.083  -20.386  28.297 0.0000000000
63418  -12.698  -20.473  29.021 0.0000000000
63430  -9.205  -20.280  27.694 0.0000000000
63431  -9.787  -20.441  27.598 0.0000000000
63432  -10.563  -20.406  27.558 0.0000000000
63433  -11.326  -20.388  27.761 0.0000000000
64642  -5.504  -19.549  39.542 0.0000000000
64643  -6.027  -19.773  39.089 0.0000000000
64659  -6.525  -19.684  38.735 0.0000000000
64660  -7.101  -19.687  38.350 0.0000000000
64676  -7.604  -19.665  37.891 0.0000000000
64677  -8.186  -19.604  37.436 0.0000000000
64678  -8.688  -19.247  37.244 0.0000000000
64690  -8.626  -19.770  36.972 0.0000000000
64691  -9.196  -19.419  36.724 0.0000000000
64692  -9.778  -19.085  36.462 0.0000000000
64703  -9.716  -19.637  36.226 0.0000000000
64704  -10.263  -19.296  35.892 0.0000000000
64705  -10.814  -18.919  35.521 0.0000000000
64713  -10.714  -19.545  35.291 0.0000000000
64714  -11.263  -19.185  34.880 0.0000000000
64715  -11.789  -18.892  34.318 0.0000000000
64729  -11.647  -19.549  34.253 0.0000000000
64730  -12.109  -19.279  33.714 0.0000000000
64745  -12.527  -19.430  32.810 0.0000000000
64757  -3.453  -19.533  30.910 0.0000000000
64758  -12.800  -19.421  31.860 0.0000000000
64770  -4.089  -19.484  30.553 0.0000000000
64771  -4.777  -19.591  30.204 0.0000000000
64772  -5.214  -19.741  29.967 0.0000000000
64773  -12.819  -19.404  30.907 0.0000000000
64784  -5.090  -19.353  29.898 0.0000000000
64785  -5.534  -19.525  29.682 0.0000000000
64786  -6.181  -19.488  29.295 0.0000000000
64787  -12.702  -19.637  29.861 0.0000000000
64801  -6.795  -19.530  28.805 0.0000000000
64802  -7.523  -19.565  28.364 0.0000000000
64803  -8.223  -19.754  27.987 0.0000000000
64804  -10.725  -19.071  27.908 0.0000000000
64805  -11.522  -19.444  28.221 0.0000000000
64806  -12.261  -19.522  28.937 0.0000000000
64817  -8.846  -19.805  27.733 0.0000000000
64818  -9.505  -19.714  27.635 0.0000000000
64819  -10.249  -19.709  27.603 0.0000000000
64820  -10.932  -19.771  27.674 0.0000000000
65983  -5.211  -18.959  39.870 0.0000000000
65984  -6.146  -18.892  39.459 0.0000000000
65985  -7.095  -18.630  39.276 0.0000000000
65986  -7.718  -18.384  39.061 0.0000000000
66004  -6.870  -19.199  38.863 0.0000000000
66005  -7.461  -19.005  38.502 0.0000000000
66006  -8.177  -18.512  38.468 0.0000000000
66007  -8.746  -18.351  38.156 0.0000000000
66027  -7.943  -19.122  37.971 0.0000000000
66028  -8.445  -18.879  37.756 0.0000000000
66029  -9.151  -18.562  37.512 0.0000000000
66030  -9.734  -18.226  37.261 0.0000000000
66045  -9.589  -18.719  36.900 0.0000000000
66046  -10.191  -18.347  36.648 0.0000000000
66047  -10.754  -17.907  36.287 0.0000000000
66062  -10.643  -18.504  35.982 0.0000000000
66063  -11.180  -18.017  35.577 0.0000000000
66076  -11.660  -18.145  34.691 0.0000000000
66077  -12.146  -18.247  33.991 0.0000000000
66105  -3.184  -18.750  31.271 0.0000000000
66118  -3.774  -18.795  30.775 0.0000000000
66119  -4.378  -18.883  30.324 0.0000000000
66133  -4.803  -19.046  29.999 0.0000000000
66134  -5.184  -18.854  29.746 0.0000000000
66135  -5.835  -18.708  29.397 0.0000000000
66148  -6.519  -18.726  28.938 0.0000000000
66149  -7.199  -18.775  28.511 0.0000000000
66150  -8.203  -18.760  28.069 0.0000000000
66161  -8.570  -19.354  27.841 0.0000000000
66162  -9.050  -19.134  27.780 0.0000000000
66163  -9.877  -18.999  27.779 0.0000000000
67280  -6.768  -18.175  39.845 0.0000000000
67281  -7.474  -17.792  39.709 0.0000000000
67282  -8.265  -17.748  39.200 0.0000000000
67283  -8.835  -17.450  38.926 0.0000000000
67298  -8.662  -17.968  38.632 0.0000000000
67299  -9.234  -17.699  38.339 0.0000000000
67300  -9.727  -17.354  38.025 0.0000000000
67317  -9.594  -17.880  37.726 0.0000000000
67318  -10.077  -17.542  37.462 0.0000000000
67332  -10.588  -17.396  36.869 0.0000000000
67406  -3.612  -18.297  31.170 0.0000000000
67424  -4.782  -18.532  30.089 0.0000000000
67425  -5.309  -18.069  29.838 0.0000000000
67445  -6.914  -18.274  28.810 0.0000000000
